20080530,A,37.17,37.5,36.86,37.39,25661
20080530,AA,40.6,41.09,39.8612,40.59,93095
20080530,AAPL,187.5,189.54,187.38,188.75,217922
20080530,ABC,41.65,41.86,41.1,41.33,11511
20080530,ABI,34.46,34.85,34.22,34.76,13583
20080530,ABK,3.23,3.24,3.03,3.13,63966
20080530,ABT,56.02,56.66,55.79,56.35,67053
20080530,ACAS,32.19,32.38,31.9981,32,19716
20080530,ACE,60.25,60.78,59.71,60.07,18786
20080530,ACS,54,54.36,53.73,54.2,6849
20080530,ADBE,44.08,44.38,43.68,44.06,58424
20080530,ADI,34.41,35.4,34.41,35.11,48101
20080530,ADM,39.81,39.96,39.31,39.7,124785
20080530,ADP,43.02,43.38,42.8,43.05,18971
20080530,ADSK,40.87,41.44,40.55,41.16,20411
20080530,AEE,45.82,45.91,45.38,45.45,7743
20080530,AEP,43.22,43.46,42.26,42.33,34305
20080530,AES,19.34,19.58,19.13,19.48,45261
20080530,AET,46.46,47.31,46.4,47.16,33684
20080530,AFL,67.79,67.79,66.75,67.13,24248
20080530,AGN,56.29,58.46,56.25,57.62,52696
20080530,AIG,36.59,36.98,35.9,36,282481
20080530,AIV,39.86,40.15,39.54,39.57,10318
20080530,AIZ,68.24,68.36,67.49,68.03,11708
20080530,AKAM,38.57,39.39,38.43,39.05,48089
20080530,ALL,51.25,51.35,50.69,50.94,38980
20080530,ALTR,22.82,23.23,22.76,23.14,69217
20080530,AMAT,19.78,19.97,19.63,19.81,150940
20080530,AMD,6.86,6.95,6.71,6.88,208718
20080530,AMGN,43.29,44.16,43.23,44.03,85057
20080530,AMP,47.15,47.8,46.96,47.26,30605
20080530,AMT,45.58,46,45.35,45.72,29792
20080530,AMZN,80.58,81.77,80.3,81.62,52722
20080530,AN,16.1,16.16,15.67,15.79,13940
20080530,ANF,73.8,73.8,72.5,72.6,14390
20080530,AOC,47.15,47.38,46.75,47.19,18150
20080530,APA,134,135.64,132.4,134.06,45858
20080530,APC,75.68,75.6899,74.42,74.97,53667
20080530,APD,101.11,102.1,100.65,101.92,10347
20080530,APOL,47.63,48.03,46.77,47.79,27664
20080530,ASH,55.68,56.2,53.4,53.67,20409
20080530,ATI,75.16,76.52,73.67,75,31062
20080530,AVB,102.64,102.85,100.88,101.2,7023
20080530,AVP,38.84,39.11,38.59,39.06,15968
20080530,AVY,50.88,51.79,50.63,51.58,10254
20080530,AW,13.4,13.52,13.34,13.47,46873
20080530,AXP,47.07,47.32,46.19,46.35,73770
20080530,AYE,54.08,55.08,54.07,54.75,24907
20080530,AZO,127.44,127.7,126.2,126.56,3625
20080530,BA,82.4,82.9401,81.01,82.77,46601
20080530,BAC,34.8,34.87,33.98,34.01,319738
20080530,BAX,60.79,61.42,60.73,61.1,20256
20080530,BBBY,32.11,32.11,31.39,31.86,30500
20080530,BBT,32.22,32.23,31.31,31.47,44763
20080530,BBY,46.2,46.99,45.72,46.69,57541
20080530,BC,14.01,14.12,13.39,13.7,41117
20080530,BCR,93.13,93.13,90.78,91.2,9975
20080530,BDK,64.06,64.87,64.02,64.7,7595
20080530,BDX,85.25,85.415,84,84.45,10585
20080530,BEN,100.01,102.49,99.63,101.22,21552
20080530,BF.B,74.95,75.79,74.88,75.18,3239
20080530,BHI,88.91,89.66,87.93,88.62,39766
20080530,BIG,31.25,31.28,30.34,31.06,34998
20080530,BIIB,63.58,63.9,62.57,62.75,24845
20080530,BJS,29.79,30.45,29.64,30.2,48025
20080530,BK,44.71,44.99,44.2,44.53,64426
20080530,BLL,54.22,54.6,53.53,54.3,11720
20080530,BMC,40.52,40.52,39.91,40.1,27939
20080530,BMS,27.07,27.3,26.44,26.6,11244
20080530,BMY,22.5,23,22.5,22.79,144514
20080530,BNI,111.63,113.56,110.84,113.05,28158
20080530,BRCM,27.5,29,27.37,28.69,176872
20080530,BRL,43.68,43.92,43.33,43.8,13612
20080530,BSC,9.62,9.62,9.33,9.33,116972
20080530,BSX,13.34,13.39,13.21,13.29,78726
20080530,BTU,72.99,74.49,72.26,73.92,40310
20080530,BUD,56.8,57.96,56.3,57.46,102965
20080530,BXP,98.46,99,96.92,97.74,18280
20080530,C,22.27,22.42,21.86,21.89,535493
20080530,CA,26.08,26.68,26.08,26.54,44386
20080530,CAG,23.2,23.63,23.07,23.58,34750
20080530,CAH,56.3,56.83,55.97,56.54,15627
20080530,CAM,52.15,53.67,52.04,53.23,28400
20080530,CAT,83.19,83.19,82.23,82.64,49216
20080530,CB,53.56,53.92,53.03,53.76,31453
20080530,CBE,45.74,46.72,45.71,46.63,9153
20080530,CBG,22.62,22.62,22.2,22.46,22325
20080530,CBS,21.55,21.821,21.52,21.58,74625
20080530,CCE,19.98,20.38,19.95,20.14,57444
20080530,CCL,39.1,40.2,38.85,40.06,55402
20080530,CCU,35.08,35.1,34.98,35.02,55331
20080530,CEG,86.9,87.37,86.23,86.23,17406
20080530,CELG,60.5,61.3,60.1,60.86,36292
20080530,CFC,5.49,5.5,5.26,5.26,212145
20080530,CHK,53.19,55.24,53.16,54.77,183002
20080530,CHRW,65.28,65.7,64.47,64.5,31958
20080530,CI,41.02,41.3,40.58,40.6,16676
20080530,CIEN,29.65,30.66,29.5001,30.56,39941
20080530,CINF,35.86,35.96,34.91,35.02,9627
20080530,CIT,10.98,10.98,9.98,10,204492
20080530,CL,73.57,74.5,73.37,74.36,63999
20080530,CLX,57.55,57.8,57.13,57.13,10918
20080530,CMA,36.96,37.45,36.92,37.18,26012
20080530,CMCSA,22.26,22.72,22.15,22.5,203231
20080530,CME,439.27,443.98,428.76,430.3,7500
20080530,CMI,69.93,71.1,68.97,70.42,20722
20080530,CMS,15.59,15.6,15.35,15.59,49158
20080530,CNP,17.12,17.25,16.79,16.94,69584
20080530,CNX,95.88,98.06,95.2,97.56,23592
20080530,COF,48.39,48.91,47.63,48.12,74845
20080530,COH,37.01,37.39,35.91,36.3,49082
20080530,COL,61.13,61.99,60.94,61.37,10274
20080530,COP,91.17,93.1,91.01,93.1,242521
20080530,COST,72.5,72.97,70.98,71.32,59088
20080530,COV,49.38,50.2,49,50.09,21492
20080530,CPB,33.12,33.57,33.05,33.48,17620
20080530,CPWR,10.25,10.28,10.06,10.19,39293
20080530,CSC,49.65,49.65,48.43,49.15,14210
20080530,CSCO,26.15,26.92,26.13,26.72,614363
20080530,CSX,69.38,69.84,68.3,69.06,33155
20080530,CTAS,29.64,29.84,29.04,29.52,10380
20080530,CTL,36.31,36.31,35.41,35.41,7121
20080530,CTSH,33.47,35.8,33.47,35.28,81499
20080530,CTX,19.45,19.52,18.65,18.83,42699
20080530,CTXS,34.47,34.72,34.03,34.23,23682
20080530,CVG,16.04,16.22,15.96,16.13,16746
20080530,CVH,46.14,46.48,45.62,46.03,8570
20080530,CVS,43.03,43.12,42.48,42.79,64902
20080530,CVX,99.13,99.49,98.35,99.15,118841
20080530,CZN,11.76,11.76,11.59,11.66,35072
20080530,D,46.08,46.57,45.8,46.3,23867
20080530,DD,47.86,48.43,47.82,47.91,43389
20080530,DDR,40.34,40.34,39.42,39.68,18287
20080530,DDS,16.02,16.28,15.65,16.28,14597
20080530,DE,81.75,82.26,81.17,81.34,38193
20080530,DELL,23.5,23.945,23.05,23.06,784976
20080530,DF,21.9,21.98,21.6,21.75,16880
20080530,DFS,17.28,17.45,16.76,17.15,40495
20080530,DGX,50.66,51.04,50.16,50.41,12086
20080530,DHI,12.74,12.96,12.6,12.71,58306
20080530,DHR,76.98,78.65,76.54,78.18,22249
20080530,DIS,33.98,34.05,33.48,33.6,127789
20080530,DOV,53.88,54.3,53.67,54.08,15011
20080530,DOW,40.67,40.89,40.15,40.4,63373
20080530,DRI,34.76,34.76,33.65,34.25,18218
20080530,DTE,44.63,44.82,44.02,44.24,19015
20080530,DTV,28,28.31,27.86,28.1,51261
20080530,DUK,18.5,18.57,18.34,18.48,70597
20080530,DVN,117.25,117.84,115.32,115.94,40443
20080530,DYN,9.45,9.5,9.29,9.42,84333
20080530,EBAY,29.81,30.04,29.55,30.01,101465
20080530,ECL,44.7,45.02,44.46,44.83,6587
20080530,ED,41.44,41.51,41.22,41.3,14868
20080530,EDS,24.46,24.53,24.45,24.49,90094
20080530,EFX,37.71,38.25,37.51,38.16,6302
20080530,EIX,52.44,53.5,52.32,53.23,19742
20080530,EK,15.51,15.55,15.26,15.32,26326
20080530,EL,47.71,47.95,47.52,47.6,10961
20080530,EMC,17.64,17.64,17.4,17.44,214685
20080530,EMN,76.68,78.29,75.85,76.61,8526
20080530,EMR,57.58,58.55,57.49,58.18,40928
20080530,EOG,128.07,130.31,125.74,128.63,50705
20080530,EP,19.55,19.8,19.37,19.55,93171
20080530,EQ,47.85,48.13,47.32,47.32,9975
20080530,EQR,42.51,42.67,42.06,42.29,17879
20080530,ERTS,50.06,50.55,49.94,50.2,32123
20080530,ESRX,72.43,72.6,71.31,72.11,24616
20080530,ESV,71.29,72.64,70.99,71.83,24965
20080530,ETFC,4.04,4.1,3.99,4.1,117814
20080530,ETN,94.55,97.45,94.55,96.68,30129
20080530,ETR,120.66,121.52,119.68,120.77,11269
20080530,EXC,89.27,89.64,87.83,88,46438
20080530,EXPD,47.15,47.39,46.51,47.08,12465
20080530,EXPE,24.04,24.29,23.66,24.25,45607
20080530,F,6.88,6.92,6.7,6.8,557483
20080530,FCX,114.77,116.6,114.08,115.71,74882
20080530,FDO,21,21.59,20.75,21.4,32679
20080530,FDX,92.5,92.68,91.5,91.71,18598
20080530,FE,79.39,80.06,78.38,78.71,12257
20080530,FHN,9.64,9.83,9.5,9.59,77477
20080530,FII,36.97,37.65,36.8,36.81,18396
20080530,FIS,40.78,41.01,40.23,40.28,31509
20080530,FISV,51.6,52.52,51.2,52.36,12543
20080530,FITB,19.07,19.14,18.59,18.7,98317
20080530,FLR,182.25,188.75,182,186.55,17006
20080530,FNM,27.15,27.84,26.76,27.02,117265
20080530,FO,69.55,69.83,69.07,69.48,6357
20080530,FPL,67.47,68.03,66.95,67.52,17919
20080530,FRE,25.92,26.29,25.35,25.42,46449
20080530,FRX,35.65,36.05,35.45,35.91,31608
20080530,GAS,41.06,41.12,40.71,40.83,6100
20080530,GCI,29.32,29.47,28.79,28.81,24387
20080530,GD,91.84,92.89,91.36,92.15,16830
20080530,GE,30.79,30.93,30.57,30.72,500400
20080530,GENZ,68.55,68.91,67.76,68.46,18653
20080530,GGP,42.1,42.3,41.28,41.56,21180
20080530,GILD,55.21,55.57,54.8,55.32,58110
20080530,GIS,63.03,63.55,62.66,63.2,31561
20080530,GLW,27.65,27.68,27.22,27.34,126719
20080530,GM,17.55,17.64,17.1,17.1,159235
20080530,GME,49.23,49.77,48.28,49.6,29265
20080530,GNW,22.43,22.54,22.08,22.1,35042
20080530,GOOG,583.47,589.92,581.3,585.8,32273
20080530,GPC,44.2,44.23,43.7,44.01,8489
20080530,GPS,18.5,18.5,18.03,18.25,76071
20080530,GR,62.65,65.13,62.41,64.81,23512
20080530,GS,177.8,178.86,175.85,176.41,56989
20080530,GT,25.26,25.46,24.84,25.41,31863
20080530,GWW,91.16,91.69,90.57,91.26,6274
20080530,HAL,48.88,49.28,48.33,48.58,110023
20080530,HAR,45.65,45.65,44.29,44.72,11449
20080530,HAS,35.58,36.27,35.42,36.24,28295
20080530,HBAN,9.09,9.18,8.9081,8.91,49137
20080530,HCBK,17.97,18.03,17.65,17.8,63837
20080530,HCP,34.57,34.57,33.97,34.26,16858
20080530,HD,27.75,27.75,27.35,27.36,117148
20080530,HES,121.03,123.32,118.55,122.81,51053
20080530,HIG,71.32,71.72,70.79,71.07,16694
20080530,HNZ,49.45,50.09,49.15,49.91,43135
20080530,HOG,40.6,41.75,40.37,41.57,28773
20080530,HON,59.4,60.02,59.18,59.62,32319
20080530,HOT,49.03,49.08,48.31,48.4,34077
20080530,HPC,20.4,20.68,20.23,20.63,10140
20080530,HPQ,47,47.6,46.92,47.06,175488
20080530,HRB,23.13,23.51,22.98,23.34,14330
20080530,HSP,41.26,42.01,41.23,41.94,13821
20080530,HST,17.46,17.66,17.03,17.19,69965
20080530,HSY,39.72,40.2,39.0675,39.19,33885
20080530,HUM,51.37,51.55,50.315,51.05,34106
20080530,IACI,22.9,23.14,22.5481,22.55,37118
20080530,IBM,129.22,129.99,128.8,129.43,86528
20080530,ICE,141.1,142.5,136.98,138.2,12980
20080530,IFF,41.53,42.11,41.5,41.96,8797
20080530,IGT,35.9,36,35.16,35.66,16447
20080530,INTC,23.28,23.55,23.07,23.18,554894
20080530,INTU,28.89,29.08,28.67,28.96,26964
20080530,IP,27.53,27.68,27.16,27.22,30411
20080530,IPG,9.91,10.03,9.795,9.97,58023
20080530,IR,43.94,44.41,43.64,44.04,27465
20080530,ITT,65.85,66.42,65.54,66,10938
20080530,ITW,53.46,54,53.17,53.7,38719
20080530,JAVA,13.15,13.15,12.91,12.95,284650
20080530,JBL,12.27,12.85,12.17,12.72,79063
20080530,JCI,33.78,34.14,33.74,34.06,32905
20080530,JCP,41.06,41.3,40.19,40.24,53182
20080530,JDSU,11.99,12.3719,11.94,12.37,62943
20080530,JEC,91.83,95.11,91.02,94.78,15191
20080530,JNJ,66.49,67.03,66.36,66.74,109949
20080530,JNPR,27.78,27.83,27.26,27.52,84419
20080530,JNS,28.57,29.3,28.46,29,24236
20080530,JNY,16.99,17.02,16.5316,16.82,13866
20080530,JPM,43.96,43.99,42.87,43,213949
20080530,JWN,35.76,35.95,34.76,34.98,76681
20080530,K,51.25,52.04,50.83,51.81,26795
20080530,KBH,21.17,21.17,20.32,20.51,25307
20080530,KEY,20.15,20.15,19.34,19.47,49175
20080530,KFT,32.97,32.99,32.41,32.48,62397
20080530,KG,10.33,10.35,10.12,10.26,19470
20080530,KIM,40.03,40.5,39.05,39.35,15698
20080530,KLAC,46.26,46.77,46.01,46.12,39254
20080530,KMB,64.5,64.5,63.8,63.8,19210
20080530,KO,57.69,57.99,57.02,57.26,134167
20080530,KR,27.64,27.81,27.38,27.64,26745
20080530,KSS,45.46,45.58,44.32,44.8,39368
20080530,LEG,19.4,19.44,19.02,19.1,30141
20080530,LEH,37.75,37.8,36.58,36.81,127270
20080530,LEN,17.45,17.59,16.59,16.88,46287
20080530,LH,73.64,73.86,73,73.79,11520
20080530,LIZ,17.7,17.75,17.05,17.46,28377
20080530,LLL,107.82,107.9,106.71,107.39,9034
20080530,LLTC,36.55,37.04,36.48,36.77,56150
20080530,LLY,48.51,48.72,48,48.14,40569
20080530,LM,54.46,54.48,53.7,53.81,14870
20080530,LMT,108.72,109.88,108.42,109.44,18040
20080530,LNC,55.57,55.99,54.85,55.16,15681
20080530,LOW,24.3,24.44,23.97,24,73880
20080530,LSI,7.21,7.27,7.14,7.27,98453
20080530,LTD,19.31,19.56,18.88,19.38,75752
20080530,LTR,49.49,50.88,49.05,49.57,89757
20080530,LUK,54.02,54.73,53.82,54.3,15285
20080530,LUV,13.29,13.29,12.95,13.06,56511
20080530,LXK,37.04,37.27,36.69,36.86,11245
20080530,M,23.9,23.93,23.5,23.67,48713
20080530,MAR,33.28,33.42,32.81,32.91,38195
20080530,MAS,18.58,18.83,18.41,18.54,48397
20080530,MAT,20.35,20.5,20.02,20.14,25252
20080530,MBI,7.37,7.37,6.95,6.96,54618
20080530,MCD,59.54,59.64,58.8,59.32,51321
20080530,MCHP,37.06,37.23,36.6,36.84,45400
20080530,MCK,57.51,57.79,56.91,57.65,20101
20080530,MCO,37.58,37.63,36.89,37.08,31628
20080530,MDP,33.33,33.33,32.66,32.81,5112
20080530,MDT,50.64,50.76,50.2,50.67,50948
20080530,MER,44.5,44.59,43.49,43.92,124883
20080530,MET,60.12,60.69,59.61,60.03,37409
20080530,MHP,41.6,41.72,39.57,41.49,26406
20080530,MHS,48.65,48.88,48.09,48.45,28419
20080530,MI,23.5,23.5,22.9,23.24,47559
20080530,MIL,72.79,73.19,72.19,72.65,5809
20080530,MKC,37.49,37.72,37.4,37.58,6353
20080530,MMC,27.63,27.72,27.13,27.23,16957
20080530,MMM,76.91,77.85,76.91,77.56,34866
20080530,MNST,24.27,25.09,23.99,24.69,34879
20080530,MO,22.54,22.55,22.21,22.26,102553
20080530,MOLX,28.41,28.64,27.74,27.84,14968
20080530,MON,124.65,128.45,124.26,127.4,45952
20080530,MOT,9.38,9.44,9.3,9.33,123547
20080530,MRK,39.18,39.26,38.53,38.96,139416
20080530,MRO,51.27,51.71,50.75,51.39,148097
20080530,MS,44.18,44.51,43.77,44.23,94724
20080530,MSFT,28.33,28.7,28.2,28.32,633991
20080530,MTB,87.99,88,85.9,86.66,7771
20080530,MTG,11.76,12.18,11.45,12.02,21534
20080530,MTW,39.37,39.71,38.83,38.9,15265
20080530,MU,8.15,8.24,7.99,8.07,164942
20080530,MUR,92.5,93.96,91.33,92.65,35146
20080530,MWV,26.17,26.22,25.7,25.73,19076
20080530,MYL,13.15,13.43,13.15,13.35,79466
20080530,NBL,96.87,98.3,96.16,97.45,21124
20080530,NBR,41.05,42.4,41.05,42.04,59632
20080530,NCC,5.73,5.94,5.57,5.84,323821
20080530,NE,63.56,64.33,62.89,63.14,49724
20080530,NEM,47.2,47.62,46.76,47.53,39529
20080530,NI,18.02,18.16,17.89,18.09,24206
20080530,NKE,68.72,68.88,67.16,68.37,26039
20080530,NOC,75.1,75.78,74.49,75.46,15648
20080530,NOV,81.6,84.2,81.6,83.32,60996
20080530,NOVL,6.9,7.1,6.82,7.08,68753
20080530,NSC,67.58,67.74,66.21,67.38,38771
20080530,NSM,20.82,21.39,20.82,21.05,62081
20080530,NTAP,24.38,24.56,24.11,24.38,52617
20080530,NTRS,75.96,76.39,75.27,76,13220
20080530,NUE,73.82,75.25,73.81,74.8,67778
20080530,NVDA,24.2,24.78,24.12,24.7,207563
20080530,NVLS,23.37,24.0901,23.25,23.89,74980
20080530,NWL,19.95,20.26,19.93,20.08,30449
20080530,NWS.A,18.42,18.53,17.94,17.95,127574
20080530,NYT,17.5,17.61,17.31,17.42,9323
20080530,NYX,64.93,64.93,63.71,63.92,22955
20080530,ODP,12.96,13.03,12.63,12.7,28151
20080530,OMC,48.83,49.37,48.77,49.01,13441
20080530,OMX,22.05,22.22,21.51,21.68,8433
20080530,ORCL,22.8,22.94,22.68,22.84,252580
20080530,OXY,91.64,92.52,90.83,91.93,76370
20080530,PAYX,35.01,35.19,34.47,34.55,34646
20080530,PBG,32.5,32.8,32.11,32.42,25661
20080530,PBI,36.23,36.47,36.23,36.31,12016
20080530,PCAR,53.07,53.73,52.77,53.39,20234
20080530,PCG,39.39,39.82,39.39,39.59,31497
20080530,PCL,45.57,47.47,45.44,46.65,32200
20080530,PCP,119,121.63,117.92,120.8,18508
20080530,PDCO,33.85,34.07,33.39,34.01,12761
20080530,PEG,43.97,44.41,43.74,44.26,17045
20080530,PEP,68.9,68.9,68.03,68.3,55697
20080530,PFE,19.47,19.5,19.29,19.36,371217
20080530,PFG,54.4,54.46,53.78,53.88,11835
20080530,PG,65.53,66.13,65.32,66.05,97617
20080530,PGN,42.56,43.09,42.48,42.76,20215
20080530,PGR,20.1,20.15,19.87,20.06,31501
20080530,PH,83.9,85.08,83.274,84.67,15195
20080530,PHM,12.41,12.62,12,12.23,41243
20080530,PKI,28.21,28.38,27.9,28.28,9134
20080530,PLD,62.5,62.66,61.63,61.93,15153
20080530,PLL,40.36,40.95,39.97,40.81,10523
20080530,PM,52.07,52.99,51.81,52.66,70477
20080530,PNC,65.85,65.85,63.93,64.25,25483
20080530,PNW,34,34.09,33.65,33.78,8786
20080530,POM,27.1,27.13,26.9,27.04,14287
20080530,PPG,63.75,64.13,62.73,63.03,10842
20080530,PPL,50.55,52,50.55,51.31,30478
20080530,PRU,76.78,76.78,74.23,74.7,26582
20080530,PSA,87.49,88.96,86.82,88.13,9763
20080530,PTV,25.13,25.16,24.27,24.63,18729
20080530,PX,95.03,95.98,94.3,95.06,13336
20080530,Q,4.78,4.9,4.73,4.85,148886
20080530,QCOM,49.45,49.5,48.5,48.54,202006
20080530,QLGC,15.76,15.97,15.67,15.79,45596
20080530,R,74.46,74.46,73.07,73.43,16144
20080530,RAI,55.2,55.64,54.84,54.92,31209
20080530,RDC,44.07,44.8,43.72,44.15,19300
20080530,RF,18.69,18.74,17.79,17.82,79197
20080530,RHI,24.58,24.67,24.12,24.58,17514
20080530,RIG,153.5,154.05,149.89,150.19,79704
20080530,RL,69.88,70.37,68.5,69.85,16775
20080530,ROH,54.75,55.01,53.8,53.98,12226
20080530,ROK,57.69,58.8,57.69,58.55,8229
20080530,RRC,65.42,66.71,64.47,65.76,37185
20080530,RRD,32.7,32.97,32.41,32.83,15706
20080530,RSH,14.34,14.75,14.14,14.65,71773
20080530,RTN,63.23,64.23,63.23,63.86,18802
20080530,RX,24.2,24.3,23.94,24.24,13291
20080530,S,9.3,9.582,9.27,9.36,186896
20080530,SAF,67.29,67.37,67,67,9592
20080530,SBUX,18.41,18.41,18,18.19,120065
20080530,SCHW,22.39,22.71,22.13,22.18,57765
20080530,SE,26.89,27.1,26.76,27.02,41432
20080530,SEE,24.36,24.5,23.95,24.36,15649
20080530,SGP,19.86,20.74,19.86,20.4,260354
20080530,SHLD,85.93,86.15,83.34,84.72,29047
20080530,SHW,56.51,56.64,56,56.15,7961
20080530,SIAL,58.32,58.92,58.06,58.76,11616
20080530,SII,78.55,79.79,78.29,78.92,23082
20080530,SLB,101.8,102.54,100.67,101.13,83620
20080530,SLE,13.59,13.83,13.58,13.78,38249
20080530,SLM,23.4,23.55,22.4,22.67,59302
20080530,SNA,61.5,61.95,61.09,61.92,4239
20080530,SNDK,28.12,28.66,28,28.31,52335
20080530,SO,36.45,36.46,36.17,36.2,28410
20080530,SOV,9.01,9.17,8.93,9.14,112681
20080530,SPG,100.07,100.25,98.66,99.36,12393
20080530,SPLS,23.48,23.56,23.22,23.45,45880
20080530,SRE,58.15,58.15,57.63,57.81,27596
20080530,SSP,47.41,47.41,46.98,47.1,16854
20080530,STI,53.18,53.18,51.76,52.21,27022
20080530,STJ,40.73,40.89,40.54,40.75,35908
20080530,STR,64.09,64.52,63.37,64.22,10986
20080530,STT,72.64,72.92,71.65,72.02,19829
20080530,STZ,21.06,21.61,21.06,21.32,18126
20080530,SUN,44.4,44.65,43.62,44.47,48341
20080530,SVU,34.84,35.33,34.35,35.07,22223
20080530,SWK,48.88,48.94,48.16,48.58,6683
20080530,SWY,31.7,32.01,31.46,31.87,27274
20080530,SYK,63.82,64.6,63.69,64.55,12242
20080530,SYMC,21.7,21.95,21.45,21.73,253409
20080530,SYY,30.99,31.01,30.5,30.86,33047
20080530,T,40.25,40.25,39.8,39.9,256912
20080530,TAP,58.16,58.48,57.455,58,14960
20080530,TDC,26.27,27.32,26.18,27.01,13432
20080530,TE,20.69,20.75,20.2,20.37,34649
20080530,TEG,51.41,51.81,51.07,51.35,5109
20080530,TEL,39.77,40.26,39.5,40.12,23927
20080530,TER,13.64,13.88,13.56,13.74,21416
20080530,TEX,71.5,71.78,70.2,71.35,16302
20080530,TGT,53.85,54,53.26,53.36,64028
20080530,THC,5.98,6.04,5.85,5.9,49824
20080530,TIE,17.26,17.54,17,17.4,19963
20080530,TIF,49.25,49.98,48.62,49.03,43955
20080530,TJX,32.19,32.25,31.7,32.06,29723
20080530,TLAB,5.46,5.53,5.38,5.44,130174
20080530,TMK,63.68,63.82,63.14,63.41,4526
20080530,TMO,58.65,59.19,58.44,59.02,16911
20080530,TROW,59.77,60.04,57.72,57.92,47839
20080530,TRV,49.64,50.01,49.15,49.81,31752
20080530,TSN,18.7,18.93,18.47,18.84,37004
20080530,TSO,23.67,25.17,23.36,24.85,134923
20080530,TSS,24.77,24.77,24.195,24.52,5408
20080530,TT,46.35,46.55,46.35,46.42,25954
20080530,TWX,16.14,16.14,15.83,15.88,407141
20080530,TXN,32.75,32.96,32.43,32.48,180572
20080530,TXT,61.76,65.52,61.6,62.55,23115
20080530,TYC,45.12,45.29,44.88,45.19,22676
20080530,UIS,4.92,5.09,4.88,5.06,26985
20080530,UNH,34.58,34.73,34.06,34.21,76433
20080530,UNM,24.6,24.73,23.97,24.08,28127
20080530,UNP,80.59,82.61,80.2,82.31,60568
20080530,UPS,71.67,71.72,70.86,71.02,45344
20080530,USB,33.31,33.39,32.95,33.19,94210
20080530,UST,55.89,55.89,54.85,55.23,19872
20080530,UTX,70.3,71.23,69.76,71.04,53055
20080530,VAR,47.26,47.765,47.25,47.54,7784
20080530,VFC,77.44,77.44,74.81,75.7,7120
20080530,VIA.B,35.63,36.02,35.08,35.82,35006
20080530,VLO,49.2,51.2,48.78,50.84,143316
20080530,VMC,76.35,77.63,75.92,76.93,19988
20080530,VNO,98.15,98.56,97.19,97.73,7455
20080530,VRSN,40.1,40.34,39.77,40.04,26781
20080530,VZ,38.41,38.87,38.17,38.47,118343
20080530,WAG,35.9,36.19,35.8124,36.02,42193
20080530,WAT,61.54,62.08,61.4,61.52,13587
20080530,WB,24.39,24.42,23.74,23.8,195931
20080530,WEN,29.83,29.93,29.42,29.66,27427
20080530,WFC,28.29,28.29,27.5,27.57,194118
20080530,WFMI,29.2,29.2,28.81,29,32722
20080530,WFR,68.39,70.37,68.14,68.66,63941
20080530,WFT,44.19,46.18,44.19,45.63,103159
20080530,WHR,74.39,74.58,73.24,73.68,7489
20080530,WIN,13.5,13.51,13.27,13.34,61699
20080530,WLP,56.5,56.776,55.69,55.82,46015
20080530,WM,9.19,9.75,8.89,9.02,344996
20080530,WMB,37.8,38.25,37.46,38.04,37468
20080530,WMI,37.51,38,37.43,37.93,46088
20080530,WMT,57.9,58.08,57.5,57.74,121245
20080530,WPI,28.28,28.65,28.28,28.56,8069
20080530,WPO,645,645,626.65,628.42,636
20080530,WU,22.83,23.7,22.83,23.64,62807
20080530,WWY,77,77.13,76.9,77.13,20506
20080530,WY,67.32,68.65,61.59,62.33,84127
20080530,WYE,44.53,44.92,44.19,44.47,59688
20080530,WYN,22.15,22.225,21.83,21.88,16649
20080530,X,172.5,176.79,172.02,172.71,53719
20080530,XEL,21.26,21.42,21.2,21.31,21496
20080530,XL,34.65,35.2,34.032,34.91,36378
20080530,XLNX,27.01,27.34,27.01,27.2,55143
20080530,XOM,89.58,89.86,88.42,88.76,271254
20080530,XRX,13.75,13.8,13.56,13.58,77797
20080530,XTO,62.54,63.98,62.25,63.62,73249
20080530,YHOO,27.07,27.1,26.63,26.76,177717
20080530,YUM,40.15,40.15,39.39,39.7,32616
20080530,ZION,43.62,43.69,42.77,43.09,23285
20080530,ZMH,73.07,73.21,72.27,72.8,10548
