20080410,A,31,31.25,30.77,30.94,25652
20080410,AA,36.77,37.11,35.18,36.11,151572
20080410,AAPL,151.11,155.42,150.6,154.55,341603
20080410,ABC,39.64,40.1,39,39.96,19550
20080410,ABI,31.73,31.94,31.58,31.82,17613
20080410,ABK,5.66,5.66,5.1,5.27,83875
20080410,ABT,54.05,54.29,53.57,53.91,42249
20080410,ACAS,34.16,35.45,34.16,34.8,32089
20080410,ACE,57.47,57.73,56.43,56.78,16473
20080410,ACS,49.86,50.6,49.8,50.57,3493
20080410,ADBE,36.4,37.19,36,37.09,84125
20080410,ADI,30.71,31.75,30.6,31.56,61794
20080410,ADM,43.62,43.72,42.81,42.96,42435
20080410,ADP,42.77,43.09,42.44,42.83,18660
20080410,ADSK,32.57,33.19,32.22,33.11,24100
20080410,AEE,45.18,45.25,44.41,44.6,9954
20080410,AEP,43.03,43.89,42.55,43.48,37206
20080410,AES,17.45,17.48,16.96,17.06,50213
20080410,AET,41.63,42.54,41.62,42.13,30509
20080410,AFL,66.59,67.27,65.91,66.39,27933
20080410,AGN,58.36,58.68,57.93,57.96,23588
20080410,AIG,45.48,46.43,45.22,45.56,102630
20080410,AIV,37.25,37.86,36.63,37.64,15718
20080410,AIZ,62.58,62.6,61.53,61.99,9341
20080410,AKAM,31.1,31.77,30.66,31.44,40364
20080410,ALL,48.33,48.93,47.97,48.59,26653
20080410,ALTR,19.07,19.56,19.01,19.42,70107
20080410,AMAT,19.81,20.42,19.76,20.18,258615
20080410,AMD,6.27,6.48,6.23,6.27,216857
20080410,AMGN,43.26,44.74,43.26,43.98,142976
20080410,AMP,52.74,53.88,52.57,53.07,15289
20080410,AMT,39.99,39.99,38.96,39.48,33095
20080410,AMZN,74.48,75.49,72.73,74.83,62560
20080410,AN,14.93,15.49,14.87,15.2,22341
20080410,ANF,72.65,75.89,72.36,74.01,43272
20080410,AOC,43.73,44.18,43.42,44,19866
20080410,APA,134.54,135.194,132.11,134.26,47960
20080410,APC,65.39,65.85,64.45,65.14,46469
20080410,APD,96.53,97.16,95.44,96.59,9503
20080410,APOL,46.76,50.04,46.76,48.88,51617
20080410,ASH,50.95,51.36,50.42,51.17,5043
20080410,ATI,80.96,81.75,78.88,81.21,12378
20080410,AVB,98.14,98.44,96.27,97.27,17355
20080410,AVP,39.52,40.4,39.46,40.22,24047
20080410,AVY,51.5,51.85,50.76,51.2,9958
20080410,AW,11.28,11.28,11.15,11.25,28499
20080410,AXP,45,45.91,44.18,45.06,83696
20080410,AYE,53.3,53.39,52.64,52.86,8297
20080410,AZO,113.83,117.3,113.65,116.61,7099
20080410,BA,78.45,79.05,77.79,78.43,78737
20080410,BAC,37.94,38.3,37.36,37.69,374075
20080410,BAX,60.22,60.98,59.85,60.7,29723
20080410,BBBY,28.5,30.42,28.4,29.67,166290
20080410,BBT,33.13,33.13,31.7091,32.5,63023
20080410,BBY,41.36,42.75,41.28,42.09,50407
20080410,BC,16.27,16.51,16.0275,16.18,11915
20080410,BCR,96.97,97.13,95.81,96.12,6516
20080410,BDK,67.68,67.73,66.27,67.43,9502
20080410,BDX,85.72,86.1,85.34,85.63,6382
20080410,BEN,99.79,102.36,99.13,100.87,18085
20080410,BF.B,69.88,72.3,69.22,71.6,3788
20080410,BHI,72,72.99,71.31,72.76,39384
20080410,BIG,21.3,21.93,20.96,21.69,34735
20080410,BIIB,64.95,67.45,64.89,66.43,35822
20080410,BJS,28.98,29.11,28.36,28.6,57744
20080410,BK,43.29,44.17,43,43.26,71289
20080410,BLL,46.4,46.75,45.79,46.69,6099
20080410,BMC,31.42,31.8,30.97,31.55,26903
20080410,BMS,26,26.17,25.75,25.94,13268
20080410,BMY,21.56,22.32,21.56,22.09,200408
20080410,BNI,93,93.87,91.71,93.35,23606
20080410,BRCM,21.05,21.78,20.92,21.7,155131
20080410,BRL,51.14,51.8,51.14,51.54,6728
20080410,BSC,10.33,10.43,10.14,10.2,85633
20080410,BSX,13.51,13.5501,13.22,13.27,77044
20080410,BTU,59.65,61.54,58.91,61.23,58389
20080410,BUD,47.97,48.9,47.94,48.51,28214
20080410,BXP,93.4,95.67,93.26,95.05,25186
20080410,C,23.51,24.07,23.1,23.71,790373
20080410,CA,22.67,22.8,22.24,22.46,36550
20080410,CAG,24.52,24.59,24.34,24.36,52750
20080410,CAH,52.04,52.88,51.31,52.1,28226
20080410,CAM,46.32,46.92,45.4,46.54,26238
20080410,CAT,76.02,76.93,75.5,75.71,69945
20080410,CB,50.09,50.13,49.39,49.69,37947
20080410,CBE,41.29,42.27,40.92,42.04,14905
20080410,CBG,20.84,20.84,20.08,20.23,38608
20080410,CBS,21.94,22.42,21.8,22.07,29262
20080410,CCE,23.41,23.77,23.27,23.67,27338
20080410,CCL,40.11,40.82,39.85,40.26,32410
20080410,CCU,28.41,28.9,28.41,28.9,52353
20080410,CEG,90.1,91.62,89.85,90.87,16574
20080410,CELG,62,64.54,61.79,63.89,37476
20080410,CFC,5.65,5.85,5.57,5.7,198218
20080410,CHK,49.32,49.575,48.38,49,95000
20080410,CHRW,58.1,58.1,57.01,57.75,21668
20080410,CI,42.6,43.38,42,42.85,17086
20080410,CIEN,31.53,31.82,30.14,31.15,24745
20080410,CINF,38.2,38.2,37.37,37.78,11975
20080410,CIT,12.86,13.37,11.4,12.36,146013
20080410,CL,78.49,79.26,78.38,78.73,25430
20080410,CLX,55.78,55.97,55.44,55.67,7613
20080410,CMA,35.13,35.8,34.57,35.08,19696
20080410,CMCSA,20.1,20.22,19.83,19.96,155365
20080410,CME,499.75,506.19,491.64,499.61,4843
20080410,CMI,49.37,50.84,48.91,50.51,14917
20080410,CMS,14.16,14.35,14.06,14.33,44000
20080410,CNP,15.13,15.22,14.99,15.03,27027
20080410,CNX,76.69,78.87,75.58,77.9,27107
20080410,COF,49.7,50.7,48.71,49.62,97703
20080410,COH,31.22,31.35,30.03,30.97,78588
20080410,COL,63.42,63.46,62.43,63.26,10905
20080410,COP,79.59,80,78.48,79.32,99519
20080410,COST,66.17,67.28,65.93,66.52,48914
20080410,COV,45.9,46.12,45.48,46.03,14850
20080410,CPB,33.58,33.86,33.3,33.35,16064
20080410,CPWR,7.19,7.41,7.16,7.29,27458
20080410,CSC,41.78,42.1,41.41,41.86,8635
20080410,CSCO,23.73,24.21,23.36,24.04,625887
20080410,CSX,56.67,56.77,55.04,56.56,37357
20080410,CTAS,29.19,29.83,29,29.24,7645
20080410,CTL,31.6,31.82,31.22,31.31,8212
20080410,CTSH,27.54,28.28,27.18,27.99,58741
20080410,CTX,23.36,25.2,23.36,24.54,60208
20080410,CTXS,32.41,33.1,32.1,32.9,29997
20080410,CVG,14.96,15.21,14.96,15.11,7641
20080410,CVH,42,42.3499,41.88,42.1,14459
20080410,CVS,40.51,41.33,40.28,41.07,88152
20080410,CVX,90.19,90.4,88.93,89.6,91197
20080410,CZN,10.53,10.63,10.33,10.38,31107
20080410,D,43.58,43.64,42.94,43.37,33079
20080410,DD,49.65,49.85,48.68,49.64,99358
20080410,DDR,42.29,42.92,41.84,42.59,12657
20080410,DDS,20.4,21.67,19.83,21.14,13299
20080410,DE,87,87.9392,85.63,86.91,30826
20080410,DELL,18.65,19.05,18.63,18.77,307801
20080410,DF,20.68,20.68,20.24,20.33,9246
20080410,DFS,17.73,17.91,17.12,17.8,40313
20080410,DGX,46.53,46.88,46.38,46.65,11291
20080410,DHI,15.6,16.5,15.6,16.1,93040
20080410,DHR,77.49,78.11,77.14,77.79,17409
20080410,DIS,30.79,31.56,30.72,31.35,121835
20080410,DOV,43.28,43.86,43,43.76,18417
20080410,DOW,38.84,39.18,38.4,38.6,58769
20080410,DRI,33.004,34.57,33.004,34.38,16771
20080410,DTE,40.5,40.58,40.18,40.44,12691
20080410,DTV,26.18,26.34,25.9,26.21,55671
20080410,DUK,18.39,18.49,18.26,18.35,57431
20080410,DVN,111.32,112.93,110.3,111.69,31839
20080410,DYN,8.56,8.58,8.35,8.43,63750
20080410,EBAY,31.47,32.13,31.47,31.96,96227
20080410,ECL,44.5,45.27,44.19,44.97,14233
20080410,ED,41.82,41.82,41.06,41.12,21582
20080410,EDS,16.67,17.29,16.67,17.25,34965
20080410,EFX,35,35.24,34.84,35,5746
20080410,EIX,51.09,51.3,50.79,50.95,13015
20080410,EK,18.42,18.85,18.3,18.51,17835
20080410,EL,44.96,45.62,44.77,45.44,16698
20080410,EMC,14.71,15.29,14.71,15.21,305982
20080410,EMN,69.58,70.56,69.32,69.98,10739
20080410,EMR,51.8,52.14,51.18,51.56,52139
20080410,EOG,127.45,130.47,127.45,129.82,26616
20080410,EP,17.33,17.39,17,17.1,72875
20080410,EQ,39.51,39.51,38.98,39.09,10906
20080410,EQR,40.98,41.18,40.46,40.87,34256
20080410,ERTS,51.04,51.86,50.38,51.35,19765
20080410,ESRX,66.9,67.3,64.7,64.97,31214
20080410,ESV,67.12,67.39,65.66,66.43,29881
20080410,ETFC,4.19,4.21,3.85,3.91,343094
20080410,ETN,79.77,80.32,79.46,79.98,16810
20080410,ETR,110.87,111.53,108.36,108.68,25283
20080410,EXC,82.84,83.71,82.3,82.83,32251
20080410,EXPD,45.81,46.5,45.13,46.14,15503
20080410,EXPE,23.87,24.39,23.65,24.27,22756
20080410,F,6.72,6.82,6.6,6.74,474692
20080410,FCX,110.24,110.6,106.69,109.65,93590
20080410,FDO,18.6,19.94,18.5,19.54,32091
20080410,FDX,93,94.88,92.5,94.34,20687
20080410,FE,72.98,74.11,72.39,73.65,33447
20080410,FHN,13.05,14.49,12.91,13.3,32959
20080410,FII,34.19,35.87,34.05,35.44,25626
20080410,FIS,36.46,36.65,35.84,36.12,17277
20080410,FISV,50.49,51.16,50.17,50.61,11370
20080410,FITB,21.48,21.92,21.08,21.36,87929
20080410,FLR,151,153.68,148.46,152.4,8930
20080410,FNM,28.1,28.7,26.3,26.53,199330
20080410,FO,71.97,72.45,71.55,71.73,7507
20080410,FPL,65.75,65.88,64.65,65.15,15233
20080410,FRE,24.65,25.78,23.51,23.91,156749
20080410,FRX,39.56,40.7,39.48,40.64,17533
20080410,GAS,34.19,34.33,33.87,34.03,4578
20080410,GCI,28.72,28.89,28.24,28.59,14897
20080410,GD,84.81,85.29,84.33,84.76,14153
20080410,GE,36.4,37.07,36.16,36.75,444250
20080410,GENZ,72.92,75.15,72.78,74.7,24704
20080410,GGP,39.55,39.55,37.94,38.7,33278
20080410,GILD,51.1,52.52,51.03,52.09,63815
20080410,GIS,60.4,60.4,59.7,59.81,18722
20080410,GLW,25.32,25.63,25.18,25.37,121064
20080410,GM,20.16,20.95,20,20.17,158558
20080410,GME,53.59,55.56,53.59,55.19,30140
20080410,GNW,23.12,23.55,23.03,23.3,25014
20080410,GOOG,464.96,473.864,461.85,469.08,50736
20080410,GPC,41.13,41.63,41,41.4,5683
20080410,GPS,18.85,19.18,18.46,18.47,163774
20080410,GR,59.14,60.12,58.82,59.77,15319
20080410,GS,173.9,173.9,168.87,170.55,147533
20080410,GT,25.5,26.72,25.33,26.05,23087
20080410,GWW,80.81,80.989,79.23,80,13019
20080410,HAL,42.61,43.69,42.61,43.54,180342
20080410,HAR,39.46,40.03,39.31,39.61,8374
20080410,HAS,29.25,30.59,29.17,30.39,22135
20080410,HBAN,10.52,10.87,10.36,10.57,52815
20080410,HCBK,17.83,17.88,17.51,17.62,84756
20080410,HCP,35.14,36.55,34.9,36.09,26537
20080410,HD,27.62,28.85,27.62,28.38,198906
20080410,HES,98.28,98.28,95.52,96.53,29290
20080410,HIG,73.17,74.95,73.04,74.36,19153
20080410,HNZ,46.63,47.22,46.43,46.81,28211
20080410,HOG,37.61,38.72,37.58,37.92,12238
20080410,HON,58.24,59.31,57.5,58.8,49626
20080410,HOT,49.22,50.57,48.7,50.36,26924
20080410,HPC,19.26,19.62,18.95,19.5,7044
20080410,HPQ,45.9,46.83,45.9,46.57,108480
20080410,HRB,21.01,21.6,21.01,21.33,17866
20080410,HSP,42.2,42.4,41.81,42.03,18498
20080410,HST,16.82,17.31,16.7,17.2,56422
20080410,HSY,38.42,38.51,38.2,38.35,7175
20080410,HUM,42.75,44.39,42.71,44.18,39123
20080410,IACI,20.78,21.255,20.77,21.13,22953
20080410,IBM,116.93,119.22,116.8789,118.78,91493
20080410,ICE,145.86,150.5,144.66,150.16,13767
20080410,IFF,44.98,45.2,44.64,45.03,5571
20080410,IGT,38.55,39.29,38.33,38.7,31977
20080410,INTC,21.56,22.44,21.55,22.08,720635
20080410,INTU,27.79,28.19,27.4,28.02,17607
20080410,IP,28.03,28.04,27.5,27.66,52001
20080410,IPG,8.07,8.12,7.9,8,29032
20080410,IR,43.95,44.61,43.44,44.42,27621
20080410,ITT,55.66,56.96,55.16,56.59,19647
20080410,ITW,49.8,51,49.6,50.84,20833
20080410,JAVA,15.19,15.55,15.15,15.3,87242
20080410,JBL,9.92,10.11,9.8301,10.04,26913
20080410,JCI,34.68,34.79,34.11,34.25,22988
20080410,JCP,38.52,40.47,38.52,40.07,47785
20080410,JDSU,14.17,14.53,13.98,14.37,44914
20080410,JEC,78.52,79.59,77.14,79.39,10938
20080410,JNJ,66.26,66.57,66.15,66.33,82720
20080410,JNPR,22.98,23.4401,22.98,23.31,135907
20080410,JNS,24.94,25.62,24.73,25.42,27599
20080410,JNY,13.29,13.68,13.25,13.44,8363
20080410,JPM,44.2,44.81,43.58,43.86,322701
20080410,JWN,32.39,34.83,32.39,34.39,65933
20080410,K,52.98,53.1,52.39,52.58,13792
20080410,KBH,24.46,25.53,24.33,24.72,45966
20080410,KEY,23.38,24.33,23.21,23.98,40181
20080410,KFT,31.5,31.55,30.94,30.98,108126
20080410,KG,8.86,8.91,8.77,8.83,17100
20080410,KIM,38.34,39.26,38.08,38.85,14693
20080410,KLAC,42.48,43.48,41.91,43.18,40496
20080410,KMB,63.52,63.75,63.23,63.46,31745
20080410,KO,60.88,61.48,60.47,61.33,74211
20080410,KR,24.25,24.75,24.11,24.54,73926
20080410,KSS,41.84,44.2,41.66,43.72,102615
20080410,LEG,15.51,15.71,15.35,15.48,16908
20080410,LEH,39.6,41.57,38.72,40.25,323849
20080410,LEN,18.54,19.41,18.4551,18.79,65378
20080410,LH,74.86,74.94,74.23,74.74,7452
20080410,LIZ,17.71,18.14,17.69,17.81,14358
20080410,LLL,111.61,112,110.85,111.19,5612
20080410,LLTC,31.46,32.5,31.29,32.06,63117
20080410,LLY,51.67,52.75,51.67,52.39,54585
20080410,LM,57.11,58.66,56.9,57.71,9933
20080410,LMT,103.32,103.32,102.35,102.81,12579
20080410,LNC,52.76,52.82,51.87,52.15,20417
20080410,LOW,23.29,24.82,23.27,24.53,218433
20080410,LSI,5.48,5.81,5.46,5.61,113040
20080410,LTD,17,18.03,16.8,17.45,74711
20080410,LTR,41.41,41.75,41.23,41.54,18505
20080410,LUK,51.53,52.21,50.78,51.42,9762
20080410,LUV,12.48,12.97,12.48,12.94,65598
20080410,LXK,30.55,33.08,30.55,32.91,36575
20080410,M,23.21,24.04,22.95,23.63,61542
20080410,MAR,34.03,34.76,33.68,34.15,22765
20080410,MAS,19.14,19.43,18.87,19.26,35235
20080410,MAT,20.75,21.49,20.55,21.32,19634
20080410,MBI,12.25,12.3,11.76,11.89,31599
20080410,MCD,55.59,56.21,55.59,55.85,67627
20080410,MCHP,33.78,34.46,33.485,34.07,24940
20080410,MCK,52.71,53.27,52.34,52.72,35361
20080410,MCO,36.94,37.56,36.8,37.09,19810
20080410,MDP,37.76,37.76,37.3,37.43,4526
20080410,MDT,49.68,50.31,49.59,50.06,39689
20080410,MER,45.85,46.57,44.08,44.67,237214
20080410,MET,61.96,62.32,61.25,61.8,30190
20080410,MHP,37.5,37.88,37.07,37.37,20841
20080410,MHS,43.66,44.9,43.38,44.69,46523
20080410,MI,22.57,23.21,22.22,22.69,23326
20080410,MIL,68.07,69.2,67.7,68.64,3785
20080410,MKC,37.53,37.53,37.02,37.19,7258
20080410,MMC,25.13,25.84,25.01,25.82,36811
20080410,MMM,79.69,80.91,79.45,80.35,37472
20080410,MNST,23.37,23.64,23,23.08,35146
20080410,MO,20.9,21.83,20.85,21.69,278306
20080410,MOLX,24.32,24.46,24.19,24.36,9144
20080410,MON,121.02,121.48,118.12,120.27,42984
20080410,MOT,9.3,9.32,8.96,9.11,483651
20080410,MRK,41.64,42.19,41.38,41.71,166169
20080410,MRO,47.23,47.28,45.46,45.74,85520
20080410,MS,45.74,46.32,44.23,44.44,166244
20080410,MSFT,28.83,29.4,28.8,29.11,655969
20080410,MTB,84.13,85.77,83.33,84.9,11106
20080410,MTG,10.9,10.96,10.5,10.89,29269
20080410,MTW,42.48,42.85,40.89,42,26380
20080410,MU,6.88,7.05,6.79,6.99,204493
20080410,MUR,86.65,86.92,84.21,85.29,11167
20080410,MWV,27.53,27.68,27.12,27.56,14594
20080410,MYL,12.38,12.38,12,12.18,94916
20080410,NBL,82.85,83.72,81.85,83.57,14726
20080410,NBR,35.68,35.68,34.6,34.91,57840
20080410,NCC,8.52,9.15,8.02,8.91,347545
20080410,NE,53.91,54.52,53.55,54.3,40028
20080410,NEM,46.68,47.1,46.01,46.99,47866
20080410,NI,17.85,17.89,17.54,17.66,22422
20080410,NKE,66.32,68.02,65.9,67.37,43665
20080410,NOC,77.81,78.3,77.57,78.06,11396
20080410,NOV,69.37,70.18,68.5,70.16,59407
20080410,NOVL,6.1,6.12,6,6.04,33103
20080410,NSC,54.9,55.67,54.36,55.45,29549
20080410,NSM,20.47,20.81,19.92,20.66,76513
20080410,NTAP,21.35,22.25,21.18,21.96,67668
20080410,NTRS,66.8,67.7,65.66,66.77,28121
20080410,NUE,69.54,71.95,69.12,71.65,42817
20080410,NVDA,19.62,20.51,19.29,19.88,274066
20080410,NVLS,21.42,22.23,21.26,22.13,52990
20080410,NWL,22.97,23.06,22.74,22.86,12567
20080410,NWS.A,18.98,19.07,18.78,18.89,76945
20080410,NYT,19.5,19.81,19.08,19.66,9121
20080410,NYX,66.36,66.69,65.41,66.09,27625
20080410,ODP,11.2,11.45,11,11.07,64326
20080410,OMC,44.44,44.66,44.03,44.34,22259
20080410,OMX,19.4,20.375,19.36,19.88,6885
20080410,ORCL,20.19,20.8,20.16,20.45,490753
20080410,OXY,78.7,79.29,77.93,78.59,51027
20080410,PAYX,35.07,35.97,34.99,35.85,33734
20080410,PBG,34.22,34.4,34.01,34.23,9032
20080410,PBI,35.84,36.17,35.67,35.96,9061
20080410,PCAR,46.28,46.65,45.79,46.32,30257
20080410,PCG,39.38,39.42,38.75,39.05,15702
20080410,PCL,40.15,41.19,39.94,40.79,12814
20080410,PCP,112,114.12,110.5,113.61,16171
20080410,PDCO,33.92,34.49,33.5,34.23,31953
20080410,PEG,42,42.19,41.14,41.42,27629
20080410,PEP,71.13,72.08,70.74,71.7,60355
20080410,PFE,20.86,21.1,20.8,20.92,378891
20080410,PFG,55.07,55.7,54.7,55.03,12046
20080410,PG,70.09,70.69,69.95,70.18,96567
20080410,PGN,42.6,42.6,42,42.11,14285
20080410,PGR,17,17.1,16.65,17.01,64194
20080410,PH,72.29,73.48,71.34,73.38,19067
20080410,PHM,13.9,14.87,13.9,14.42,71439
20080410,PKI,25.36,25.36,25.01,25.25,5803
20080410,PLD,59.18,61.23,59.15,60.74,22060
20080410,PLL,36.39,36.92,35.82,36.9,11051
20080410,PM,49.49,49.91,48.5,48.66,143229
20080410,PNC,65.68,65.79,63.97,64.7,33365
20080410,PNW,36.96,36.96,36.29,36.45,7722
20080410,POM,24.24,24.36,24.01,24.21,22050
20080410,PPG,63.15,64.12,62.72,63.7,11384
20080410,PPL,48.33,48.57,47.12,47.29,29107
20080410,PRU,79.59,80.15,78.7275,79.56,32012
20080410,PSA,89.41,92.42,89.09,91.75,12479
20080410,PTV,25.58,26.26,25.58,26.25,14126
20080410,PX,87.97,88.21,86.21,87.11,13613
20080410,Q,4.59,4.74,4.55,4.65,143647
20080410,QCOM,41.61,42.76,41.51,42.58,167336
20080410,QLGC,15.67,15.82,15.49,15.57,29416
20080410,R,61.41,63.185,61.21,62.64,8670
20080410,RAI,58.62,58.75,58.16,58.33,11385
20080410,RDC,42.94,43.11,42.2,42.64,18504
20080410,RF,20,20.6,19.67,19.96,78439
20080410,RHI,24.62,24.72,24.2,24.37,30296
20080410,RIG,148.65,148.85,145.85,147.41,59138
20080410,RL,58.42,60.85,57.63,59.72,17774
20080410,ROH,56.82,57.21,56.17,56.71,16939
20080410,ROK,57.74,58.62,56.93,58.2,13418
20080410,RRC,66.79,67.44,65.63,67.32,19068
20080410,RRD,29.57,30.08,29.45,29.8,19863
20080410,RSH,15.37,16.1,15.35,15.79,28046
20080410,RTN,66.77,66.85,66.2,66.44,22651
20080410,RX,22.36,22.74,22.18,22.6,9681
20080410,S,6.59,6.62,6.4,6.58,331285
20080410,SAF,42.86,44.02,42.52,43.85,12730
20080410,SBUX,17.5,17.74,17.43,17.55,142197
20080410,SCHW,18.98,19.85,18.74,18.86,156569
20080410,SE,23.83,23.89,23.37,23.46,20518
20080410,SEE,26.13,26.51,25.94,26.26,8380
20080410,SGP,16.64,17.05,16.59,17.01,210337
20080410,SHLD,102.91,105.38,102.78,105.16,21856
20080410,SHW,53.59,55.79,53.19,55.12,15658
20080410,SIAL,61.1,61.66,60.46,61.3,9882
20080410,SII,70.63,70.81,69.28,70.02,36922
20080410,SLB,90.37,93.18,90.37,92.6,115610
20080410,SLE,14.1,14.3,14.055,14.15,49468
20080410,SLM,17.75,18.34,17.3,17.62,59845
20080410,SNA,51.05,52.23,51.05,51.98,3421
20080410,SNDK,27.3,27.69,26.37,26.72,132104
20080410,SO,36.81,36.81,36.2,36.31,57410
20080410,SOV,9.06,9.1003,8.67,8.72,60245
20080410,SPG,96.56,98.97,95.96,98.26,21144
20080410,SPLS,21.83,22.13,21.71,21.96,101232
20080410,SRE,54.57,55.15,53.87,54.64,20250
20080410,SSP,41.98,42.2,41.84,42.07,5676
20080410,STI,54.21,55.53,53.45,54.58,31102
20080410,STJ,44.03,44.54,43.91,44.28,26506
20080410,STR,59.95,60,59.21,59.52,11746
20080410,STT,79.45,81.25,78.77,79.79,28577
20080410,STZ,18.05,18.8,17.94,18.41,23907
20080410,SUN,53.49,54.2,52,52.9,25086
20080410,SVU,31,31.06,30.6,30.8,11000
20080410,SWK,49.06,49.47,48.63,49.25,5665
20080410,SWY,28.69,29.19,28.45,28.9,33766
20080410,SYK,65.77,65.98,65.22,65.54,23234
20080410,SYMC,17.25,17.58,17.16,17.45,112080
20080410,SYY,28.27,28.36,27.98,28.12,23407
20080410,T,38.12,38.59,38.01,38.2,179991
20080410,TAP,53.24,55.15,53.24,54.65,11366
20080410,TDC,22.02,22.34,21.97,22.17,9962
20080410,TE,16.45,16.45,16.11,16.22,13368
20080410,TEG,48.05,48.29,47.71,48.04,2725
20080410,TEL,34.85,34.97,34.47,34.74,13065
20080410,TER,12.63,12.83,12.45,12.73,28702
20080410,TEX,65.71,67,65.13,66.74,17659
20080410,TGT,52.47,53.7,52.04,53.16,115777
20080410,THC,5.29,5.3325,5.16,5.21,69816
20080410,TIE,17,17.25,16.37,16.55,44807
20080410,TIF,41.13,42.4,40.78,41.5,24655
20080410,TJX,31.07,31.71,29.99,30.88,124351
20080410,TLAB,5.78,5.88,5.74,5.78,45825
20080410,TMK,61.89,62.41,61.44,61.95,3986
20080410,TMO,56.44,56.44,55.49,55.8,23591
20080410,TROW,53.06,53.86,52.2,53.02,19599
20080410,TRV,49.12,49.66,48.95,49.24,19133
20080410,TSN,16.48,17.08,16.45,16.96,50066
20080410,TSO,27.92,28.23,27.23,27.79,58927
20080410,TSS,24.8,24.91,24.29,24.71,6419
20080410,TT,45.89,46.26,45.81,46.13,16555
20080410,TWX,14.43,14.65,14.35,14.61,253843
20080410,TXN,29.5,30.44,29.37,30.07,140814
20080410,TXT,57.4,57.92,56.55,57.4,8643
20080410,TYC,45.76,46.05,45.14,45.89,22519
20080410,UIS,4.49,4.75,4.45,4.63,21680
20080410,UNH,36.99,37.85,36.52,36.6,67946
20080410,UNM,22.85,23.03,22.72,22.9,21511
20080410,UNP,129.64,130.52,128.04,130,18788
20080410,UPS,70.71,71.74,70.46,71.33,46726
20080410,USB,32.39,33.4,32.31,32.95,105379
20080410,UST,52.76,52.99,52.23,52.5,12841
20080410,UTX,70.89,72.18,70.59,71.85,44574
20080410,VAR,49.72,50.59,49.56,50.31,7414
20080410,VFC,76,77.14,75.61,76.55,10199
20080410,VIA.B,40.66,41.11,40.24,40.67,12120
20080410,VLO,48.81,49.33,47.94,49.12,84999
20080410,VMC,69.5,70.65,68.89,70.54,9770
20080410,VNO,87.55,89.07,86.67,88.38,10707
20080410,VRSN,33.9,34.48,33.63,34.24,20955
20080410,VZ,35.94,36.41,35.68,35.83,172934
20080410,WAG,36.84,36.89,36.4,36.62,68071
20080410,WAT,56.46,57.17,56.46,56.97,7496
20080410,WB,26.64,27.92,26.44,27.87,343557
20080410,WEN,22.8,23.01,22.7,22.94,7227
20080410,WFC,29.31,29.56,28.4,28.52,454548
20080410,WFMI,33.04,33.35,32.78,32.99,27319
20080410,WFR,73.71,77.25,73.71,76.44,32635
20080410,WFT,74.96,76.11,74.01,75.99,54835
20080410,WHR,86.4,86.84,84.52,85.21,18869
20080410,WIN,11.84,11.9,11.68,11.77,38837
20080410,WLP,46.25,46.87,46.05,46.34,35923
20080410,WM,11.27,11.88,11.23,11.42,426677
20080410,WMB,35.15,35.26,34.18,34.55,45345
20080410,WMI,34.23,34.3,33.88,34.17,19693
20080410,WMT,54.55,55.33,54.41,54.66,289689
20080410,WPI,29.76,30,29.61,29.83,6986
20080410,WPO,678,682,676,679,100
20080410,WU,20.78,20.88,19.86,20.59,53643
20080410,WWY,61.88,62.72,61.88,62.41,8258
20080410,WY,63.37,63.39,61.99,62.32,15147
20080410,WYE,43.94,45.95,43.82,45.55,187313
20080410,WYN,19.88,20.24,19.6,19.71,15861
20080410,X,141.69,146,140,145.75,43723
20080410,XEL,20.73,20.73,20.4,20.5,12886
20080410,XL,30.35,31.13,29.87,30.4,12439
20080410,XLNX,24.59,25.11,24.29,24.89,78394
20080410,XOM,89.53,89.99,88.66,89.55,217746
20080410,XRX,14.89,15.17,14.74,15.05,44198
20080410,XTO,63.68,64.5,63.02,63.55,41368
20080410,YHOO,28.39,28.6927,28.28,28.59,327849
20080410,YUM,37.65,38.03,37.31,37.78,24283
20080410,ZION,44.82,45.59,43.9601,44.9,24668
20080410,ZMH,78.29,78.74,77.87,78.69,10317
