20080613,A,36.95,37.31,36.6,37.31,21729
20080613,AA,38.12,39.75,37.89,39.46,115929
20080613,AAPL,171.5,174.16,165.31,172.37,480698
20080613,ABC,40.38,41.005,40.15,40.98,10655
20080613,ABI,34.08,34.57,33.37,33.53,93778
20080613,ABK,2.11,2.16,1.99,2.1,105059
20080613,ABT,54.18,54.34,53.79,54.11,37066
20080613,ACAS,29.01,29.23,28.43,29.15,20626
20080613,ACE,60.53,60.91,59.37,60.73,17772
20080613,ACS,54.43,56.47,54.07,56.46,23417
20080613,ADBE,41.92,43.15,41.73,42.71,63468
20080613,ADI,33.12,33.95,33.12,33.93,41662
20080613,ADM,33,33.5,31.65,32.61,216448
20080613,ADP,42.7301,43.58,42.7301,43.14,24791
20080613,ADSK,38.49,39.14,37.972,38.54,35537
20080613,AEE,43.56,43.57,43.14,43.49,19465
20080613,AEP,42.23,42.86,41.89,42.79,30995
20080613,AES,19.44,20.13,19.44,20.12,53123
20080613,AET,44.95,45.4,43.96,44.5,54595
20080613,AFL,66.83,67.41,66.16,67.41,27270
20080613,AGN,56.81,57.7,56.59,57.17,17313
20080613,AIG,34.05,34.42,33.27,34.18,238873
20080613,AIV,36.67,37.2,36.11,37.2,7707
20080613,AIZ,68.4,68.9,67.33,68.27,8359
20080613,AKAM,35.68,36.62,35.57,36.31,36291
20080613,ALL,50.07,50.19,49.11,49.89,47217
20080613,ALTR,22.36,22.85,22.02,22.82,68510
20080613,AMAT,19.5,20.1,19.45,20.09,373760
20080613,AMD,7.23,7.55,7.23,7.52,194108
20080613,AMGN,43.53,44.21,43.34,43.97,57687
20080613,AMP,45.65,46.66,45.22,46.53,24663
20080613,AMT,42.4,43.4,42.36,43.2,66952
20080613,AMZN,76.7,80,76.7,79.17,59744
20080613,AN,13.87,14.05,13.71,13.91,24024
20080613,ANF,67.22,69.37,67.22,69.29,41259
20080613,AOC,47.6,48,47.19,47.83,23062
20080613,APA,137.7,139.68,136.06,138.46,39239
20080613,APC,77.81,78.48,76.42,77.33,41980
20080613,APD,101.26,103.01,101,102.73,15567
20080613,APOL,51.09,53,50.91,52.24,41993
20080613,ASH,53.19,54.22,53.02,53.92,5281
20080613,ATI,62.52,65.88,62.52,65.88,24203
20080613,AVB,97.31,98.46,95.44,98.46,7189
20080613,AVP,37.75,37.75,36.9,37.31,32886
20080613,AVY,48.61,48.89,47.61,48.11,10627
20080613,AW,14.03,15.46,14.03,15,115267
20080613,AXP,43.84,44.78,43.31,44.66,76453
20080613,AYE,53.82,54.26,53.11,53.71,11133
20080613,AZO,118.89,120.38,118.3,119.52,4747
20080613,BA,74.76,75.49,74.38,75.12,60872
20080613,BAC,29.78,29.9,29.04,29.78,514720
20080613,BAX,61.14,62.15,60.77,61.87,30941
20080613,BBBY,29.39,30.03,29.24,30.03,56623
20080613,BBT,27.14,27.33,25.27,26.5,160566
20080613,BBY,44.9,46.07,44.65,45.7,68284
20080613,BC,13.03,13.3,12.75,13.15,23986
20080613,BCR,88.91,90.9,88.66,90.9,7455
20080613,BDK,59.88,60.39,59.26,60.27,11966
20080613,BDX,82.2,82.63,81.33,82.56,9504
20080613,BEN,104.3,106.94,102.62,106.78,14880
20080613,BF.B,77.07,77.82,76.37,77.59,5105
20080613,BHI,86.26,87.36,85.25,85.6,37126
20080613,BIG,33.06,33.85,32.9015,33.82,36346
20080613,BIIB,59.2,59.9,58.71,59.9,19680
20080613,BJS,31.45,31.99,31.1,31.69,46774
20080613,BK,41.06,41.76,40.55,41.67,63649
20080613,BLL,51.14,52.93,50.94,52.59,12065
20080613,BMC,38.29,38.78,37.94,38.35,18607
20080613,BMS,25.15,25.8,25.15,25.75,8106
20080613,BMY,19.84,20.13,19.79,20.12,171327
20080613,BNI,104.53,106.64,103.3,104.68,34978
20080613,BRCM,25.56,26.34,25.32,25.79,130040
20080613,BRL,41.4,42.25,41.4,42.19,13963
20080613,BSX,13.25,13.45,13.14,13.29,105700
20080613,BTU,76.06,79.02,75.6,77.59,57506
20080613,BUD,61.51,62.23,61,61.12,303125
20080613,BXP,94.69,97.42,93.78,97.42,11308
20080613,C,20.2,20.5,19.9,20.48,681198
20080613,CA,24.05,24.12,23.84,24.12,41300
20080613,CAG,23.06,23.06,22.6801,22.82,48434
20080613,CAH,54.05,54.81,53.58,54.74,15753
20080613,CAM,53.64,55.5,53.52,55.03,30945
20080613,CAT,80.87,82.35,80.65,81.5,57324
20080613,CB,53.12,53.2,52.16,52.94,22750
20080613,CBE,43.95,44.89,43.84,44.81,11287
20080613,CBG,21.2,21.4,20.75,21.34,16730
20080613,CBS,20.64,20.74,20.4,20.68,47726
20080613,CCE,19.27,19.52,19.08,19.33,27630
20080613,CCL,37.16,37.22,36.56,36.99,23696
20080613,CCU,35.42,35.5,35.38,35.5,85765
20080613,CEG,85.785,86.72,84.94,86.14,17712
20080613,CELG,59.13,60.55,58.84,60.27,27926
20080613,CFC,4.88,4.88,4.63,4.84,262770
20080613,CHK,58.2,59.72,57.52,59.26,74640
20080613,CHRW,59.99,60.66,59.01,60.15,12706
20080613,CI,40.34,40.98,39.67,40.65,22413
20080613,CIEN,26.99,27.24,26.66,27.12,22072
20080613,CINF,32.22,32.85,31.16,31.6,18901
20080613,CIT,9.75,9.8499,9.4,9.65,54294
20080613,CL,73.44,73.56,72.21,73.3,24544
20080613,CLX,52.7,53.41,52.51,53.28,22564
20080613,CMA,32.39,32.51,29.86,30.77,85409
20080613,CMCSA,21.58,21.82,21.41,21.74,200143
20080613,CME,398.13,414.95,398.13,414.9,8994
20080613,CMI,70.26,74.23,70.26,72.39,54586
20080613,CMS,15.6,15.87,15.5,15.71,32529
20080613,CNP,16.52,16.72,16.37,16.56,19503
20080613,CNX,101.36,106.78,101.17,106.1,27924
20080613,COF,44.37,44.9,42.87,44.62,79848
20080613,COH,32.98,33.78,32.87,33.66,51254
20080613,COL,54.26,54.7,53.75,54.2,21869
20080613,COP,91.93,94.69,91.61,94.26,117220
20080613,COST,68.6,70.34,68.5,70.32,68891
20080613,COV,48.88,49.48,48.67,49.22,17779
20080613,CPB,34.16,34.74,34.16,34.64,26877
20080613,CPWR,10,10.04,9.72,9.9,49268
20080613,CSC,47.11,47.98,47.09,47.8,17682
20080613,CSCO,26.24,26.695,25.91,26.37,484777
20080613,CSX,65.13,66.34,64.46,65.42,47335
20080613,CTAS,27.92,28.47,27.89,28.44,9956
20080613,CTL,32.39,33.36,32.29,32.51,18304
20080613,CTSH,35.13,35.81,34.7701,35.75,49717
20080613,CTX,14.57,14.96,14.34,14.67,57557
20080613,CTXS,32.98,33.5,32.54,33.2,21675
20080613,CVG,15.53,15.65,15.355,15.53,7658
20080613,CVH,41.82,42.49,41.33,42.16,13215
20080613,CVS,41.73,42.71,41.71,42.62,61955
20080613,CVX,97.45,99.73,97.01,99.4,93579
20080613,CZN,11.13,11.15,11,11.11,40250
20080613,D,45.89,46.4,45.75,46.13,27907
20080613,DD,46.52,47.47,46.52,47.2,53384
20080613,DDR,38.49,39.24,38.11,39.24,9292
20080613,DDS,14.08,14.32,13.87,14.3,13233
20080613,DE,78.65,79.13,77.32,77.92,65096
20080613,DELL,23.98,24.57,23.77,24.42,258642
20080613,DF,20.27,20.28,19.97,20.27,15260
20080613,DFS,15.38,15.68,15.08,15.65,40214
20080613,DGX,50.19,50.7,49.89,50.31,6350
20080613,DHI,11.48,11.93,11.39,11.9,39411
20080613,DHR,80.93,82.15,80.75,81.79,19802
20080613,DIS,33.48,33.95,33.35,33.93,91533
20080613,DOV,51.2,51.92,51.16,51.67,14052
20080613,DOW,38.61,39.26,38.5,39.05,53436
20080613,DRI,32.62,33.2,31.98,32.47,22921
20080613,DTE,43.43,44.29,43.15,44.11,7680
20080613,DTV,27.52,28.47,27.48,27.92,70839
20080613,DUK,17.91,18.16,17.87,18.15,70732
20080613,DVN,115.34,116.57,114.84,116.23,37871
20080613,DYN,9.17,9.33,9.1,9.29,43842
20080613,EBAY,28.46,28.69,28,28.38,172527
20080613,ECL,45.26,45.87,45.07,45.79,12437
20080613,ED,39.96,40.37,39.76,40.36,17523
20080613,EDS,24.44,24.46,24.39,24.42,159887
20080613,EFX,36,36.43,35.95,36.41,3904
20080613,EIX,52.56,53,52.18,52.84,15566
20080613,EK,13.07,13.07,12.65,12.83,34397
20080613,EL,47.9,48.97,47.81,48.84,18134
20080613,EMC,16.33,16.5,16.16,16.49,184367
20080613,EMN,74.81,75.8,74.04,75.63,5796
20080613,EMR,54.55,55.92,54.49,55.92,41176
20080613,EOG,127.38,130.96,126.6001,130.31,27379
20080613,EP,20.96,21.17,20.8,21.15,89537
20080613,EQ,45.17,45.88,44.99,45.88,16308
20080613,EQR,41.87,42.61,41.34,42.61,19221
20080613,ERTS,46.48,47.33,46.36,46.99,31636
20080613,ESRX,68.22,68.46,67.31,68.33,23961
20080613,ESV,75.61,76.93,75.51,76,24160
20080613,ETFC,3.66,3.74,3.62,3.7,155808
20080613,ETN,96.41,97.35,95.11,96.04,25728
20080613,ETR,119.85,122.22,119.38,121.21,15605
20080613,EXC,88.4,89.95,87.78,89.75,27836
20080613,EXPD,44,44.57,43.56,44.18,20424
20080613,EXPE,21.15,21.47,20.88,21.44,29884
20080613,F,6.14,6.3,6.1,6.27,595213
20080613,FCX,118,123.49,117.71,123.3,88882
20080613,FDO,21.66,21.92,21.16,21.59,30028
20080613,FDX,87.84,87.84,84.77,85.98,51892
20080613,FE,78.66,80,78.45,79.79,19770
20080613,FHN,8.5,8.51,7.85,8.35,71111
20080613,FII,37.28,37.57,36.51,37.57,7807
20080613,FIS,39.36,40.05,39.34,39.99,13163
20080613,FISV,50.52,51.23,49.85,50.32,15990
20080613,FITB,14.1,14.19,12.09,13.17,312287
20080613,FLR,177.85,186.18,177.85,186.18,18662
20080613,FNM,24.89,25.61,23.86,24.77,166475
20080613,FO,65.95,66.63,65.54,66.16,5786
20080613,FPL,66,67.42,65.69,67.42,25270
20080613,FRE,22.75,23.06,21.85,23.01,84962
20080613,FRX,33,33.34,32.8,33.16,18085
20080613,GAS,42.33,42.8,42.07,42.8,7476
20080613,GCI,25.67,26.1,25.44,25.78,31844
20080613,GD,86.1,87.37,85.88,86.45,13248
20080613,GE,29.35,29.4,28.49,29.15,1157842
20080613,GENZ,67.43,68.76,67.29,68.74,26564
20080613,GGP,39,39.64,38.36,39.63,23622
20080613,GILD,53.2,54.33,52.95,54.14,71063
20080613,GIS,62.36,62.73,61.63,62.71,21778
20080613,GLW,27.02,27.55,26.92,27.5,136307
20080613,GM,15.8,16.5,15.5,16.45,228923
20080613,GME,43.53,44.77,43.52,44.51,46470
20080613,GNW,20.65,20.69,20.13,20.69,28346
20080613,GOOG,561.95,575.7,561.336,571.51,61847
20080613,GPC,42.2,43.16,42.16,43.16,7802
20080613,GPS,17.86,18,17.54,18,64652
20080613,GR,54.06,55,53.89,54.19,27294
20080613,GS,169.47,178.56,169.4,178.29,143446
20080613,GT,22.21,23.14,21.71,23.14,42862
20080613,GWW,88.77,90.52,88.65,89.73,8989
20080613,HAL,48.58,48.76,47.94,48.14,90467
20080613,HAR,44.51,45.5,44.51,45.12,4727
20080613,HAS,38.19,39.57,37.74,39,17456
20080613,HBAN,6.7,6.72,6.145,6.53,179147
20080613,HCBK,16.78,16.82,16.35,16.74,72572
20080613,HCP,33.8,34.36,33.21,34.36,9526
20080613,HD,26.69,27.58,26.65,27.53,160525
20080613,HES,123.15,126.28,121.65,125.58,30648
20080613,HIG,73.26,73.89,72.13,73.89,27200
20080613,HNZ,49.6,50.63,49.36,50.63,27956
20080613,HOG,38.29,38.97,37.86,38.93,16083
20080613,HON,56.1,56.88,55.89,56.49,49544
20080613,HOT,46.33,46.9,45.57,46.8,26500
20080613,HPC,18.55,19.09,18.48,19.01,7966
20080613,HPQ,47.14,48.08,47.09,47.45,139880
20080613,HRB,22.03,22.38,21.96,22.32,10873
20080613,HSP,41.27,41.55,41.07,41.31,9506
20080613,HST,15.56,15.57,15.02,15.55,56965
20080613,HSY,37.48,38.33,37.05,38.33,17281
20080613,HUM,46.12,47.55,45.85,46.99,24996
20080613,IACI,20.79,21.34,20.58,21.34,25903
20080613,IBM,124.42,126.57,124.15,126.15,63797
20080613,ICE,118.11,123.16,116.53,123,17947
20080613,IFF,41.44,41.84,41.13,41.19,5888
20080613,IGT,30.51,31.3,30.22,31.26,46591
20080613,INTC,22.2,22.7,22.19,22.66,430130
20080613,INTU,29.08,29.55,28.72,29.4,41479
20080613,IP,25.03,25.48,24.91,25.14,44094
20080613,IPG,9.27,9.4,9.22,9.36,65209
20080613,IR,38.98,40.24,38.7,39.76,46462
20080613,ISRG,272.51,281,270,281,7345
20080613,ITT,62.67,63.72,62.56,63.72,14000
20080613,ITW,49.83,50.27,49.06,49.71,22287
20080613,JAVA,11.5,11.75,11.33,11.72,116612
20080613,JBL,14.18,14.51,14,14.5,31478
20080613,JCI,32.72,33.35,32.6,33.28,39472
20080613,JCP,38.42,39.74,38.42,39.47,47501
20080613,JDSU,12.05,12.4,12.02,12.31,33355
20080613,JEC,86.73,90.14,86.63,90.01,13180
20080613,JNJ,65.78,66.37,65.74,66.27,89382
20080613,JNPR,24.66,24.84,23.74,24.19,205872
20080613,JNS,28.89,30.03,28.63,30.03,20901
20080613,JNY,14.94,15.34,14.83,15.33,13365
20080613,JPM,38.39,39.59,37.8,39.58,404697
20080613,JWN,33.32,34.78,33.32,34.73,35689
20080613,K,51.83,52,51.561,52,17153
20080613,KBH,18.52,18.98,18.33,18.76,29022
20080613,KEY,11.67,11.9,11.46,11.73,989141
20080613,KFT,30.97,31.1,30.66,31,73060
20080613,KG,9.39,9.64,9.36,9.54,22435
20080613,KIM,37.5,37.9,36.69,37.79,15001
20080613,KLAC,41.09,42.09,41.01,41.882,33656
20080613,KMB,62.6,62.86,62.16,62.62,13931
20080613,KO,57.03,57.1,53.92,55.42,308783
20080613,KR,27.62,27.9,27.22,27.6,68295
20080613,KSS,44.08,45.6,43.99,45.57,65167
20080613,LEG,17.98,18.1,17.81,18,31788
20080613,LEH,23.87,26,22.9,25.81,825561
20080613,LEN,15.05,15.66,15,15.35,39913
20080613,LH,73.92,74.61,73.51,73.75,9936
20080613,LIZ,15.6,16.36,15.6,16.33,17039
20080613,LLL,97.6,98.96,97.03,97.93,9565
20080613,LLTC,33.84,34.32,33.77,34.07,50737
20080613,LLY,47.92,48.37,47.92,48.33,42988
20080613,LM,52.03,53.51,51.86,53.51,20340
20080613,LMT,103.5,104.12,102.76,104.07,19619
20080613,LNC,51.49,51.91,50.72,51.29,16967
20080613,LOW,23.48,24.16,23.36,24.14,85248
20080613,LSI,6.85,7.02,6.825,7,76577
20080613,LTD,17.81,18.68,17.81,18.67,70351
20080613,LTR,49.57,50.5,49.5,50.4,30020
20080613,LUK,49.38,50.61,49.16,50.24,12462
20080613,LUV,13.57,14.31,13.57,14.3,89308
20080613,LXK,35.52,35.52,34.74,35.3,13688
20080613,M,21.59,22.17,21.33,22.16,69963
20080613,MAR,29.24,29.74,29.095,29.64,36790
20080613,MAS,17.13,17.77,17.12,17.74,43685
20080613,MAT,19.95,20.49,19.84,20.36,22105
20080613,MBI,5.57,5.9,5.4,5.87,108110
20080613,MCD,59.61,60.33,59.4,59.95,50336
20080613,MCHP,31.43,32.12,31.34,31.75,32862
20080613,MCK,55.7,56.39,55.28,56.01,20218
20080613,MCO,39.68,40.25,38.62,39.73,28936
20080613,MDP,30.5,30.8,30.26,30.77,6164
20080613,MDT,51.07,51.54,50.73,51.54,57500
20080613,MER,36.67,38.09,36.29,38,365742
20080613,MET,58.56,59.89,57.92,59.79,68285
20080613,MHP,43.07,43.89,42.86,43.73,17815
20080613,MHS,48.01,49.38,47.58,49.1,32467
20080613,MI,18.96,19.13,18.32,18.92,80464
20080613,MIL,71.59,72.34,71.42,72.04,2711
20080613,MKC,37.71,38.01,37.39,37.99,6016
20080613,MMC,26.31,26.63,26.055,26.62,26798
20080613,MMM,76.19,76.53,75.38,76.12,39150
20080613,MNST,22.45,22.94,22.31,22.78,14996
20080613,MO,21.06,21.06,20.75,20.9,150830
20080613,MOLX,26.65,27.49,26.36,27.47,9961
20080613,MON,135.19,137.9,133.76,137.26,47772
20080613,MOT,9.06,9.22,9.01,9.13,148999
20080613,MRK,35.65,35.97,34.92,35.53,190898
20080613,MRO,51.12,51.51,50.88,51.39,75608
20080613,MS,38.93,41.05,38.55,41.04,255744
20080613,MSFT,28.61,29.57,28.5,29.07,1319690
20080613,MTB,78.67,79,75.73,77.88,21984
20080613,MTG,9.47,10.34,9.23,9.85,17642
20080613,MTW,39.5,40,39.29,39.67,24124
20080613,MU,7.34,7.66,7.33,7.66,113894
20080613,MUR,89.37,90.96,89.19,90.55,17875
20080613,MWV,24.63,25.41,24.42,25.09,18440
20080613,MYL,12.58,12.8,12.4668,12.59,37430
20080613,NBL,98.22,100.15,97.37,98.31,16885
20080613,NBR,45.48,45.73,44.1701,44.47,71566
20080613,NCC,5.32,5.47,4.75,5.15,220598
20080613,NE,64.35,65.38,63.75,65.19,39932
20080613,NEM,46.45,47.23,46.41,47.01,46454
20080613,NI,17.17,17.39,17.12,17.29,20010
20080613,NKE,67.09,69.72,67.09,68.99,33979
20080613,NOC,72.26,72.87,71.63,72.3,14697
20080613,NOV,80.95,83.9,80.26,83.16,54083
20080613,NOVL,6.18,6.29,6.15,6.25,24221
20080613,NSC,62.42,64.23,62.42,63.42,31733
20080613,NSM,23.3,23.65,22.94,23.45,57865
20080613,NTAP,23.68,24.12,23.46,24.12,78643
20080613,NTRS,69.75,71.31,68.92,70.91,26067
20080613,NUE,74.7,77.4,74.7,77.06,53144
20080613,NVDA,21.41,21.66,20.68,21.31,176440
20080613,NVLS,21.33,21.8,21.26,21.62,29050
20080613,NWL,19.07,19.17,18.91,19.17,24052
20080613,NWS.A,17.49,18.13,17.24,17.98,159747
20080613,NYT,16.55,16.89,16.4,16.66,6716
20080613,NYX,58.27,60,57.03,59.93,29318
20080613,ODP,12.53,12.88,12.44,12.85,23929
20080613,OMC,46.16,46.75,45.88,46.75,23463
20080613,OMX,18.02,18.12,17.07,18.1,20846
20080613,ORCL,22.08,22.66,21.95,22.63,317895
20080613,OXY,87.55,89.15,87.03,88.07,87257
20080613,PAYX,33.26,33.66,33,33.65,26696
20080613,PBG,31.62,31.62,30.4,30.71,22480
20080613,PBI,36.32,36.94,36.16,36.58,12178
20080613,PCAR,46.83,48.1,46.83,48.1,35641
20080613,PCG,39.6,39.99,39.14,39.77,17157
20080613,PCL,45.97,46.67,45.33,46.67,12863
20080613,PCP,104.62,107.215,102.85,103.67,23495
20080613,PDCO,33.11,33.2,32.26,32.79,37344
20080613,PEG,46.35,46.75,45.94,46.61,21628
20080613,PEP,67.96,68.2,66.73,67.54,83219
20080613,PFE,17.79,17.99,17.65,17.99,483760
20080613,PFG,50.38,50.68,49.55,50.65,12481
20080613,PG,66.77,66.81,66.08,66.45,109414
20080613,PGN,42.75,43.24,42.63,43.03,12095
20080613,PGR,20.9,21.19,20.74,20.89,64383
20080613,PH,77.16,79.96,77.16,78.67,26542
20080613,PHM,10.61,10.97,10.55,10.78,55758
20080613,PKI,28.58,29.02,28.38,28.7,12677
20080613,PLD,58,59.05,57.04,58.97,20962
20080613,PLL,42.01,42.65,41.87,42.38,10189
20080613,PM,51.28,51.88,50.7,51.61,73658
20080613,PNC,60.43,60.52,58.07,59.51,40716
20080613,PNW,32.97,32.97,32.51,32.73,9878
20080613,POM,26.6,26.75,26.4,26.7,12380
20080613,PPG,60,62.05,59.9,61.97,19533
20080613,PPL,50.34,50.73,49.98,50.6,28429
20080613,PRU,69.75,71.07,69.49,71.06,30398
20080613,PSA,83.66,85.87,82.78,85.85,9923
20080613,PTV,23.71,24.4,23.57,24.39,12773
20080613,PX,96.63,98.25,96.54,97.59,16689
20080613,Q,4.18,4.26,4.13,4.22,165360
20080613,QCOM,49.35,50,48.75,49.99,258265
20080613,QLGC,15.09,15.25,14.87,15.09,22587
20080613,R,68.009,69.2,67.61,68.53,17503
20080613,RAI,52.86,53.29,52.22,52.51,12418
20080613,RDC,43.98,44.5,43.54,44.08,23391
20080613,RF,13.54,13.87,12.37,13.28,188558
20080613,RHI,24.66,25.29,24.625,25.26,10397
20080613,RIG,143.3,146.92,143.3,146,45914
20080613,RL,64.68,66.99,64.42,66.27,14957
20080613,ROH,51.71,52.63,51.61,52.43,7080
20080613,ROK,52.93,54.18,52.93,54.16,10550
20080613,RRC,65.15,65.15,62.28,63.3,36114
20080613,RRD,31.54,32.27,31.54,31.98,11968
20080613,RSH,13.38,13.91,13.38,13.83,32133
20080613,RTN,57.63,58.3876,57.48,58.04,17461
20080613,RX,23.48,23.82,23.11,23.82,9681
20080613,S,8.19,8.27,7.96,8.19,311351
20080613,SAF,67.3,67.46,67.23,67.31,10835
20080613,SBUX,17.96,18.2,17.83,18.17,109104
20080613,SCHW,21.64,22.39,21.42,22.39,124843
20080613,SE,27.09,27.26,26.62,27.23,38656
20080613,SEE,22.51,22.81,22.4,22.63,11777
20080613,SGP,19.59,19.75,19.03,19.24,91924
20080613,SHLD,81.2,83.52,80.69,82.76,19118
20080613,SHW,50.05,50.41,49.13,50.41,16702
20080613,SIAL,57.73,58.4,57.3,58.35,7169
20080613,SII,77.17,78.9,76.86,77.87,22139
20080613,SLB,98.5,100.67,98.26,99.69,56674
20080613,SLE,12.98,13.12,12.92,13.04,49523
20080613,SLM,23.33,24,22.78,23.85,56204
20080613,SNA,58.95,59.19,58.39,58.8,5454
20080613,SNDK,23.68,24.37,23.23,24.02,78586
20080613,SO,35.32,35.4,34.8,35.09,35174
20080613,SOV,8.83,9.11,8.72,8.91,63965
20080613,SPG,97.01,98.11,95.23,98.09,17186
20080613,SPLS,25.04,25.49,24.97,25.49,101007
20080613,SRE,56.48,56.84,55.83,56.4,14986
20080613,SSP,46.27,46.71,46.07,46.49,5267
20080613,STI,44.18,44.96,42.3,44.16,85397
20080613,STJ,41.28,41.66,41.06,41.66,24035
20080613,STR,66.19,67.69,66.19,67.12,9350
20080613,STT,69.05,69.9,68.05,69.86,48279
20080613,STZ,20.5,20.5,19.64,19.95,29843
20080613,SUN,40.17,40.95,39.86,40.6,28740
20080613,SVU,33.4,33.98,33.02,33.76,13846
20080613,SWK,47.44,48.34,47.22,48.34,5726
20080613,SWN,46.8,47.36,45.76,46.63,54964
20080613,SWY,30.84,31.11,30.34,31.04,38221
20080613,SYK,63.75,64.51,63.51,64.51,11400
20080613,SYMC,20.19,20.25,19.94,20.21,145619
20080613,SYY,29.77,30.17,29.77,30.15,26747
20080613,T,36.56,36.8,36.03,36.68,205897
20080613,TAP,57.66,57.99,56.84,57.72,12238
20080613,TDC,23.52,24.27,23.52,24.14,20299
20080613,TE,21.3,21.49,21.16,21.42,24418
20080613,TEG,51.36,51.82,51.18,51.82,3760
20080613,TEL,38.44,38.55,37.88,38.55,22429
20080613,TER,11.59,11.73,11.35,11.45,52677
20080613,TEX,64.49,65.29,63.56,64.3,14090
20080613,TGT,52.67,53.54,52.42,53.54,94490
20080613,THC,5.72,5.78,5.64,5.75,43269
20080613,TIE,15.76,16.2,15.67,16.01,26121
20080613,TIF,46.14,46.74,45.6,46.67,19053
20080613,TJX,32.75,33.11,32.51,33.07,42232
20080613,TLAB,5.1,5.32,5.04,5.18,45991
20080613,TMK,61.99,62.06,61.18,62,6905
20080613,TMO,58.68,59.35,57.91,58.71,17766
20080613,TROW,61.65,62.92,59.97,62.83,34407
20080613,TRV,48,48.67,47.13,47.84,30285
20080613,TSN,14.91,14.96,14.71,14.96,57390
20080613,TSO,22.37,23.71,22.31,23.55,98517
20080613,TSS,24.53,24.71,24.31,24.53,5654
20080613,TWX,14.98,15.45,14.98,15.43,219375
20080613,TXN,29.69,30.38,29.55,30.17,130162
20080613,TXT,58.02,59.33,57.68,58.18,21395
20080613,TYC,43.51,43.92,42.88,43.33,34009
20080613,UIS,4.46,4.62,4.46,4.6,19720
20080613,UNH,30.27,30.885,30,30.74,182583
20080613,UNM,23.42,23.63,23.05,23.29,28301
20080613,UNP,75.81,77.89,74.46,75.57,59052
20080613,UPS,68.78,69.14,67.5,68.31,62311
20080613,USB,31.48,31.7,30.02,30.83,229998
20080613,UST,55.33,55.33,54.45,54.87,8216
20080613,UTX,68.46,69.14,68.07,68.56,50551
20080613,VAR,49.87,51.36,49.3101,51.33,14714
20080613,VFC,70.64,72.88,70.33,72.78,6083
20080613,VIA.B,33.1,33.84,32.93,33.84,29181
20080613,VLO,44.61,45.29,44.13,44.84,72499
20080613,VMC,69.25,69.98,68.7,69.37,15635
20080613,VNO,93.61,94.33,91.66,94.18,9023
20080613,VRSN,39.23,39.89,38.9801,39.82,26280
20080613,VZ,36.95,37.38,36.32,37.33,109315
20080613,WAG,35.75,36.29,35.4501,36.26,51179
20080613,WAT,61.78,62.67,61.42,62.29,6663
20080613,WB,19.5,19.58,17.34,18.19,793252
20080613,WEN,27.25,27.86,27.14,27.84,11232
20080613,WFC,26.3,26.6,25.29,26.08,323672
20080613,WFMI,26.82,27.4,26.71,27.16,35644
20080613,WFR,61.91,64.5,61.91,63.48,52287
20080613,WFT,43.74,44.74,43.68,43.99,61870
20080613,WHR,66.4,68.63,65.76,68.52,15048
20080613,WIN,12.83,13.13,12.83,13.04,35392
20080613,WLP,52.5,54.08,51.96,53.81,58395
20080613,WM,6.7,6.99,6.41,6.67,494099
20080613,WMB,38.27,38.89,38.22,38.78,37567
20080613,WMI,38.07,39.1,37.72,39.06,58266
20080613,WMT,59.38,59.75,58.86,59.18,208839
20080613,WPI,27.77,27.78,27.43,27.64,7962
20080613,WPO,588,593.5,587.71,589.95,279
20080613,WU,23.87,24.03,23.65,24.03,31835
20080613,WWY,77.22,77.3,77.12,77.3,21579
20080613,WY,55.4,56.74,55.25,56.63,25309
20080613,WYE,43.09,43.48,42.85,43.42,61635
20080613,WYN,19.72,20.04,19.55,19.96,12013
20080613,X,168.57,175.35,168.14,174.61,49476
20080613,XEL,20.64,20.94,20.59,20.71,23257
20080613,XL,31.82,31.82,29.73,30.58,27027
20080613,XLNX,26.38,27.5,26.29,27.47,83112
20080613,XOM,86.53,88.4,86.32,88.36,210507
20080613,XRX,13.49,13.78,13.43,13.72,61494
20080613,XTO,68.79,69.12,67.11,68.03,50503
20080613,YHOO,22.87,23.48,21.75,23.47,1184676
20080613,YUM,37.3,38,37.12,37.87,25456
20080613,ZION,36.1,36.38,33.5,34.94,41501
20080613,ZMH,70,70.21,69.4,70.08,14346
