20081211,A,17.82,18.42,17.67,18.13,59896
20081211,AA,10.06,10.58,9.73,9.98,240196
20081211,AAPL,97.15,101.24,94.83,95,372600
20081211,ABC,29.9,32.47,29.62,31.93,36598
20081211,ABT,51.52,52.06,50.79,51.03,81004
20081211,ACAS,3.28,3.29,3.07,3.12,40552
20081211,ACS,38.8,39.39,37.3,37.77,9010
20081211,ADBE,23.37,23.56,22,22.19,64440
20081211,ADI,18.15,18.97,17.9,18.46,83837
20081211,ADM,27.96,28.84,27.2,27.45,60937
20081211,ADP,38.31,39.03,37.25,37.32,39572
20081211,ADSK,17.81,18.14,17.36,17.39,32099
20081211,AEE,33.12,33.81,32.51,32.98,15486
20081211,AEP,29.92,30.99,29.73,29.97,37684
20081211,AES,7.19,7.48,6.94,7.12,42357
20081211,AET,20.46,22.44,20.43,21.28,49912
20081211,AFL,42.46,44.19,41.96,42.12,47744
20081211,AGN,37.4,38,35.67,35.78,37840
20081211,AIG,1.79,1.81,1.73,1.73,410433
20081211,AIV,12.51,12.51,10.02,10.15,49733
20081211,AIZ,22.61,22.96,21.93,22.07,30310
20081211,AKAM,14.52,14.7784,14.01,14.1,34539
20081211,AKS,9.49,10.42,9.06,9.19,71899
20081211,ALL,26.53,27.77,26.01,26.27,63484
20081211,ALTR,15.01,15.28,14.53,14.63,50839
20081211,AMAT,10.26,10.63,10,10.06,170572
20081211,AMD,2.17,2.28,2.1,2.2,109841
20081211,AMGN,58.14,58.83,56.9,57.25,94150
20081211,AMP,20.95,21.87,19.99,20.23,37879
20081211,AMT,27.65,28.77,26.8,27.47,57891
20081211,AMZN,49.33,50.49,48.17,48.25,75867
20081211,AN,10.07,10.16,9.43,9.5,22340
20081211,ANF,20.79,21.8,19.89,20.2,67924
20081211,AOC,41.76,42.17,40.33,40.58,28531
20081211,APA,75.32,77.29,72.01,72.94,57535
20081211,APC,37.25,39.98,36.77,37.55,96114
20081211,APD,53.5,53.5,48.68,49.09,28559
20081211,APH,21.06,21.61,20.67,21.16,26058
20081211,APOL,73.9,74.79,72.25,73.53,18863
20081211,ATI,25.12,25.29,22.03,22.58,22601
20081211,AVB,64.5,65.3,56.88,57.65,42876
20081211,AVP,22.44,23.72,22.43,22.59,37302
20081211,AVY,29.91,30.99,29.6,29.81,12523
20081211,AXP,21.01,21.44,19.95,20.13,163015
20081211,AYE,31.52,32.49,31.52,31.76,27868
20081211,AZO,128.62,129.32,124.22,126.06,17439
20081211,BA,40.65,42.01,40.02,40.27,76934
20081211,BAC,16.33,16.37,14.83,14.91,1080352
20081211,BAX,50.7,52.6,50.41,50.96,44080
20081211,BBBY,24.95,25.69,24.11,24.26,68195
20081211,BBT,29.26,29.6,26.6,27.21,62913
20081211,BBY,24.16,25.66,23.77,24.1,74256
20081211,BCR,81.1,83.74,80.78,81.75,10653
20081211,BDK,43.09,43.85,41.51,41.84,11966
20081211,BDX,62.93,65.5547,62.53,64.48,14236
20081211,BEN,61.44,64.8,58.56,59,14267
20081211,BF.B,50.65,52.18,49.96,50.58,5814
20081211,BHI,31.11,32.13,29.35,30.08,53152
20081211,BIG,15.81,15.81,14.77,14.93,23431
20081211,BIIB,47.84,48.98,46.88,47.15,28416
20081211,BJS,11.18,11.7422,10.85,11,87619
20081211,BK,28.11,28.39,26.86,26.99,107360
20081211,BLL,39.05,40.65,38.11,38.61,13283
20081211,BMC,25.01,25.29,23.78,23.92,24098
20081211,BMS,26.07,26.39,24.54,24.84,11082
20081211,BMY,21.19,22.2,21.19,21.45,226098
20081211,BNI,75.59,77.44,74.2,74.77,57782
20081211,BRCM,16.58,17.24,16.46,16.6,106099
20081211,BRL,64.9,65.89,64.83,64.83,21500
20081211,BSX,7.16,7.68,7.15,7.26,166789
20081211,BTU,26.49,28.1,23.96,24.63,109454
20081211,BXP,58.51,59.17,50.35,51.12,56647
20081211,C,8.09,8.15,7.54,7.57,1657729
20081211,CA,16.84,17.21,16.47,16.59,64621
20081211,CAG,14.14,14.55,14.12,14.25,51437
20081211,CAH,31.7,33.57,31.6,32.54,27706
20081211,CAM,21.67,22.65,20.44,20.77,51327
20081211,CAT,43.01,44.89,41.7,42.2,121341
20081211,CB,48.36,50.61,47.42,47.64,37033
20081211,CBE,28.31,28.93,26.65,26.91,13044
20081211,CBG,4.01,4.19,3.36,3.37,114219
20081211,CBS,7.83,8.11,7.66,7.75,103267
20081211,CCE,10.11,10.87,10.1,10.38,46992
20081211,CCL,22.25,22.87,21.56,21.83,58835
20081211,CEG,27.37,27.57,27,27.1,9761
20081211,CELG,49.33,49.65,46.656,47.25,74479
20081211,CEPH,73.6,75.13,73.01,73.25,9891
20081211,CF,51.01,53.911,47.66,48.64,23389
20081211,CHK,18.18,18.83,16.03,16.57,436335
20081211,CHRW,50.79,51.91,48.53,48.81,20012
20081211,CI,14.39,15.66,14.38,14.8,49369
20081211,CIEN,6.65,6.73,6.01,6.05,84523
20081211,CINF,28.97,30.8,28.6,28.77,14054
20081211,CIT,4.38,4.52,3.87,3.94,108443
20081211,CL,59.39,59.99,57.92,58.56,44471
20081211,CLX,53.22,54.26,52.51,53.3,13651
20081211,CMA,20.74,20.76,18.26,18.56,28300
20081211,CMCSA,16.22,16.615,15.9,15.97,212436
20081211,CME,218.11,234.88,213.13,213.7,13021
20081211,CMI,25.37,26.73,24.62,24.92,58959
20081211,CMS,10.12,10.215,9.7,9.82,36466
20081211,CNP,12.59,12.96,12.42,12.55,31849
20081211,CNX,31.67,34.83,29.85,30.6,59925
20081211,COF,31.32,31.79,27.66,27.85,114552
20081211,COG,28.11,29.64,26.02,26.63,21493
20081211,COH,20.57,21.05,19.69,20.17,118458
20081211,COL,34.49,35.5,34.33,34.72,12353
20081211,COP,53.72,55.19,52.14,52.81,120726
20081211,COST,52.22,53.47,50.7,52.06,106607
20081211,COV,34.31,35.96,34.28,35.48,39987
20081211,CPB,28.65,29.22,28.29,28.61,26190
20081211,CPWR,6.15,6.29,6.02,6.09,30688
20081211,CRM,34.62,34.62,31.21,31.51,17838
20081211,CSC,30.24,31.39,29.9,30.38,12668
20081211,CSCO,17.09,17.64,16.83,16.91,562913
20081211,CSX,34.89,35.99,33.81,34.16,50214
20081211,CTAS,24.64,24.81,23.91,24.02,15292
20081211,CTL,26.26,26.48,25.27,25.41,14741
20081211,CTSH,18.67,18.81,17.87,17.99,45444
20081211,CTX,11.37,11.57,10.4,10.63,40250
20081211,CTXS,23.92,24.17,22.41,22.55,23558
20081211,CVG,6.48,6.48,6.02,6.07,8223
20081211,CVH,11.95,13.13,11.78,12.26,22858
20081211,CVS,29.04,29.65,28.7,28.8,100602
20081211,CVX,79.01,81.92,78.7,79.46,205542
20081211,D,34.44,35.37,34.2,34.57,34336
20081211,DD,26.29,27.08,25.7,25.94,90212
20081211,DDR,6.14,6.33,4.95,5.04,67414
20081211,DE,38.39,38.78,35.85,36.15,50200
20081211,DELL,11.89,12.29,11.65,11.69,206588
20081211,DF,15.28,15.58,14.84,15.04,18182
20081211,DFS,10.01,10.17,8.93,9.11,68521
20081211,DGX,46.45,47.75,46.18,46.61,11298
20081211,DHI,8.21,8.35,7.41,7.54,70485
20081211,DHR,50.78,51.23,49.15,49.68,32482
20081211,DIS,23.41,23.66,22.58,22.82,148670
20081211,DOV,29.22,29.79,28.3,28.55,15076
20081211,DOW,19.53,19.8678,19.2,19.5,131407
20081211,DPS,15.31,15.96,15.11,15.25,22149
20081211,DRI,21.73,21.75,19.71,20.01,30064
20081211,DTE,34.22,35.09,34.08,34.41,13420
20081211,DTV,22.94,24,22.304,22.87,126086
20081211,DUK,14.65,14.98,14.39,14.56,115349
20081211,DVA,47.96,49.83,46.99,47.96,7841
20081211,DVN,73.67,75.3,69.51,70.97,63035
20081211,DYN,2.03,2.03,1.72,1.8,70096
20081211,EBAY,13.66,14.19,13.47,13.79,152950
20081211,ECL,35.58,36.44,34.08,34.36,23342
20081211,ED,39.18,39.75,38.75,39.03,15170
20081211,EFX,24.11,24.55,23.53,23.64,11211
20081211,EIX,30.97,32.44,30.82,31.38,25912
20081211,EK,6.52,6.54,6.19,6.3,49861
20081211,EL,28.78,29.47,28.38,28.68,28868
20081211,EMC,10.34,10.835,10.31,10.52,263131
20081211,EMN,30.16,30.19,28.41,28.7,11483
20081211,EMR,33.09,33.7,31.81,31.95,57986
20081211,EOG,74.98,78.41,71.42,72.06,41467
20081211,EP,7.36,7.91,7.02,7.11,122654
20081211,EQ,32.27,32.85,30.7,30.86,14266
20081211,EQR,33.8,34.04,27.06,27.43,140026
20081211,ERTS,17.24,18.1,16.73,17.01,137688
20081211,ESRX,58.65,60.603,57.56,57.72,17854
20081211,ESV,32.16,33.53,30.53,31.04,36543
20081211,ETFC,1.25,1.3115,1.19,1.19,99276
20081211,ETN,46.95,47.66,44.55,44.99,14896
20081211,ETR,80.59,82.84,80.01,80.66,20006
20081211,EXC,55.25,56.26,54,54.54,39358
20081211,EXPD,34.27,34.51,32.58,32.77,28404
20081211,EXPE,8.08,8.21,7.52,7.62,22263
20081211,F,3.12,3.14,2.82,2.9,932379
20081211,FAST,34.31,34.31,31.12,32,30961
20081211,FCX,22.56,25.2,22.22,22.83,302140
20081211,FDO,23.55,23.78,22.88,23.47,45936
20081211,FDX,60.65,62.02,58.16,58.61,43909
20081211,FE,54.61,56.43,54.29,54.67,13971
20081211,FHN,9.49,9.8,8.75,8.88,39863
20081211,FII,22.46,23.72,20.82,21.18,18259
20081211,FIS,16.25,16.73,15.89,15.98,12051
20081211,FISV,33.94,34.84,33.05,33.19,13478
20081211,FITB,7.54,7.81,7.35,7.56,141056
20081211,FLR,51.3,53.47,50.48,50.69,58421
20081211,FLS,50.86,52.89,48.56,49.54,12254
20081211,FO,40.65,40.69,38.41,38.74,19266
20081211,FPL,44.99,47.04,44.84,45.67,25090
20081211,FRX,23.98,24.93,23.87,24.01,19184
20081211,FTR,8.5,8.78,8.25,8.31,25694
20081211,GAS,35.13,36.24,34.22,34.63,7031
20081211,GCI,8.54,8.54,7.39,7.59,56472
20081211,GD,53.89,55.05,53.22,53.81,24783
20081211,GE,17.4,17.605,16.99,17.05,806695
20081211,GENZ,64.53,66.44,64.22,64.81,27107
20081211,GILD,45.29,45.99,43.89,44.07,74828
20081211,GIS,60.99,61.62,60.35,60.5,30047
20081211,GLW,8.73,8.93,8.23,8.32,188441
20081211,GM,4.58,4.59,3.93,4.12,365768
20081211,GME,23.88,24.74,22.54,22.84,32036
20081211,GNW,2.54,2.77,2.42,2.55,180047
20081211,GOOG,304.17,312.88,297.8,300.22,61810
20081211,GPC,39.34,39.5,38.09,38.33,11174
20081211,GPS,13.49,13.88,12.68,12.98,127450
20081211,GR,35.8,36.312,33.89,34.19,14961
20081211,GS,70.35,74,69.088,69.71,154883
20081211,GT,6.85,6.87,6,6.09,36903
20081211,GWW,70.65,70.87,65.57,66.29,10321
20081211,HAL,16.99,17.78,16.42,16.94,208328
20081211,HAR,16.75,16.75,15.36,15.48,6026
20081211,HAS,27.89,28.35,27.16,27.37,15241
20081211,HBAN,7.74,8,7.27,7.37,48727
20081211,HCBK,15.02,15.07,14.39,14.5,104436
20081211,HCP,24.66,24.78,20.67,20.9,115529
20081211,HD,23.87,24.13,22.8,22.99,183957
20081211,HES,45.87,50.42,45.18,47.71,78865
20081211,HIG,15.57,16.48,14.68,14.97,190608
20081211,HNZ,36.23,37.35,35.98,36.14,30002
20081211,HOG,17.3,17.89,15.92,15.95,41010
20081211,HON,28.91,29.68,28.37,28.51,87928
20081211,HOT,16.77,17.63,15.9,16.15,36675
20081211,HPQ,34.34,36.26,34.24,34.78,171685
20081211,HRB,20.17,21.1,20.02,20.49,30806
20081211,HRS,35.95,36.81,34.68,34.97,9910
20081211,HSP,27.82,28.24,27.38,27.62,12904
20081211,HST,7.33,7.52,6.29,6.32,253694
20081211,HSY,35.23,36.1,35.17,35.24,9461
20081211,HUM,29.83,32.09,29.73,31.07,24942
20081211,IBM,81.5,82.86,79.77,80.58,106870
20081211,ICE,76,81.15,73.41,73.67,15124
20081211,IFF,30.15,31.08,29.03,29.22,7998
20081211,IGT,10.98,11.24,10.17,10.32,32584
20081211,INTC,14.23,14.6,13.98,14.01,738700
20081211,INTU,23.44,23.66,22.28,22.38,30621
20081211,IP,12.81,12.94,11.73,11.91,55733
20081211,IPG,3.79,3.79,3.5,3.52,47404
20081211,IR,16.54,16.55,15.05,15.31,46775
20081211,ISRG,137.94,143.25,135.83,137,8217
20081211,ITT,43.32,43.96,41.3,41.62,11211
20081211,ITW,32.19,32.22,30.77,31.12,53585
20081211,IVZ,12.62,13.205,11.88,11.96,41832
20081211,JAVA,3.81,4.09,3.78,4.05,87020
20081211,JBL,6.45,6.67,5.83,6.22,40766
20081211,JCI,19.67,19.69,18.42,18.67,50244
20081211,JCP,21.78,21.98,20.17,20.55,55010
20081211,JDSU,3.52,3.75,3.49,3.59,64333
20081211,JEC,52.62,53.3,46.59,47.72,42907
20081211,JNJ,57.4,58.84,57.05,58.25,160103
20081211,JNPR,17.66,17.84,17.02,17.13,69632
20081211,JNS,7.62,7.87,7,7.2,34731
20081211,JNY,6.1,6.3,5.35,5.43,20037
20081211,JPM,32.6,32.76,29.74,29.94,709290
20081211,JWN,12.9,13.19,12.42,12.62,50512
20081211,K,41.45,42.38,41.41,41.59,27856
20081211,KBH,13.8,14.69,13.23,13.55,41810
20081211,KEY,8.46,8.68,7.82,7.97,73136
20081211,KFT,26.84,27.07,26.73,26.81,153394
20081211,KG,9.39,9.61,8.89,9.26,44515
20081211,KIM,17.52,17.91,14.45,14.91,120577
20081211,KLAC,20.39,21.06,19.77,19.9,31162
20081211,KMB,51.75,53.13,51.33,51.48,24280
20081211,KO,45.18,45.64,43.9,44.22,166429
20081211,KR,26.12,26.88,25.875,26.14,82875
20081211,KSS,36.71,36.92,34.94,35.22,55713
20081211,L,27.77,28.97,26.86,27.05,19913
20081211,LEG,14.99,15,14.13,14.36,20799
20081211,LEN,9.45,10,8.745,8.98,52848
20081211,LH,62.31,64.06,62.04,62.54,10380
20081211,LIFE,21.9,23.15,21.555,21.85,25105
20081211,LIZ,3.03,3.76,3,3.22,52856
20081211,LLL,69.44,71.19,68.58,69.14,8073
20081211,LLTC,21.55,22.35,21.3,21.64,57010
20081211,LLY,35.89,36.59,35.2,35.62,80255
20081211,LM,19.88,20.37,17.87,18.17,37698
20081211,LMT,78.96,79.51,75.78,76.2,41175
20081211,LNC,16.37,18,15.61,17.03,69163
20081211,LO,61,61.1,58.14,58.7,15780
20081211,LOW,22.58,22.58,21.32,21.52,171731
20081211,LSI,3.2,3.25,3.02,3.06,55931
20081211,LTD,9.08,9.33,8.56,8.73,62479
20081211,LUK,20.12,20.44,18.51,18.81,13561
20081211,LUV,7.95,7.95,7.13,7.28,160578
20081211,LXK,26.66,27.04,25.9,26.04,12121
20081211,M,8.72,9.07,8,8.17,118278
20081211,MA,142.38,146.25,137.7,138.36,27592
20081211,MAR,17.5,17.76,16.39,16.59,31588
20081211,MAS,10.15,10.34,9.63,9.74,41239
20081211,MAT,14.7,15.03,14.23,14.38,26981
20081211,MBI,6.8,7.15,6.51,6.61,50810
20081211,MCD,61.1,62.45,60.62,60.87,116511
20081211,MCHP,19.73,20.16,19.39,19.48,40480
20081211,MCK,33.21,36.79,33.21,35.69,45303
20081211,MCO,21.58,22.7,20.85,21.16,21384
20081211,MDP,16.27,16.49,15.45,15.62,5954
20081211,MDT,30.88,31.47,30.2,30.62,64685
20081211,MEE,15.96,17.07,14.67,15,49980
20081211,MER,13.85,13.9,12.57,12.67,238864
20081211,MET,30.62,32.04,29.77,30.09,94912
20081211,MHP,24.07,24.58,22.95,23.12,23560
20081211,MHS,41.02,42.45,40.57,40.99,26887
20081211,MI,12.42,12.77,11.57,11.78,40331
20081211,MIL,51.66,52.14,50.26,50.59,5664
20081211,MKC,29.1,29.72,28.75,28.87,7143
20081211,MMC,23.53,24.18,22.64,22.83,45677
20081211,MMM,56.77,57.24,54.65,55.14,74052
20081211,MO,15.23,15.25,14.96,15.02,244098
20081211,MOLX,13.93,14.18,13.09,13.24,11718
20081211,MON,79.59,81.07,73.18,73.8,87763
20081211,MOT,4.16,4.32,4.05,4.1,191455
20081211,MRK,26.8,27.77,26.2,26.44,126023
20081211,MRO,25.94,25.97,24.73,25,129312
20081211,MS,14.24,14.5,13.55,13.74,284396
20081211,MSFT,20.1,20.12,19.31,19.45,836242
20081211,MTB,64.11,64.59,58.81,58.95,12329
20081211,MTW,9.72,9.82,8.85,8.96,60322
20081211,MU,2.05,2.11,1.83,1.85,391029
20081211,MUR,44.47,47.16,44.18,45.02,26398
20081211,MWV,11.64,11.64,10.7,10.84,21400
20081211,MWW,11.4,11.5,10.38,10.55,29254
20081211,MYL,9.65,10.06,9.58,9.77,46360
20081211,NBL,53.41,55.44,50.18,51.16,37483
20081211,NBR,12.99,13.2,11.86,12.1,90904
20081211,NCC,1.93,2.04,1.72,1.72,273511
20081211,NDAQ,25.06,26.23,23.74,23.8,27399
20081211,NE,26.45,27.23,24.84,25.28,69962
20081211,NEM,36.26,37.25,34.34,34.67,95821
20081211,NI,11.23,11.7825,11.14,11.37,35175
20081211,NKE,50.17,51.24,48.19,48.73,41199
20081211,NOC,41.66,41.98,40.68,40.93,23285
20081211,NOV,25.59,27.74,24.84,25.24,89461
20081211,NOVL,3.99,4.05,3.75,3.79,42829
20081211,NSC,47.8,48.97,45.62,46.21,37355
20081211,NSM,11.45,11.98,11.21,11.31,52114
20081211,NTAP,13.85,14.24,13.28,13.51,63049
20081211,NTRS,49.51,50.7,45.47,45.63,23750
20081211,NUE,43.2,45.2,42.5,43.09,101829
20081211,NVDA,8.5,8.8,8.09,8.19,145732
20081211,NVLS,12.61,12.92,12.22,12.37,18498
20081211,NWL,12.87,13.11,12.25,12.39,30566
20081211,NWS.A,8.39,8.65,8.05,8.07,139898
20081211,NYT,7.25,7.72,7.12,7.38,14631
20081211,NYX,25.65,27.95,25.638,25.98,53299
20081211,ODP,2.7,2.78,2.46,2.51,39427
20081211,OMC,27.69,28.47,27.27,27.5,28006
20081211,ORCL,17.13,17.29,16.4,16.46,368335
20081211,OXY,58.29,60.9,56.42,57.83,128611
20081211,PAYX,26.32,26.6,25.52,25.6,36926
20081211,PBCT,17.67,18.1,16.78,16.81,49770
20081211,PBG,18.3,18.99,18.14,18.54,22907
20081211,PBI,23.62,24.26,22.975,23.1,14215
20081211,PCAR,29.07,29.08,26.26,26.56,67892
20081211,PCG,36.43,37.25,36.04,36.41,24228
20081211,PCL,36.65,36.68,31.4,31.8,76766
20081211,PCP,56.51,57.16,54.43,54.83,14823
20081211,PDCO,18.3,18.74,17.92,18.02,11384
20081211,PEG,28.64,29.95,28.64,29.01,30072
20081211,PEP,53,54,52.43,52.71,56994
20081211,PFE,16.41,16.98,16.19,16.56,653503
20081211,PFG,18.73,18.88,16.63,16.92,40564
20081211,PG,57.77,59.86,57.5,58.58,188614
20081211,PGN,39.35,40.43,39.17,39.57,12493
20081211,PGR,15.17,15.99,14.82,14.92,60103
20081211,PH,37.75,39.06,36.5,36.93,19853
20081211,PHM,11.03,11.15,10.26,10.45,85211
20081211,PKI,16.57,16.68,15.93,16.29,15892
20081211,PLD,7.33,7.59,5.5,5.6,182904
20081211,PLL,27.74,27.86,25.87,26.25,11880
20081211,PM,41.91,42.74,41.51,41.95,105873
20081211,PNC,51.9,53.49,46.33,46.65,71044
20081211,PNW,30.43,30.75,29.56,29.86,11901
20081211,POM,17.32,17.8,16.98,17.33,25039
20081211,PPG,44.67,45.13,42.12,42.61,13010
20081211,PPL,29.68,30.88,29.64,29.86,25244
20081211,PRU,27.72,29.49,26.95,27.28,68740
20081211,PSA,73.25,74.11,63.74,64.55,64429
20081211,PTV,21.56,22.31,21.5,21.89,28991
20081211,PX,58.45,59.7,55.12,55.77,26881
20081211,PXD,18.25,19.49,18.15,18.79,33551
20081211,Q,3.34,3.39,3.08,3.08,156558
20081211,QCOM,34.18,34.49,32.39,32.59,198276
20081211,QLGC,11.83,12.26,11.66,11.78,25701
20081211,R,36.41,36.41,31.62,31.95,13188
20081211,RAI,40.97,41.57,40.34,40.44,13269
20081211,RDC,16.31,17,15.225,15.56,32602
20081211,RF,8.94,9.09,8.25,8.3,87428
20081211,RHI,19.4,19.49,18.15,18.31,17718
20081211,RIG,58.46,61.87,56.93,58.11,101530
20081211,RL,45.99,46.44,42.97,43.43,20212
20081211,ROH,69.5,70.19,67.11,67.52,29790
20081211,ROK,29.72,30.15,28.12,28.39,7545
20081211,RRC,39.07,40.8,36.46,36.97,37831
20081211,RRD,12.63,12.73,11.98,12.09,14582
20081211,RSH,11.08,11.4,10.75,10.9,25402
20081211,RTN,51.37,52.14,49.84,50.23,32044
20081211,RX,14.56,14.66,13.73,13.86,13021
20081211,S,2.3,2.32,2.04,2.08,311787
20081211,SBUX,9.42,9.54,8.92,8.97,106109
20081211,SCHW,18.03,18.5,16.81,16.98,162314
20081211,SE,16.26,16.73,15.69,15.94,35919
20081211,SEE,14.94,15.19,14.16,14.29,13755
20081211,SGP,15.43,16.64,15.33,16.06,133393
20081211,SHLD,46.07,47.2,44.04,44.92,9659
20081211,SHW,55.11,55.89,52.64,53.24,20679
20081211,SIAL,41.12,42.85,39.97,40.17,18704
20081211,SII,24.19,25.31,23.38,23.91,51452
20081211,SJM,41,42.12,40.54,40.83,18106
20081211,SLB,44.29,44.49,42.01,42.35,140609
20081211,SLE,9.15,9.47,9.05,9.2,68792
20081211,SLM,9.14,9.27,8,8.15,55758
20081211,SNA,38.25,39.29,36.7,37.31,6781
20081211,SNDK,9.74,10.42,9.59,9.74,74790
20081211,SNI,23.48,23.48,22,22.25,10346
20081211,SO,36.46,37,36.14,36.36,51070
20081211,SOV,2.66,2.78,2.64,2.67,145414
20081211,SPG,54.37,54.8,45.63,47.02,122856
20081211,SPLS,17.82,18.05,16.9,17.07,107278
20081211,SRCL,53.23,54.5,51.84,52.13,8687
20081211,SRE,44.21,45.17,42.88,43.18,14376
20081211,STI,27.64,28.3,27,27.19,66256
20081211,STJ,30.09,31.49,29.9105,30.62,36903
20081211,STR,32.66,33.65,30.79,31.28,14614
20081211,STT,41.03,42.97,38.28,38.77,54004
20081211,STZ,14.79,15.1,14.31,14.48,26929
20081211,SUN,37.69,39.48,36.65,37.06,32071
20081211,SVU,12.21,13.03,12.15,12.75,35454
20081211,SWK,33.22,34.05,31.99,32.3,20208
20081211,SWN,30.87,32.25,28.09,28.92,64275
20081211,SWY,22.48,23.42,22.41,22.82,36872
20081211,SYK,40.29,41.83,39.86,40.27,20448
20081211,SYMC,12.65,12.8,12.2,12.27,108022
20081211,SYY,22.39,22.86,22.05,22.21,42488
20081211,T,27.65,28.51,27.51,27.94,389397
20081211,TAP,44.13,45.83,44.04,44.95,15693
20081211,TDC,14.5,15.21,14.47,14.81,15976
20081211,TE,11.79,12.69,11.74,11.97,31938
20081211,TEG,41.58,43.4,41.25,42.24,5770
20081211,TEL,16.56,16.85,15.645,15.88,30954
20081211,TER,4.19,4.21,3.96,3.97,24986
20081211,TGT,38.53,39.43,37.06,37.55,210620
20081211,THC,1.4,1.45,1.35,1.38,66260
20081211,TIE,8.54,8.9,8.21,8.36,27932
20081211,TIF,23.99,24.69,22.85,23.24,22496
20081211,TJX,20.31,20.32,19.63,19.76,54471
20081211,TLAB,3.9,3.95,3.74,3.83,38441
20081211,TMK,37.76,40.25,37.39,38.55,18521
20081211,TMO,34.1,34.48,33,33.32,53224
20081211,TROW,33.06,35.13,31.69,31.79,28752
20081211,TRV,40.16,41.67,38.25,39.06,54575
20081211,TSN,7.16,7.44,6.91,6.96,47792
20081211,TSO,9.49,9.69,9.06,9.28,63088
20081211,TSS,13.77,14.1,13.32,13.44,9016
20081211,TWX,9.98,10.42,9.9,10.06,310630
20081211,TXN,15.65,15.82,14.91,15.14,159391
20081211,TXT,14.82,15.45,14.26,14.41,21112
20081211,TYC,22.11,22.22,20.145,20.35,64636
20081211,UNH,21.31,23.96,21.21,23.49,138220
20081211,UNM,15.83,16.45,14.6,14.76,50759
20081211,UNP,48.8,48.94,46.24,46.6,66106
20081211,UPS,53.71,53.88,51.26,51.83,66050
20081211,USB,26.04,26.42,24.71,24.85,235112
20081211,UST,68.78,68.87,68.5,68.51,22640
20081211,UTX,47.18,48.64,46.65,47.08,67374
20081211,VAR,37.9,39.66,37.77,38.49,9203
20081211,VFC,53.76,54,51.12,51.82,11789
20081211,VIA.B,15.88,16.93,15.75,16.09,56432
20081211,VLO,19.88,20.58,19.1301,19.51,113815
20081211,VMC,69.89,69.9,62.18,64.42,18637
20081211,VNO,59.1,60.52,52.65,53.01,71555
20081211,VRSN,20.67,21.68,20.31,20.45,23018
20081211,VZ,32.53,33.46,32.18,32.47,220418
20081211,WAG,26.34,27.01,26.08,26.2,59375
20081211,WAT,40.88,42.2,40.88,41.88,14926
20081211,WB,5.6,5.6,5.01,5.02,329379
20081211,WEC,41.38,42,40.88,41.19,10823
20081211,WFC,28.22,28.48,25.71,25.9,723829
20081211,WFMI,10.97,11.41,10.43,10.55,25611
20081211,WFR,16.05,16.57,15.26,15.5,49871
20081211,WFT,10.55,11.26,10.16,10.49,218388
20081211,WHR,42.8,43.2,40.41,40.88,17273
20081211,WIN,9.24,9.24,8.59,8.68,46391
20081211,WLP,35.48,37.62,35.28,36.66,42470
20081211,WMB,14.99,15.6,14.18,14.45,76222
20081211,WMI,30.03,30.45,29.33,29.46,32029
20081211,WMT,54.5,55.46,54.1,54.79,249673
20081211,WPI,23.83,24.2,23.42,23.62,13078
20081211,WPO,398.5,402.64,379.21,379.99,310
20081211,WU,13.46,14.41,13.35,13.54,61106
20081211,WY,37.13,38.88,35.45,36.25,25600
20081211,WYE,34.4,36.1,34.1,35.55,93595
20081211,WYN,6.19,6.46,5.56,5.66,43873
20081211,WYNN,43.68,44.87,40.38,40.7,16272
20081211,X,37.2,40.7,36.28,37.22,150313
20081211,XEL,18.06,18.68,17.93,18.13,28078
20081211,XL,4.04,4.13,3.25,3.44,191106
20081211,XLNX,16.82,17.48,16.62,16.74,66442
20081211,XOM,80.33,81.92,79.41,80.02,500817
20081211,XRAY,26.08,26.97,26.07,26.28,20262
20081211,XRX,7.44,7.7925,7.34,7.48,53309
20081211,XTO,38.4,39.9,36.37,37.08,102682
20081211,YHOO,13.28,13.36,12.57,12.73,272537
20081211,YUM,29.72,30,27.74,28.19,50649
20081211,ZION,27.55,28.97,26.59,26.94,15476
20081211,ZMH,38.57,41.4,38.19,39.4,22663
