20080229,A,31.27,31.43,30.51,30.61,35467
20080229,AA,38.77,38.82,36.94,37.14,226118
20080229,AAPL,129.31,130.21,124.8,125.02,448385
20080229,ABC,41.93,41.95,41.29,41.72,22542
20080229,ABI,33.64,33.9,33.22,33.71,24814
20080229,ABK,11,12.37,10.82,11.14,121022
20080229,ABT,54.12,54.12,53.23,53.55,53883
20080229,ACAS,37.05,37.13,36,36.29,17936
20080229,ACE,57.55,57.57,56.14,56.24,27218
20080229,ACS,52.34,52.49,50.39,50.75,13992
20080229,ADBE,34.91,34.92,33.48,33.65,123073
20080229,ADI,27.71,27.71,26.85,26.92,34660
20080229,ADM,46.3,46.42,44.75,45.1,39453
20080229,ADP,40,40.11,39.71,39.95,64156
20080229,ADSK,32.8,32.87,30.79,31.09,135752
20080229,AEE,43.08,43.15,42.37,42.7,16436
20080229,AEP,41.66,41.9,40.75,40.92,33644
20080229,AES,18.6,18.65,17.9,17.98,34060
20080229,AET,51.01,51.33,49.4,49.6,36665
20080229,AFL,63.23,63.25,62.19,62.41,29018
20080229,AGN,60.36,60.64,59.2,59.23,26913
20080229,AIG,47.06,47.7,46.25,46.86,491199
20080229,AIV,35.13,35.54,34.35,34.45,10064
20080229,AIZ,63.85,63.85,62.16,62.55,13586
20080229,AKAM,32.9,36,32.9,35.16,118919
20080229,ALL,47.95,48.7,47.57,47.73,52955
20080229,ALTR,17.48,17.63,17.07,17.11,66727
20080229,AMAT,19.6,19.88,19.12,19.17,255171
20080229,AMD,6.98,7.34,6.97,7.21,273868
20080229,AMGN,44.98,45.7,43.72,45.52,173993
20080229,AMP,53.25,53.25,50.44,50.64,21519
20080229,AMT,40.21,40.23,38.08,38.44,57569
20080229,AMZN,67,67.5,63.97,64.47,116645
20080229,AN,14.95,15.07,14.48,14.57,33969
20080229,ANF,78.57,80.03,76.77,77.53,14863
20080229,AOC,42.25,42.28,41.33,41.61,31708
20080229,APA,119.13,119.17,113.84,114.71,45316
20080229,APC,64.7,64.97,63.39,63.74,38109
20080229,APD,92.97,93.41,90.84,91.33,11900
20080229,APOL,63.22,64.23,61.24,61.38,39899
20080229,ASH,44.89,45.29,43.92,44.17,6024
20080229,ATI,82.56,84.64,76.52,77.35,32634
20080229,AVB,94.44,95.37,92.23,92.43,10458
20080229,AVP,38.8,38.86,37.9,38.06,25813
20080229,AVY,51.82,51.98,50.92,51.32,12863
20080229,AW,10.7,10.72,10.26,10.34,57560
20080229,AXP,44.02,44.09,42.14,42.3,143177
20080229,AYE,51.75,51.88,50.25,50.67,14183
20080229,AZO,118.18,119.4,114.63,115.08,6613
20080229,BA,84.03,84.5,82.4,82.79,76705
20080229,BAC,41.02,41.07,39.54,39.74,397140
20080229,BAX,59.26,59.83,58.73,59.02,40779
20080229,BBBY,28.98,29.25,28.21,28.34,46954
20080229,BBT,32.52,32.61,31.02,31.13,60636
20080229,BBY,44.41,44.85,42.77,43.01,68745
20080229,BC,16.81,16.85,16.19,16.29,16247
20080229,BCR,95.84,96.06,94.6501,94.79,6470
20080229,BDK,70.48,70.69,68.68,68.77,12894
20080229,BDX,91.04,91.28,90.28,90.42,11750
20080229,BEN,98.14,98.16,94.05,94.37,18350
20080229,BF.B,64.2,64.95,62.51,63.77,10355
20080229,BHI,69.74,69.8,66.98,67.29,34458
20080229,BIG,17.49,17.64,16.72,16.85,30848
20080229,BIIB,59.86,59.91,58.09,58.36,31356
20080229,BJS,26.71,26.74,25.75,25.94,43023
20080229,BK,45.78,45.84,43.62,43.87,119833
20080229,BLL,45.33,45.37,43.91,44.1,10789
20080229,BMC,31.8,32.51,31.66,32.28,33115
20080229,BMS,25.27,25.5,24.75,24.82,8371
20080229,BMY,22.98,22.98,22.56,22.61,163280
20080229,BNI,88.25,88.97,87.33,87.78,23935
20080229,BRCM,19.39,19.6,18.81,18.91,136543
20080229,BRL,47.8,48.12,46.83,47.15,21490
20080229,BSC,82.7,83.56,78.8,79.86,55442
20080229,BSX,12.63,12.73,12.44,12.59,76262
20080229,BTU,58.92,58.93,56.23,56.62,59719
20080229,BUD,48.19,48.19,47,47.09,56733
20080229,BXP,87.15,87.67,85.61,86.17,12902
20080229,C,24.66,24.73,23.49,23.71,1000048
20080229,CA,23.11,23.17,22.69,22.88,37812
20080229,CAG,22.13,22.28,22.05,22.1,27941
20080229,CAH,60.12,60.16,58.85,59.14,17038
20080229,CAM,44.35,45.3,42.28,42.48,39731
20080229,CAT,73.77,74.34,72,72.33,88234
20080229,CB,51.98,51.98,50.64,50.9,49562
20080229,CBE,43.72,43.75,41.73,41.93,16686
20080229,CBG,20.89,21.17,19.95,20.06,36128
20080229,CBH,38,38.35,37.55,37.78,26991
20080229,CBS,23.55,23.55,22.75,22.82,80659
20080229,CC,4.6,4.62,4.4,4.42,45896
20080229,CCE,24.73,24.76,24.35,24.43,30210
20080229,CCL,40.59,40.59,39.12,39.35,45415
20080229,CCU,32.2,32.8,31.75,32,76995
20080229,CEG,91.15,91.15,87.83,88.35,18563
20080229,CELG,56.95,57.25,55.76,56.4099,63725
20080229,CFC,6.55,6.55,6.11,6.31,351155
20080229,CHK,46.09,46.13,45,45.22,106178
20080229,CHRW,52.15,52.23,50.72,50.77,17457
20080229,CI,45.84,45.955,44.4,44.58,20766
20080229,CIEN,27,27.15,25.67,25.83,29317
20080229,CINF,37.87,37.96,37.06,37.17,15592
20080229,CIT,24.19,24.19,22,22.22,45100
20080229,CL,76.52,77.59,76,76.09,19547
20080229,CLX,58.41,58.92,58.03,58.19,13692
20080229,CMA,36.88,37.21,36.05,36.24,34019
20080229,CMCSA,19.9,20.08,19.41,19.54,294870
20080229,CME,512.95,516.77,505.38,513.3,5841
20080229,CMI,52.12,52.12,50.06,50.38,25408
20080229,CMS,14.82,14.85,14.35,14.39,42295
20080229,CNP,15.26,15.26,14.59,14.68,35747
20080229,CNX,79.35,79.67,75.5,75.98,25422
20080229,COF,47.98,48.3,45.74,46.03,67285
20080229,COH,31.01,31.43,30.16,30.32,42957
20080229,COL,58.61,59.14,58.29,58.9,17221
20080229,COP,85.15,85.27,82.2,82.71,107953
20080229,COST,62.76,63.25,61.64,61.92,53992
20080229,COV,42.58,43.23,42.48,42.79,16019
20080229,CPB,32.57,32.94,32.12,32.29,24920
20080229,CPWR,8.12,8.12,7.89,7.96,33480
20080229,CSC,43.9,44.5,43.34,43.45,14760
20080229,CSCO,24.3,24.77,24.28,24.39,724104
20080229,CSX,48.77,49.89,47.72,48.52,64604
20080229,CTAS,29.57,29.84,28.7,28.78,19305
20080229,CTL,37.03,37.34,36.13,36.19,11547
20080229,CTSH,31.82,31.98,30.19,30.21,46792
20080229,CTX,23.41,23.41,22.02,22.19,54901
20080229,CTXS,33.51,33.56,32.43,32.93,46833
20080229,CVG,14.5,14.64,14.37,14.44,8854
20080229,CVH,52.56,52.98,51.57,51.87,12818
20080229,CVS,40.41,41.15,40.22,40.38,117091
20080229,CVX,88.47,88.6,85.98,86.66,129836
20080229,CZN,11.24,11.24,10.74,10.74,47398
20080229,D,41.11,41.26,39.78,39.94,39542
20080229,DD,46.81,47.1,46.15,46.42,78309
20080229,DDR,38.74,39.4,38.54,38.56,11779
20080229,DDS,15.03,15.68,14.68,14.79,16369
20080229,DE,86.85,87.24,84.85,85.21,52081
20080229,DELL,20.71,21.18,19.66,19.9001,719071
20080229,DF,21.35,21.93,21.03,21.52,82932
20080229,DFS,15.57,15.9385,15.09,15.09,38028
20080229,DGX,48.86,48.86,47.51,47.67,17243
20080229,DHI,15.11,15.23,13.86,14.03,139419
20080229,DHR,73.85,74.43,73.57,74.15,28310
20080229,DIS,32.13,32.85,32.13,32.41,145758
20080229,DOV,41.57,42,41.24,41.51,19116
20080229,DOW,38.55,38.55,37.5,37.69,67374
20080229,DRI,30.83,31.84,30.67,30.83,20669
20080229,DTE,41.52,41.52,39.62,39.81,14679
20080229,DTV,25.44,26.03,24.95,25.05,62845
20080229,DUK,17.89,17.89,17.47,17.54,140020
20080229,DVN,104.46,105.57,101.64,102.72,45369
20080229,DYN,7.82,7.8348,7.36,7.4,97203
20080229,EBAY,27.01,27.08,26.17,26.36,174751
20080229,ECL,47.53,47.82,46.61,46.79,12355
20080229,ED,41.22,41.26,40.57,40.89,36594
20080229,EDS,18.07,18.07,17.25,17.32,50368
20080229,EFX,35.32,35.32,34.2,34.22,11958
20080229,EIX,49.94,50.25,49,49.4,29085
20080229,EK,17.82,17.82,16.94,16.98,33174
20080229,EL,42.46,42.79,42.025,42.58,15866
20080229,EMC,15.57,15.67,15.36,15.54,546633
20080229,EMN,66.42,67.03,65.55,65.81,11901
20080229,EMR,52.67,52.74,50.76,50.96,45220
20080229,EOG,123.13,123.89,117.93,118.99,54434
20080229,EP,16.77,16.77,16.02,16.3,113166
20080229,EQ,42.5,42.76,41.75,41.94,12750
20080229,EQR,38.46,38.89,38.04,38.18,34169
20080229,ERTS,46.34,47.31,45.58,47.29,62774
20080229,ESRX,62.71,62.71,59.09,59.1,61505
20080229,ESV,60.69,61.15,59.32,59.84,36314
20080229,ETFC,4.59,4.64,4.25,4.27,530403
20080229,ETN,82.87,82.87,80.56,80.63,18022
20080229,ETR,103.44,106.08,101.96,102.74,22581
20080229,EXC,76.58,77.08,74.39,74.85,36451
20080229,EXPD,40,40.84,39.24,39.32,26963
20080229,EXPE,23.06,23.26,22.56,22.93,35044
20080229,F,6.57,6.62,6.49,6.53,474354
20080229,FCX,105.61,105.87,99.95,100.86,128443
20080229,FDO,19.9,20.15,19.05,19.15,18576
20080229,FDX,88.6,89.79,88.02,88.13,27910
20080229,FE,69.4,69.73,67.3,67.59,26838
20080229,FHN,18.05,18.18,16.2,16.24,40726
20080229,FII,41.68,41.9,40.46,40.58,12088
20080229,FIS,41.99,42.19,41.28,41.49,13736
20080229,FISV,52.17,52.67,51.6,52.62,25471
20080229,FITB,23.74,23.83,22.72,22.9,79440
20080229,FLR,142.94,145.22,138.26,139.25,24379
20080229,FNM,27.42,28.24,27.05,27.65,197121
20080229,FO,66.56,66.83,64.81,64.98,10747
20080229,FPL,63.21,63.21,59.71,60.29,38069
20080229,FRE,24.26,25.96,24.01,25.18,231140
20080229,FRX,40.35,40.51,39.49,39.77,26500
20080229,GAS,35.1,35.31,33.99,34.1,12782
20080229,GCI,30.24,30.65,30.01,30.15,35103
20080229,GD,82.25,82.72,81.65,81.85,19083
20080229,GE,33.74,33.75,33.09,33.14,521514
20080229,GENZ,72.31,73.52,70.73,70.92,27869
20080229,GGP,35.63,36.11,35,35.31,34817
20080229,GILD,45.66,48.25,45.5,47.32,199951
20080229,GIS,55.96,56.65,55.62,55.99,23378
20080229,GLW,23.55,23.63,23.14,23.23,106188
20080229,GM,23.85,24.27,23.19,23.28,240441
20080229,GME,44.89,44.89,42.27,42.36,41503
20080229,GNW,23.4,23.69,23.08,23.18,41908
20080229,GOOG,472,479.74,464.65,471.18,94266
20080229,GPC,42.22,42.32,41.19,41.25,16532
20080229,GPS,20.7,20.7,20.01,20.17,220420
20080229,GR,60.55,60.77,59.04,59.23,13065
20080229,GS,174.39,175.54,169,169.63,111165
20080229,GT,28.5,28.5,26.87,27.1,26860
20080229,GWW,74.73,74.73,73.41,73.66,13145
20080229,HAL,38.75,38.81,37.91,38.3,140958
20080229,HAR,41.82,42.48,41.07,41.2,11337
20080229,HAS,26.49,26.56,25.67,25.77,19180
20080229,HBAN,12.35,12.7,12.2,12.22,92593
20080229,HCBK,16.17,16.32,15.77,15.87,71114
20080229,HD,27.52,27.65,26.41,26.55,218988
20080229,HES,94.73,94.73,92.4,93.18,23448
20080229,HIG,71.97,71.97,69.73,69.9,31392
20080229,HNZ,44.46,44.99,43.9,44.11,29133
20080229,HOG,39,39,37.01,37.16,27711
20080229,HON,58.42,58.57,57.46,57.54,41195
20080229,HOT,47.38,48.76,46.88,47.33,39308
20080229,HPC,18.73,18.79,18.24,18.32,15181
20080229,HPQ,48.11,48.62,47.61,47.77,141871
20080229,HRB,19.06,19.27,18.57,18.65,26799
20080229,HSP,42.71,43,42.28,42.56,15584
20080229,HST,16.08,16.32,16.04,16.19,65713
20080229,HSY,36.71,37.44,36.71,37.08,22675
20080229,HUM,70.61,70.89,68.12,68.33,15669
20080229,IACI,21.14,21.37,19.76,19.9,69399
20080229,IBM,114.04,115.14,113.35,113.86,84755
20080229,ICE,132.35,134.8,129.87,130.3,13974
20080229,IFF,43.79,44.24,42.94,43.13,11380
20080229,IGT,46.03,46.66,44.94,45.15,34839
20080229,INTC,20.38,20.39,19.94,19.9699,771703
20080229,INTU,27.41,27.41,26.53,26.56,53861
20080229,IP,32.3,32.31,31.53,31.7,33794
20080229,IPG,8.98,8.98,8.4,8.62,111590
20080229,IR,42.03,42.68,41.18,41.86,67900
20080229,ITT,57.64,57.64,56.07,56.24,14644
20080229,ITW,49.49,49.62,48.95,49.07,62202
20080229,JAVA,17.12,17.12,16.26,16.4,164178
20080229,JBL,13.5,13.6425,12.87,12.92,29535
20080229,JCI,34.15,34.22,32.67,32.86,32813
20080229,JCP,47.27,48.1,45.9,46.21,45390
20080229,JDSU,13.37,13.42,13.05,13.15,52561
20080229,JEC,83.68,83.68,79.95,80.29,21483
20080229,JNJ,62.7,62.75,61.88,61.96,120283
20080229,JNPR,28.15,28.25,26.72,26.82,153601
20080229,JNS,24.64,24.9,24.09,24.22,56892
20080229,JNY,14.29,14.66,14.04,14.11,15146
20080229,JPM,41.88,41.97,40.38,40.65,368569
20080229,JWN,37.7,38.64,36.75,37.03,55291
20080229,K,51,51.51,50.61,50.72,21415
20080229,KBH,25.01,25.35,23.69,23.93,47083
20080229,KEY,22.8,23.2,21.88,22.05,61472
20080229,KFT,31.63,32.08,31.08,31.17,95565
20080229,KG,11.15,11.15,10.55,10.6,27520
20080229,KIM,34.22,34.47,33.62,33.77,18530
20080229,KLAC,42.63,43.09,41.87,42.01,60095
20080229,KMB,65.22,65.65,65.03,65.18,22423
20080229,KO,59.1,59.33,58.18,58.46,79836
20080229,KR,24.94,24.98,24.18,24.25,60381
20080229,KSS,45.19,46.24,44,44.44,79306
20080229,LEG,17.11,17.15,16.61,16.7,20098
20080229,LEH,53.84,54.37,50.7,50.99,196544
20080229,LEN,19.18,19.39,18.5,18.61,50075
20080229,LH,78.99,78.99,77.27,77.31,10974
20080229,LIZ,18.65,18.72,17.76,17.78,17770
20080229,LLL,109.34,109.79,105.88,106.29,9306
20080229,LLTC,28.36,28.42,27.67,27.71,41072
20080229,LLY,50.47,50.71,49.67,50.02,69025
20080229,LM,68.12,68.12,65.64,66.04,17428
20080229,LMT,104,104.33,102.87,103.2,19588
20080229,LNC,52.98,53.08,51.05,51.11,23235
20080229,LOW,24.36,24.54,23.78,23.97,116238
20080229,LSI,5.2,5.26,5,5.04,77466
20080229,LTD,15.7,15.97,15.17,15.25,91470
20080229,LTR,42.5,42.65,41.7,41.84,44854
20080229,LUK,45.98,46.66,44.93,45.26,9218
20080229,LUV,12.49,12.62,12.21,12.26,55283
20080229,LXK,33.93,33.95,32.8,33.03,17354
20080229,M,25.49,25.68,24.56,24.68,57339
20080229,MAR,34.5,34.97,33.95,34.1,31312
20080229,MAS,19.35,19.45,18.58,18.69,63764
20080229,MAT,20.13,20.17,19.27,19.32,35306
20080229,MBI,13.46,13.69,12.77,12.97,128921
20080229,MCD,54.3,54.76,53.94,54.11,74615
20080229,MCHP,31.37,31.61,30.64,30.78,89543
20080229,MCK,59.84,59.84,58.54,58.76,19607
20080229,MCO,39.97,39.97,37.8,37.98,35450
20080229,MDP,44.35,44.35,43.32,43.35,7609
20080229,MDT,49.2,49.79,49.2,49.36,55521
20080229,MER,50.98,51.26,49.43,49.56,240383
20080229,MET,59.49,59.74,57.99,58.26,68725
20080229,MHP,41.57,41.83,40.86,40.93,19596
20080229,MHS,45.38,45.67,44.15,44.31,60169
20080229,MI,24.03,24.34,23.08,23.2,41850
20080229,MIL,71.52,71.59,69.53,69.9,10220
20080229,MKC,34.68,35.36,34.37,34.45,6552
20080229,MMC,26.04,26.15,25.4,25.47,41572
20080229,MMM,79.65,79.65,78.19,78.4,30912
20080229,MNST,27.29,27.35,26.36,26.59,24246
20080229,MO,73.46,73.715,72.9,73.14,101117
20080229,MOLX,22.8,22.95,22.45,22.53,14634
20080229,MON,117.51,118.95,115.04,115.68,51325
20080229,MOT,10.31,10.35,9.83,9.97,525022
20080229,MRK,44.85,44.97,44.13,44.3,171588
20080229,MRO,53.66,53.71,52.97,53.16,69812
20080229,MS,43.6,44,41.93,42.12,155644
20080229,MSFT,27.61,27.83,27.02,27.1999,1174113
20080229,MTB,83.28,83.86,81.65,82.08,11710
20080229,MTG,15.74,15.86,14.75,14.81,23488
20080229,MTW,41.96,42.27,40.34,40.74,17039
20080229,MU,7.5,7.85,7.44,7.52,155499
20080229,MUR,83.16,83.16,79.87,80.38,11969
20080229,MWV,26.42,26.42,25.48,25.66,22955
20080229,MYL,12,12.12,11.71,11.84,115924
20080229,NBL,81.01,81.01,77.11,77.4,17196
20080229,NBR,32.15,32.21,31.35,31.53,54352
20080229,NCC,16.35,16.59,15.79,15.86,134796
20080229,NE,51.44,51.44,48.96,49.15,35081
20080229,NEM,52.36,52.69,50.97,51.17,65657
20080229,NI,17.63,17.74,17.12,17.19,23959
20080229,NKE,61.31,61.71,59.96,60.2,29517
20080229,NOC,79.26,79.69,78.44,78.61,20255
20080229,NOV,65.8,65.8,62,62.3,44936
20080229,NOVL,6.83,7.59,6.76,7.45,162882
20080229,NSC,53.79,54.03,52.6,52.89,33443
20080229,NSM,17.01,17.08,16.41,16.47,59592
20080229,NTAP,22.19,22.24,21.37,21.62,95889
20080229,NTRS,68.97,69.22,67.29,67.63,20099
20080229,NUE,67.41,67.58,64.3,64.57,51002
20080229,NVDA,21.63,21.92,21.3,21.39,135145
20080229,NVLS,22.82,22.9,22.01,22.08,37862
20080229,NWL,23.57,23.57,22.62,22.7,26765
20080229,NWS.A,18.82,18.83,18.34,18.41,103503
20080229,NYT,18.55,19.34,18.13,18.63,15437
20080229,NYX,66.8,66.93,65.5,65.67,49351
20080229,ODP,11.86,11.9,11.25,11.37,59737
20080229,OMC,44.95,45.45,44.47,44.67,27232
20080229,OMX,22.16,22.18,20.94,21.27,11708
20080229,ORCL,19.18,19.195,18.73,18.8,438031
20080229,OXY,79.67,79.67,76.55,77.37,68389
20080229,PAYX,32,32,31.35,31.46,55141
20080229,PBG,34.7,34.78,33.87,34.01,17789
20080229,PBI,36.3,36.31,35.63,35.78,11834
20080229,PCAR,44.22,44.56,43.31,43.38,43054
20080229,PCG,38.67,38.84,37.56,37.66,24251
20080229,PCL,41.16,41.45,40.54,40.69,15185
20080229,PCP,113.99,114.58,109.83,110.39,13241
20080229,PDCO,36.16,36.444,35.15,35.2,13018
20080229,PEG,45.29,45.44,43.85,44.1,27112
20080229,PEP,70.42,70.67,69.35,69.56,58933
20080229,PFE,22.65,22.67,22.2,22.28,472297
20080229,PFG,56.19,57.11,55.07,55.23,29463
20080229,PG,66.55,66.96,66.04,66.18,146401
20080229,PGN,43.14,43.39,41.75,41.91,25386
20080229,PGR,18.66,18.81,18.24,18.33,54606
20080229,PH,66.02,66.22,64.36,64.63,17762
20080229,PHM,14.66,14.66,12.69,13.54,87779
20080229,PKI,24.61,25.22,24.55,24.82,10461
20080229,PLD,54.45,54.98,53.65,53.88,24439
20080229,PLL,40.3,40.41,39.32,39.37,11243
20080229,PNC,61.81,62.93,61.05,61.43,49407
20080229,PNW,36.54,36.59,35.43,35.55,11542
20080229,POM,25.85,25.9,25.07,25.27,10597
20080229,PPG,63.53,63.57,61.6,61.98,16695
20080229,PPL,46.05,46.51,45.13,45.38,30054
20080229,PRU,74.18,74.56,72.65,72.97,45364
20080229,PSA,81.23,82.75,80.7,81.36,14345
20080229,PTV,25.79,26.62,25.07,25.32,27446
20080229,PX,81.86,82.76,79.95,80.28,16911
20080229,Q,5.63,5.64,5.39,5.4,135071
20080229,QCOM,42.65,42.9,42.11,42.3899,197017
20080229,QLGC,16.27,16.44,15.79,15.85,35406
20080229,R,58.83,59.03,57.34,57.61,12708
20080229,RAI,63.71,64.19,63.56,63.72,14252
20080229,RDC,41.78,41.78,39.88,40.31,31388
20080229,RF,21.77,21.77,21.1,21.2,100537
20080229,RHI,27.11,27.135,26.64,26.95,16017
20080229,RIG,142.58,143.39,139.51,140.51,66396
20080229,RL,64.81,65.44,61.89,62.19,21376
20080229,ROH,54.29,54.51,53.46,53.61,18657
20080229,ROK,56.51,56.74,54.53,54.71,15690
20080229,RRC,63.99,63.99,60.62,61.18,23832
20080229,RRD,32.28,32.475,31.66,31.83,15864
20080229,RSH,17.93,18.17,17.32,17.45,37862
20080229,RTN,65.69,65.78,64.65,64.84,27870
20080229,RX,23.15,23.27,22.37,22.51,23367
20080229,S,7.87,7.97,7.08,7.11,908388
20080229,SAF,47.15,47.41,46.12,46.26,12382
20080229,SBUX,18.36,18.5,17.93,17.978,136420
20080229,SCHW,19.91,20.14,19.5,19.61,141120
20080229,SE,23.94,23.98,23,23.11,31806
20080229,SEE,24.56,24.63,24.14,24.21,14858
20080229,SGP,22.11,22.15,21.55,21.7,134075
20080229,SHLD,99.78,100.81,95.17,95.62,24684
20080229,SHW,52.86,53.17,51.52,51.78,23837
20080229,SIAL,54.57,55.64,54.41,55.02,18686
20080229,SII,64.87,65.82,62.33,63.03,30968
20080229,SLB,88.91,89.19,85.93,86.45,86062
20080229,SLE,12.95,12.97,12.61,12.63,74344
20080229,SLM,21.36,21.49,19.03,19.61,144704
20080229,SNA,51.52,51.58,49.75,49.92,6215
20080229,SNDK,24.08,24.24,23.4,23.55,83451
20080229,SO,35.01,35.24,34.4,34.53,76367
20080229,SOV,11.21,11.29,10.95,11.03,63829
20080229,SPG,84.99,85.55,83.45,83.8,19193
20080229,SPLS,22.97,22.97,22.1,22.25,90743
20080229,SRE,54.37,54.4,52.58,53.13,28276
20080229,SSP,42.62,42.7799,41.71,41.77,8506
20080229,STI,59.67,59.69,57.65,58.13,37887
20080229,STJ,43.04,43.45,42.76,42.98,19495
20080229,STR,56.39,56.66,54.88,55.25,11945
20080229,STT,80.96,80.96,77.96,78.55,34357
20080229,STZ,19.68,20.69,19.14,19.21,19562
20080229,SUN,62.15,62.59,60.66,61.08,27350
20080229,SVU,27.03,27.26,26.09,26.25,27807
20080229,SWK,49.14,49.3,48.25,48.54,9962
20080229,SWY,29.4,29.4,28.63,28.74,59489
20080229,SYK,65.46,65.99,64.55,65.11,19178
20080229,SYMC,17.09,17.17,16.74,16.84,132910
20080229,SYY,28.9,29.02,27.96,28.06,46785
20080229,T,35.62,35.68,34.83,34.83,337725
20080229,TAP,53.73,54.53,53.45,53.96,17261
20080229,TDC,25.71,25.95,25.12,25.23,6445
20080229,TE,15.25,15.33,14.95,14.98,18279
20080229,TEG,47.22,47.22,45.78,45.93,4193
20080229,TEL,33.04,33.58,32.71,32.9,25005
20080229,TER,12.1,12.215,11.95,11.99,40721
20080229,TEX,69.05,69.05,66.79,67.45,19899
20080229,TGT,53.33,54.3003,52.35,52.61,81173
20080229,THC,4.93,4.98,4.79,4.81,73947
20080229,TIE,23.14,23.21,20.41,20.62,57458
20080229,TIF,38.76,38.96,37.3,37.64,17447
20080229,TJX,32.15,32.75,31.78,32,50250
20080229,TLAB,6.54,6.77,6.51,6.58,96423
20080229,TMK,61.51,61.51,60.14,60.26,7049
20080229,TMO,56.51,56.94,55.59,55.93,25296
20080229,TROW,51.73,52.45,50.06,50.53,24779
20080229,TRV,47.66,47.66,46.17,46.41,56673
20080229,TSN,14.8,14.8,14.35,14.41,30168
20080229,TSO,37.87,38.02,36.83,37.14,39155
20080229,TSS,22.85,22.85,22.14,22.23,9144
20080229,TT,45.35,45.51,45.05,45.05,24091
20080229,TWX,15.84,15.91,15.56,15.61,256113
20080229,TXN,30.75,30.94,29.87,29.96,147058
20080229,TXT,55.73,55.8,54.03,54.17,17788
20080229,TYC,40.72,40.72,39.98,40.06,27472
20080229,UIS,4.23,4.3,4.11,4.13,24180
20080229,UNH,47.58,47.7,46.32,46.48,107850
20080229,UNM,23.22,23.3,22.84,22.91,27176
20080229,UNP,125.03,126.11,123.14,124.76,29413
20080229,UPS,71,71.41,70.13,70.24,65650
20080229,USB,32.52,32.67,31.8991,32.02,130827
20080229,UST,55.29,55.75,54.19,54.29,14597
20080229,UTX,71.24,71.85,70.36,70.51,46764
20080229,VAR,52.5,52.98,51.83,52.45,8167
20080229,VFC,78.3,78.3,75.61,76.04,7425
20080229,VIA.B,40.8,40.87,39.52,39.75,49352
20080229,VLO,58.49,58.9,57.36,57.77,75176
20080229,VMC,70.84,71.07,69.6,70.1,15318
20080229,VNO,83.43,84.86,83.01,83.56,16206
20080229,VRSN,35.85,36.08,34.71,34.8,52943
20080229,VZ,36.84,37.13,36.21,36.32,150859
20080229,WAG,37,37.19,36.38,36.51,52394
20080229,WAT,59.83,60,59.19,59.61,7148
20080229,WB,32.06,32.09,30.31,30.62,346832
20080229,WEN,24.39,24.6,24.09,24.28,12361
20080229,WFC,30.26,30.4,29.03,29.23,335103
20080229,WFMI,36.31,36.44,35,35.15,36962
20080229,WFR,77.96,78.6,76,76.28,39239
20080229,WFT,71.48,71.94,68.53,68.92,47102
20080229,WHR,89.27,89.47,84.16,84.37,20862
20080229,WIN,12.07,12.1,11.74,11.76,33498
20080229,WLP,72.42,72.42,69.81,70.08,69929
20080229,WM,15.45,15.45,14.75,14.8,345588
20080229,WMB,36.29,36.62,35.76,36.02,45328
20080229,WMI,33.73,33.73,32.75,32.83,31189
20080229,WMT,50.38,50.67,49.53,49.59,202195
20080229,WPI,27.71,28.07,27.46,27.81,22023
20080229,WPO,731.3,733,715.03,724,263
20080229,WU,21.1,21.16,20.73,20.8,46717
20080229,WWY,60.46,60.65,59.6,59.86,11976
20080229,WY,63,63.19,60.85,61.2,27781
20080229,WYE,41.95,43.86,41.57,43.62,130548
20080229,WYN,22.36,22.66,22.05,22.17,12018
20080229,X,113.5,113.75,106.76,108.45,57388
20080229,XEL,20.07,20.19,19.7,19.82,29491
20080229,XL,37.77,37.89,35.9,36.06,20479
20080229,XLNX,22.22,22.52,22.06,22.36,119797
20080229,XOM,88.77,89.29,86.25,87.01,265402
20080229,XRX,14.91,15,14.65,14.7,46926
20080229,XTO,63.23,63.23,61.41,61.71,68157
20080229,YHOO,28.01,28.41,27.5,27.78,238610
20080229,YUM,35,35.12,34.35,34.45,41604
20080229,ZION,49.8,49.96,47.33,47.75,29745
20080229,ZMH,76.76,76.91,75,75.29,17182
