20080702,A,35.63,36.07,35.28,35.36,26413
20080702,AA,34.76,34.76,32.06,32.11,199942
20080702,AAPL,175.05,177.45,168.1788,168.18,299517
20080702,ABC,39.32,39.89,38.85,38.89,10276
20080702,ABI,32.76,33.46,32.74,33.12,26945
20080702,ABT,54.36,54.94,54.1,54.24,52831
20080702,ACAS,23.85,24.85,23.17,23.2,35389
20080702,ACE,55.3,55.9,54.53,54.61,22562
20080702,ACS,52.39,52.75,50.89,50.89,11114
20080702,ADBE,40.5,41.3,39.8088,39.81,71826
20080702,ADI,31.8,33.1,30.99,31.24,49579
20080702,ADM,33.48,33.91,32.16,32.16,69721
20080702,ADP,42.7,43.13,42,42.1,44678
20080702,ADSK,34.62,34.62,33.57,33.65,53271
20080702,AEE,42.64,43.16,42.43,42.43,8513
20080702,AEP,40.26,40.59,39.9,39.9,27115
20080702,AES,19.27,19.34,18.77,18.77,45627
20080702,AET,40.14,41.92,39.75,39.79,57513
20080702,AFL,63.04,63.63,62.32,62.35,24054
20080702,AGN,52.42,53.55,52.18,52.44,32185
20080702,AIG,26.77,27.34,26.465,26.75,307081
20080702,AIV,34.18,34.42,33.34,33.34,10659
20080702,AIZ,66.95,69.01,66.9,68.1,13774
20080702,AKAM,35.69,35.72,33.67,33.8,55515
20080702,AKS,65.86,66.99,56.28,56.65,78935
20080702,ALL,46.52,47.05,46.2,46.73,49335
20080702,ALTR,20.69,20.88,19.71,19.82,114373
20080702,AMAT,19.3,19.4,18.71,18.8,199037
20080702,AMD,5.77,5.84,5.42,5.44,240786
20080702,AMGN,48.5,49.26,48.28,48.84,142989
20080702,AMP,41.34,41.9,40.01,40.09,33772
20080702,AMT,40.81,41.07,39.3,39.36,56722
20080702,AMZN,74.05,74.41,71.38,71.44,70449
20080702,AN,10.14,10.25,9.41,9.44,85740
20080702,ANF,63.19,64.43,61.21,61.41,24106
20080702,AOC,47.1,47.62,46.65,46.67,17787
20080702,APA,142.5,145,134.4,134.43,54615
20080702,APC,74.59,75.9,69.79,70.08,90636
20080702,APD,99.15,99.99,95.33,95.44,29052
20080702,APOL,55.17,57.94,53.94,54.78,143161
20080702,ASH,48.78,48.97,46.12,46.23,10130
20080702,ATI,58.52,58.52,52.6,52.63,35657
20080702,AVB,89.1,90.19,87.44,87.65,7851
20080702,AVP,35.69,35.7,35,35.08,39933
20080702,AVY,43.33,43.46,42.39,42.39,13401
20080702,AW,12.06,12.55,12.06,12.33,64162
20080702,AXP,40.11,40.9,39.5,39.62,166541
20080702,AYE,50.59,51.14,50.11,50.11,13095
20080702,AZO,122.24,122.34,118.45,118.45,10781
20080702,BA,65.82,65.99,63.9,63.9,101367
20080702,BAC,24.05,24.29,22.54,22.54,760796
20080702,BAX,64.5,64.6,63.83,63.83,31908
20080702,BBBY,29,29.36,27.96,28.01,67417
20080702,BBT,24.11,25.49,23.61,23.66,152371
20080702,BBY,40.15,40.55,39.55,39.65,67828
20080702,BCR,88.05,88.35,87.37,87.37,5885
20080702,BDK,55.41,56.99,55.41,55.66,12046
20080702,BDX,83.29,83.31,81.84,82.29,11957
20080702,BEN,94.63,94.63,90.85,90.85,25612
20080702,BF.B,71.51,72.36,66.98,68.69,11675
20080702,BHI,88.51,90.48,84.78,84.8,48332
20080702,BIG,32,32.97,31.91,32.14,33296
20080702,BIIB,59.37,59.38,57.88,58.36,31235
20080702,BJS,33.01,33.72,31.54,31.69,113910
20080702,BK,38.52,39.41,36.31,36.5,134659
20080702,BLL,46.88,47.17,45.96,45.96,8565
20080702,BMC,36.01,37,35.93,36.03,21827
20080702,BMS,22.45,22.52,22.05,22.1,15946
20080702,BMY,20.7,20.96,20.55,20.59,145002
20080702,BNI,97.88,98.14,92.18,92.52,66204
20080702,BRCM,26.87,27.33,26.1,26.31,138243
20080702,BRL,44.46,45.34,43.99,44.17,13241
20080702,BSX,12.15,12.59,12.15,12.41,93934
20080702,BTU,85.01,86,76.25,77.9,196246
20080702,BUD,61.83,62.09,61.38,61.68,114033
20080702,BXP,91.9,91.95,88.74,88.76,13679
20080702,C,17.27,17.58,16.79,16.84,892707
20080702,CA,22.99,23.18,22.37,22.39,39365
20080702,CAG,19.9,19.91,19.39,19.44,91209
20080702,CAH,50.58,51.34,50.58,50.73,18326
20080702,CAM,58.53,58.53,54.13,54.37,37788
20080702,CAT,74.01,74.19,70.34,70.42,115132
20080702,CB,49.74,50.58,49.74,50.06,28113
20080702,CBE,39.85,39.85,36.96,37.11,25653
20080702,CBG,19.24,19.41,18.25,18.33,31713
20080702,CBS,19.28,19.37,18.72,18.73,61395
20080702,CCE,17.08,17.23,17,17.12,27004
20080702,CCL,32.61,32.9,32.15,32.23,61473
20080702,CCU,35.3,35.35,35.17,35.17,49988
20080702,CEG,83.05,84.35,82.3,82.97,12530
20080702,CELG,69.21,69.24,67.4,67.87,81412
20080702,CHK,73.1,74,69.22,69.4,315461
20080702,CHRW,54.75,54.75,52.24,52.51,27149
20080702,CI,35.66,36.79,35.5,35.72,52950
20080702,CIEN,23.52,23.91,23.11,23.22,42044
20080702,CINF,25.39,25.96,25.22,25.24,21999
20080702,CIT,8.98,9.19,8.39,8.4,180795
20080702,CL,69.69,69.72,68.9,69.03,27200
20080702,CLX,52.6,52.89,52.29,52.55,16744
20080702,CMA,27.02,28.03,25.59,25.59,59393
20080702,CMCSA,18.9,18.99,18.38,18.44,267274
20080702,CME,363.89,372.9,350.68,351.08,14362
20080702,CMI,65.38,67.08,61.59,61.77,41702
20080702,CMS,14.96,14.99,14.53,14.57,44155
20080702,CNP,16.15,16.27,16,16.01,26996
20080702,CNX,110.01,110.92,93.45,95.57,132958
20080702,COF,40.16,41.16,38.8,38.89,100809
20080702,COG,69.8,72.92,65.93,66.21,30860
20080702,COH,29.2,30.27,28.3,28.36,59013
20080702,COL,49.52,49.58,47.82,47.85,25491
20080702,COP,94.5,94.6,90.5,90.75,187746
20080702,COST,72.65,73.94,72.04,72.13,52257
20080702,COV,48.8,49,48.27,48.62,25003
20080702,CPB,34.22,34.22,33.59,33.82,27488
20080702,CPWR,9.99,10.3,9.76,9.8,76801
20080702,CSC,47.24,47.92,47.02,47.37,16425
20080702,CSCO,23.13,23.19,22.67,22.84,593870
20080702,CSX,60.92,61.4888,56.52,57.06,96370
20080702,CTAS,27.11,27.43,26.16,26.17,19258
20080702,CTL,35.79,35.79,34.44,34.46,25307
20080702,CTSH,31.75,32.5,31.29,31.37,43635
20080702,CTX,13.69,14.3,13,13.05,54152
20080702,CTXS,29.11,29.55,28.79,28.92,62380
20080702,CVG,14.73,14.73,14.43,14.46,7736
20080702,CVH,30.91,32.84,30.42,31.02,30682
20080702,CVS,39.27,39.27,38.47,38.7,112583
20080702,CVX,99.1,100,97.17,97.42,175799
20080702,CZN,11.65,11.77,11.52,11.55,49225
20080702,D,47.86,48.5,47.46,47.49,37448
20080702,DD,42.9,43.2,41.63,41.65,89380
20080702,DDR,34.62,34.65,33.1,33.13,19843
20080702,DDS,10.99,11.48,10.32,10.39,30800
20080702,DE,73.84,74.18,70.2,70.25,64190
20080702,DELL,22.7,23.18,22.69,22.7,379906
20080702,DF,19.33,19.43,19,19.15,20253
20080702,DFS,14.06,14.15,13.72,13.76,61419
20080702,DGX,47.61,48.16,47.57,48,11267
20080702,DHI,11.19,11.4,10.55,10.6,66753
20080702,DHR,77,77.62,75.09,75.17,27533
20080702,DIS,31.11,31.25,30.7,30.71,136334
20080702,DOV,48.34,48.51,47.06,47.14,22416
20080702,DOW,35.18,35.27,33.87,33.92,81661
20080702,DRI,32.32,32.65,30.67,30.72,25151
20080702,DTE,41.67,43.93,41.47,43.2,20558
20080702,DTV,25.95,25.99,25.2588,25.26,106630
20080702,DUK,17.23,17.5,17.23,17.26,72637
20080702,DVN,124.84,127.43,118.2,118.89,73351
20080702,DYN,8.84,8.91,8.46,8.49,87222
20080702,EBAY,27.99,27.99,27.03,27.11,121038
20080702,ECL,43.07,43.52,42.44,42.44,17486
20080702,ED,38.85,39.02,38.38,38.38,19029
20080702,EDS,24.65,24.69,24.65,24.66,88632
20080702,EFX,33.86,34.03,33.09,33.09,7017
20080702,EIX,51.52,51.97,51.01,51.02,11811
20080702,EK,14.41,14.41,13.81,13.83,47713
20080702,EL,46.28,46.45,44.38,44.81,24006
20080702,EMC,14.77,15.14,14.65,14.98,356200
20080702,EMN,68.4,68.73,66.11,66.11,13357
20080702,EMR,50.05,50.05,48.06,48.14,49527
20080702,EOG,132.25,133.89,124.51,124.57,34847
20080702,EP,21.8,22.47,21.36,21.5,129117
20080702,EQ,47.55,47.75,45.32,45.38,26826
20080702,EQR,38.1,38.22,37.23,37.29,23367
20080702,ERTS,45.14,45.55,43.6,43.62,46347
20080702,ESRX,63.69,63.87,62.01,62.77,24099
20080702,ESV,78.87,80.84,75.27,75.75,46354
20080702,ETFC,3.18,3.42,3.18,3.23,214497
20080702,ETN,84.84,84.84,82.15,82.2,17449
20080702,ETR,121.55,122.88,120.99,120.99,14539
20080702,EXC,90.52,92,90.32,90.54,32991
20080702,EXPD,42.48,42.49,40.8,40.85,29947
20080702,EXPE,18.34,18.34,17.4588,17.46,47911
20080702,F,4.74,4.81,4.36,4.36,642645
20080702,FCX,116.01,117,107.55,107.57,161109
20080702,FDO,22.87,23.1,21.29,21.95,154446
20080702,FDX,76.8,77.35,74.69,74.7,28667
20080702,FE,82.6,83.049,81.54,81.57,19041
20080702,FHN,7.92,8.34,7.61,7.67,67011
20080702,FII,34.74,34.84,33.7,33.86,11885
20080702,FIS,37,37.5,36.95,37.25,23177
20080702,FISV,47.09,48.44,47,47.75,40204
20080702,FITB,11.23,11.47,10.64,10.65,260250
20080702,FLR,192.75,192.9,179.46,179.96,13827
20080702,FNM,19.9,19.96,19.32,19.43,268227
20080702,FO,53.87,55.5,53.87,54.22,42555
20080702,FPL,66.03,66.8,65.38,65.76,18225
20080702,FRE,16.34,16.59,15.83,15.92,146861
20080702,FRX,34.44,35.09,34.44,34.67,25206
20080702,GAS,42.92,43.25,42.43,42.55,5261
20080702,GCI,20.99,21.26,19.82,19.83,61042
20080702,GD,84.4,84.4,81.82,81.86,15756
20080702,GE,27.2,27.26,26.46,26.51,612729
20080702,GENZ,72.39,73.25,71.44,72.46,23920
20080702,GGP,34.94,35.17,33.58,33.6,34411
20080702,GILD,52.82,52.85,50.96,51.29,113202
20080702,GIS,60.99,61.18,60.51,60.57,28921
20080702,GLW,22.69,22.84,22.19,22.24,164027
20080702,GM,11.22,11.45,9.96,9.98,603251
20080702,GME,41,42.41,40.31,40.41,39511
20080702,GNW,18,18.27,17.75,17.77,35769
20080702,GOOG,535.77,540.38,526.06,527.04,42254
20080702,GPC,39.57,39.97,39.33,39.33,15066
20080702,GPS,17.07,17.24,16.67,16.69,84245
20080702,GR,47.5,47.91,46.07,46.07,18350
20080702,GS,176.77,182.64,175.19,178.79,162586
20080702,GT,18.13,18.21,17.49,17.55,65918
20080702,GWW,82.4,82.76,79.74,79.8,13878
20080702,HAL,54.25,55.38,52.91,52.94,226161
20080702,HAR,39.17,40.18,38.43,38.43,10781
20080702,HAS,35.42,35.815,34.43,34.48,31550
20080702,HBAN,6.14,6.35,5.65,5.74,239168
20080702,HCBK,16.98,17.25,16.55,16.59,72679
20080702,HCP,31.98,32.48,31.65,31.8,20708
20080702,HD,23.25,23.5,22.47,22.52,227541
20080702,HES,127.75,129,119.72,119.98,36187
20080702,HIG,64.87,65.54,64.03,64.15,39874
20080702,HNZ,47.44,47.66,47.14,47.15,39170
20080702,HOG,36.82,37.05,35.4,35.47,30269
20080702,HON,51.37,51.37,49.62,49.62,72591
20080702,HOT,39,39,37.25,37.31,34233
20080702,HPC,16.8,16.9,16.33,16.38,16361
20080702,HPQ,44.25,44.45,43.51,43.61,104612
20080702,HRB,21.34,22.16,21.12,21.88,62927
20080702,HSP,40.12,40.48,40.11,40.3,11650
20080702,HST,13.5,13.54,12.92,12.93,140331
20080702,HSY,32.78,32.81,32.46,32.68,12524
20080702,HUM,41.04,42.3,39.79,39.94,40339
20080702,IACI,19.33,19.33,18.4188,18.42,33563
20080702,IBM,118.41,120.55,118.12,119.1,80940
20080702,ICE,116,116.39,108,108.1,19067
20080702,IFF,39.11,39.44,38.27,38.27,7296
20080702,IGT,24.33,24.61,23.56,23.64,54311
20080702,INTC,21.6,21.81,20.87,20.93,479022
20080702,INTU,28.12,28.14,27.2,27.24,40600
20080702,IP,23.6,23.75,22.51,22.52,78175
20080702,IPG,8.41,8.42,8.17,8.2,32256
20080702,IR,36.95,37.14,35.57,35.62,62418
20080702,ISRG,261.26,265.98,249.84,250.16,7773
20080702,ITT,62.6,62.83,60.69,60.78,15699
20080702,ITW,47.5,47.85,46.16,46.16,36997
20080702,JAVA,10.71,10.96,10.622,10.66,140348
20080702,JBL,16.58,16.94,16.08,16.14,63628
20080702,JCI,29.24,29.24,28.16,28.33,65118
20080702,JCP,36.13,37.49,35.98,35.98,51972
20080702,JDSU,11.25,11.37,10.9288,10.93,60108
20080702,JEC,81.43,81.81,76.69,76.72,13440
20080702,JNJ,64.94,65.11,64.5,64.64,107079
20080702,JNPR,21.7,22.4,21.47,21.87,150598
20080702,JNS,26.2,26.52,25.39,25.48,28833
20080702,JNY,13.54,13.84,13.22,13.27,15240
20080702,JPM,34.36,35.7474,34.23,34.6,517529
20080702,JWN,30.81,31.47,30.45,30.45,48217
20080702,K,48.18,48.66,47.98,48.46,31986
20080702,KBH,17.34,17.44,16.62,16.65,47108
20080702,KEY,11.37,11.76,11.09,11.12,115115
20080702,KFT,28.4,28.92,28.33,28.72,104958
20080702,KG,10.5,10.84,10.45,10.71,21604
20080702,KIM,34.9,34.9,33.77,33.81,46873
20080702,KLAC,41.52,42.03,40.2,40.31,41193
20080702,KMB,60.18,60.61,59.62,59.65,26952
20080702,KO,51.01,51.56,50.87,51.37,162530
20080702,KR,29.54,29.75,28.94,29,68963
20080702,KSS,41.43,43.16,41,41.11,96202
20080702,L,47.08,48.5,46.41,46.42,23674
20080702,LEG,16.44,16.58,14.96,14.98,60758
20080702,LEH,21,23.44,20.11,22.36,738315
20080702,LEN,11.91,12.09,11.45,11.45,65564
20080702,LH,69.4,69.4,67.46,67.51,17602
20080702,LIZ,14.115,14.115,13.01,13.08,39046
20080702,LLL,89.06,89.15,87.55,87.57,17607
20080702,LLTC,32.86,33.02,31.98,32.06,59959
20080702,LLY,46.1,46.69,45.91,46.09,46560
20080702,LM,41.09,41.24,39.23,39.27,46638
20080702,LMT,101.55,102.28,100.07,100.3,19560
20080702,LNC,46.41,47.29,45.33,45.38,23548
20080702,LO,68.15,69.08,67.97,68.25,11304
20080702,LOW,20.65,21.07,20.23,20.23,145461
20080702,LSI,6.11,6.29,5.89,5.9,132763
20080702,LTD,17.25,17.45,16.7,16.7,53773
20080702,LUK,46.48,46.52,45.32,45.34,14468
20080702,LUV,13.06,13.48,12.84,12.85,77202
20080702,LXK,32.51,33.43,32.4,32.4,18884
20080702,M,19.54,19.96,18.67,18.83,88802
20080702,MAR,25.77,26.2,25.25,25.28,52226
20080702,MAS,15.73,15.73,14.79,14.91,64916
20080702,MAT,17.17,17.55,17.06,17.14,45110
20080702,MBI,4.27,4.28,3.97,3.97,63050
20080702,MCD,57.4,58.43,57.18,57.43,98649
20080702,MCHP,30.62,30.69,29.61,29.68,25127
20080702,MCK,54.85,56.06,54.85,54.91,13060
20080702,MCO,34,34.93,33.31,33.45,61070
20080702,MDP,27.49,27.91,26.97,27.01,8141
20080702,MDT,51.74,51.74,50.93,50.94,59713
20080702,MEE,92.01,92.3,74.55,74.87,119503
20080702,MER,31.7,32.48,30.91,31.15,289496
20080702,MET,52.7,54.08,52.57,52.69,59903
20080702,MHP,40.58,40.63,39.01,39.01,20321
20080702,MHS,46.85,47.13,46.33,46.36,32047
20080702,MI,15.7,16.2,14.72,14.76,92879
20080702,MIL,67.88,68.15,66.98,67.08,6682
20080702,MKC,35.68,35.68,35.2,35.5,8881
20080702,MMC,26.62,27.35,26.54,26.75,49970
20080702,MMM,70.18,70.18,68.48,68.48,46611
20080702,MNST,19.43,19.69,18.505,18.67,40800
20080702,MO,20.32,20.35,19.86,19.92,172353
20080702,MOLX,24.28,24.29,23.15,23.22,12500
20080702,MON,126.19,126.91,119.26,119.41,79790
20080702,MOT,7.47,7.47,7.15,7.15,293596
20080702,MRK,38.87,38.9,37.95,38.04,177934
20080702,MRO,52.74,53.98,51.25,51.56,103582
20080702,MS,36.58,37.015,35.75,35.87,178200
20080702,MSFT,26.88,27,25.8788,25.88,847028
20080702,MTB,73.48,76.54,73.22,73.86,34163
20080702,MTG,6.53,7.23,6.35,6.48,40894
20080702,MTW,31.65,31.65,28.35,28.83,63755
20080702,MU,5.9,6.04,5.83,5.91,362321
20080702,MUR,101.25,101.47,95.1,95.13,23530
20080702,MWV,24,24.29,23.17,23.2,20295
20080702,MYL,12.07,12.3,12.05,12.15,43767
20080702,NBL,102.8,104.5,95.81,95.84,26096
20080702,NBR,49.25,50.35,48.96,49.11,115491
20080702,NCC,4.62,4.9,4.58,4.61,187047
20080702,NE,65.88,67.12,62.65,62.79,57118
20080702,NEM,53.36,53.39,50.9,50.99,88394
20080702,NI,18.19,18.45,18.15,18.26,28219
20080702,NKE,59.33,59.92,57.98,58.09,48758
20080702,NOC,66.75,67.14,65.94,65.94,21688
20080702,NOV,90.93,92.7,85.49,85.58,77113
20080702,NOVL,5.99,6.06,5.92,5.94,37704
20080702,NSC,61.57,61.76,57.71,57.82,44814
20080702,NSM,20.41,20.78,19.97,20.09,54766
20080702,NTAP,22.07,22.32,21.76,21.99,71650
20080702,NTRS,70.99,71.31,68.28,68.53,23138
20080702,NUE,72.78,72.82,61.7,61.94,216531
20080702,NVDA,18.66,18.78,18,18.03,195327
20080702,NVLS,21.93,22,21.34,21.43,32483
20080702,NWL,16.69,16.77,16.12,16.13,43348
20080702,NWS.A,14.86,14.97,14.41,14.41,214774
20080702,NYT,15.73,15.88,15.22,15.24,13306
20080702,NYX,50.12,50.12,47.66,47.72,43762
20080702,ODP,11.2,11.43,10.83,10.84,34316
20080702,OMC,44,44.2,43.19,43.19,42678
20080702,ORCL,21.28,21.4,20.8,20.82,323342
20080702,OXY,91.29,92.49,87.84,88.42,122098
20080702,PAYX,31.92,32.15,30.8,30.84,50616
20080702,PBG,27.85,28.56,27.84,28.3,31226
20080702,PBI,33.9,34.03,33.14,33.19,12016
20080702,PCAR,42.94,42.95,39.8588,39.86,46464
20080702,PCG,39.9,40.05,39.44,39.44,17195
20080702,PCL,43.73,43.89,42.19,42.19,16734
20080702,PCP,98.05,99.8,93.56,93.78,21322
20080702,PDCO,29.06,29.58,28.92,29.13,14690
20080702,PEG,46.75,47.33,46.29,46.47,23917
20080702,PEP,64.51,65.99,64.45,65.76,93559
20080702,PFE,17.84,17.86,17.6,17.62,383211
20080702,PFG,40.94,42.37,40.94,41.44,28607
20080702,PG,61.95,62.935,61.65,62.69,188764
20080702,PGN,41.76,42.2,41.55,41.64,15590
20080702,PGR,19.2,19.84,19.09,19.43,82694
20080702,PH,72.03,72.26,70.02,70.24,34586
20080702,PHM,9.75,9.96,9.33,9.34,65836
20080702,PKI,27.57,28.04,27.36,27.98,12940
20080702,PLD,53.32,53.6,51.54,51.68,36410
20080702,PLL,39.65,39.94,38.9,38.91,10822
20080702,PM,50.47,51.07,49.87,50.6,79599
20080702,PNC,58.07,59.24,57.02,57.03,45886
20080702,PNW,31.31,31.46,30.91,30.91,7849
20080702,POM,25.71,25.88,25.32,25.32,10471
20080702,PPG,57.88,57.97,55.56,55.65,19038
20080702,PPL,53.25,53.78,52.68,52.74,23529
20080702,PRU,61.86,63.34,61.25,61.66,64639
20080702,PSA,81.4,82.59,79.98,80.34,16540
20080702,PTV,21.23,21.23,20.64,20.67,17296
20080702,PX,94.59,95.13,90.97,90.97,33703
20080702,Q,3.86,3.9,3.64,3.65,162527
20080702,QCOM,46.11,46.64,45.01,45.05,232200
20080702,QLGC,14.38,14.59,13.86,13.9,34548
20080702,R,68.98,69.2512,66.92,66.97,11857
20080702,RAI,46.24,47.8068,46.23,47.17,38123
20080702,RDC,45.94,46.84,43.61,43.77,37781
20080702,RF,11.81,12.18,10.52,10.59,222268
20080702,RHI,23.88,24,22.81,22.86,26807
20080702,RIG,152.85,154.5,145.67,146.05,62172
20080702,RL,63.26,65.54,62.61,62.61,18019
20080702,ROH,47,47,45.24,45.26,22321
20080702,ROK,43.68,43.68,42.3,42.32,25185
20080702,RRC,68.98,72.98,65.97,66.43,55689
20080702,RRD,29.48,29.9,28.6,28.6,18487
20080702,RSH,12.34,12.68,11.99,12.04,54141
20080702,RTN,57.87,57.87,56.17,56.34,41182
20080702,RX,23.24,23.74,23.15,23.38,12096
20080702,S,8.88,9.1,8.68,8.74,292873
20080702,SAF,67.3,67.3,67.09,67.09,33955
20080702,SBUX,16.02,16.05,15.53,15.68,238515
20080702,SCHW,21.1,21.25,20.38,20.47,88921
20080702,SE,28.85,28.96,27.88,27.95,49736
20080702,SEE,18.86,18.91,18.4,18.42,15293
20080702,SGP,19.75,19.85,19.36,19.47,251801
20080702,SHLD,72.9,75.67,72.69,73.75,40280
20080702,SHW,48.69,48.94,46.47,46.7,31918
20080702,SIAL,53.96,53.96,52.84,52.87,19826
20080702,SII,84.94,88.4,81.04,81.43,47497
20080702,SLB,110.36,111.951,103.23,103.36,113433
20080702,SLE,12.25,12.3,12.1,12.12,39505
20080702,SLM,19.64,19.8,18.76,18.82,64844
20080702,SNA,51.21,51.64,50.74,50.79,4402
20080702,SNDK,18.51,19.2,18.42,18.72,211662
20080702,SNI,39.85,42.77,39.01,41.75,10469
20080702,SO,35.25,35.46,35.1,35.21,45345
20080702,SOV,7.69,7.8,7.25,7.27,86586
20080702,SPG,89.8,90.31,88.06,88.17,21971
20080702,SPLS,24.24,24.24,23.09,23.12,110651
20080702,SRE,58.01,58.03,56.81,56.81,19189
20080702,STI,36.86,37.86,36.11,36.17,70526
20080702,STJ,40.18,41,40.18,40.77,29475
20080702,STR,74.24,74.865,70.47,70.82,21444
20080702,STT,63.86,64.49,61.41,61.48,55526
20080702,STZ,21.09,21.5,20.75,21.11,35095
20080702,SUN,41.13,42.74,40.88,40.9,93378
20080702,SVU,31.56,31.66,30.3,30.34,23990
20080702,SWK,44.38,44.64,43.31,43.31,7448
20080702,SWN,49.75,52.69,47.58,47.61,78750
20080702,SWY,28.08,28.88,28.02,28.02,37666
20080702,SYK,62.57,63.64,62.49,62.56,8842
20080702,SYMC,20.1,20.12,19.5,19.54,165626
20080702,SYY,27.56,27.69,27.18,27.21,43572
20080702,T,33.47,33.51,32.84,32.89,265870
20080702,TAP,55.53,56.32,53.68,54.38,17535
20080702,TDC,22.75,22.98,22.39,22.43,16710
20080702,TE,21.44,21.8,20.51,20.68,84513
20080702,TEG,51.29,51.9,51.1,51.11,3578
20080702,TEL,35.52,36.11,35.39,35.39,24006
20080702,TER,11.35,11.35,10.41,10.56,55772
20080702,TEX,52.06,52.12,47.05,47.22,34721
20080702,TGT,47.8,48.2,46.58,46.69,117640
20080702,THC,5.73,5.97,5.65,5.66,77141
20080702,TIE,13.83,15,12.63,12.68,36168
20080702,TIF,41.61,42.24,40.12,40.2,23721
20080702,TJX,31.98,32.05,31.23,31.23,49875
20080702,TLAB,4.6,4.6,4.4188,4.42,40903
20080702,TMK,59.4,59.94,58.85,58.87,7436
20080702,TMO,56.29,57.25,56.13,56.58,34212
20080702,TROW,55.83,56,52.91,53.11,29374
20080702,TRV,44.68,44.94,44.02,44.08,69346
20080702,TSN,14.44,14.81,14.28,14.31,53080
20080702,TSO,19.59,19.99,19.11,19.28,109756
20080702,TSS,22.53,22.76,22.12,22.14,7704
20080702,TWX,14.66,14.95,14.54,14.55,291677
20080702,TXN,27.8,27.95,27.12,27.2,182463
20080702,TXT,49.07,49.9,46.95,46.95,31219
20080702,TYC,40.21,40.44,39.3,39.32,46656
20080702,UIS,3.81,3.85,3.52,3.54,48141
20080702,UNH,27.02,27.3,25.04,25.12,274019
20080702,UNM,20.96,21.46,20.96,21,31681
20080702,UNP,74.07,74.34,69.99,70.21,53322
20080702,UPS,60.76,60.96,58.54,58.54,88396
20080702,USB,28.51,29.07,28.08,28.1,177108
20080702,UST,55.88,55.96,54.64,54.73,12735
20080702,UTX,61.02,61.21,59.7,59.7,90327
20080702,VAR,50.85,51.34,50.64,50.77,8004
20080702,VFC,75.71,77.49,74.89,75,14645
20080702,VIA.B,30.36,30.75,30.02,30.02,53387
20080702,VLO,40.32,40.64,37.76,37.92,134486
20080702,VMC,57.94,59.66,56.08,56.39,24586
20080702,VNO,88.58,89.85,87.47,87.47,12865
20080702,VRSN,38.81,38.81,37.2188,37.22,27765
20080702,VZ,35.72,35.99,35.5,35.63,170687
20080702,WAG,32.47,32.47,31.34,31.39,125444
20080702,WAT,65.77,66.25,65.01,65.35,11402
20080702,WB,16.16,17,15.32,15.38,531907
20080702,WEN,27.46,27.49,26.86,26.86,9572
20080702,WFC,24.22,24.78,23.55,23.59,340457
20080702,WFMI,23.67,23.81,22.7188,22.72,45036
20080702,WFR,59.6,60.71,57.07,57.29,50876
20080702,WFT,47.99,49.36,45.68,45.75,98866
20080702,WHR,61.24,62.22,60.61,60.86,14011
20080702,WIN,12.54,12.94,12.15,12.19,48667
20080702,WLP,47.8,49.49,47.08,47.15,54906
20080702,WM,5.29,5.53,5.25,5.31,385665
20080702,WMB,40.03,40.5,38.5,38.5,79958
20080702,WMI,37.25,37.34,36.28,36.35,36517
20080702,WMT,57.25,57.8,56.45,56.5,207702
20080702,WPI,27.16,27.55,27.07,27.17,8690
20080702,WPO,589,595.39,573.23,574.25,497
20080702,WU,24.9,24.91,23.52,23.89,132090
20080702,WWY,77.72,77.75,77.54,77.74,22184
20080702,WY,50.72,51.7,49.6,49.6,27768
20080702,WYE,47.46,47.67,46.44,46.44,80027
20080702,WYN,17.64,18.26,17.4,17.43,19848
20080702,X,175.69,182.79,151.61,153.4,164235
20080702,XEL,20.41,20.49,20.18,20.19,21363
20080702,XL,20.9,21.74,20.79,20.94,49316
20080702,XLNX,24.48,24.54,23.69,23.78,85270
20080702,XOM,88.5,89.63,87.24,87.41,342800
20080702,XRX,13.37,13.4,12.91,13.23,104844
20080702,XTO,69.99,71.36,66.51,66.71,111832
20080702,YHOO,21.9,21.9,20.67,20.88,584440
20080702,YUM,35.7,35.82,35.12,35.15,47593
20080702,ZION,32.92,33.82,31.49,31.62,43736
20080702,ZMH,67.76,68.6,67.24,67.81,11835
