20080328,A,29.31,29.74,29.3,29.58,31964
20080328,AA,35.8,36.28,34.82,36.11,123976
20080328,AAPL,141.82,144.65,141.6,143.01,255470
20080328,ABC,41.14,41.41,40.87,40.99,10116
20080328,ABI,33.59,33.8,33.44,33.53,12098
20080328,ABK,6.18,6.18,5.77,5.81,57868
20080328,ABT,53.71,54.21,52.95,53.07,48477
20080328,ACAS,35.85,35.85,34.65,34.67,36816
20080328,ACE,55.02,55.42,54.3,54.47,22414
20080328,ACS,50.11,51.2,50.11,50.34,8131
20080328,ADBE,36.07,36.63,35.2,35.33,72292
20080328,ADI,29.46,29.98,28.96,28.96,56190
20080328,ADM,42.06,43,41.86,42.28,36749
20080328,ADP,42.18,42.24,41.74,41.79,21985
20080328,ADSK,32.61,32.61,31.67,31.77,36673
20080328,AEE,44.27,44.48,43.32,43.44,12325
20080328,AEP,41.55,41.87,40.85,40.97,13399
20080328,AES,16.39,16.73,16.28,16.32,42313
20080328,AET,42.7,43.18,42.4,42.54,33704
20080328,AFL,64.27,64.88,63.66,64.32,29750
20080328,AGN,57.52,57.7,56.19,56.33,11803
20080328,AIG,43.62,44.35,42.77,42.8,126367
20080328,AIV,35.68,36.53,35.23,35.23,14070
20080328,AIZ,61.51,61.69,60.06,60.25,6832
20080328,AKAM,30.39,31.11,29.49,29.58,50885
20080328,ALL,48.21,48.65,47.49,47.57,26088
20080328,ALTR,18.49,18.65,18.05,18.09,47947
20080328,AMAT,20.02,20.06,19.5,19.52,368859
20080328,AMD,6.22,6.22,5.76,5.91,357534
20080328,AMGN,41.76,41.87,41.37,41.45,84776
20080328,AMP,51.8,52.29,50.4,50.57,11859
20080328,AMT,40.49,40.65,38.68,38.94,42047
20080328,AMZN,71,72.21,69.26,69.76,52790
20080328,AN,15.3,15.33,14.58,14.65,18230
20080328,ANF,75,75.1,72.26,72.5,51083
20080328,AOC,39.9,40.29,39.47,39.59,16345
20080328,APA,119.84,122.11,118,119.05,38962
20080328,APC,64.48,64.72,62.54,62.9,41262
20080328,APD,93.28,93.28,90.9,90.98,10475
20080328,APOL,44.77,44.95,39.41,41.21,263205
20080328,ASH,47.9,47.91,46.96,47.09,5569
20080328,ATI,72.92,73.55,71,71.4,14995
20080328,AVB,97.18,97.35,95,95.1,19483
20080328,AVP,39.93,39.93,38.96,39.06,18267
20080328,AVY,48.93,48.96,47.64,47.78,8951
20080328,AW,10.6,10.77,10.55,10.69,62030
20080328,AXP,44.98,45.4,43.05,43.15,91027
20080328,AYE,50.58,50.94,49.85,50.06,6316
20080328,AZO,115.11,115.3,112.87,113.25,4548
20080328,BA,74.44,74.63,73.08,73.47,46169
20080328,BAC,38.78,39.15,37.98,38.07,384643
20080328,BAX,57.45,57.7,57.28,57.5,27414
20080328,BBBY,28.75,29.58,28.28,29.11,82097
20080328,BBT,32.88,33.38,32.34,32.46,50556
20080328,BBY,41.4,41.43,40.291,40.56,84158
20080328,BC,17.01,17.07,16.03,16.12,17214
20080328,BCR,98.97,99.5,97.36,97.51,6135
20080328,BDK,66,66.05,65.07,65.47,5180
20080328,BDX,87.95,88.71,87.04,87.23,6965
20080328,BEN,99.27,100,94.6,94.62,19313
20080328,BF.B,67,67.63,66.29,66.36,1934
20080328,BHI,68.92,69.22,66.86,67.35,41472
20080328,BIG,23.32,23.39,22.27,22.42,20088
20080328,BIIB,62.74,63.62,60.61,60.73,29533
20080328,BJS,28.02,28.65,27.78,28.39,56774
20080328,BK,42.24,42.87,41.15,41.29,72046
20080328,BLL,45.48,45.7,45.05,45.14,6255
20080328,BMC,32.4,32.88,32.19,32.42,18678
20080328,BMS,25.4,25.4,24.79,25.09,7870
20080328,BMY,21.42,21.74,21.4,21.48,100596
20080328,BNI,92.98,93.25,91.72,91.99,20820
20080328,BRCM,18.96,19.45,18.93,19.05,98745
20080328,BRL,48.36,48.37,47.6,47.69,7701
20080328,BSC,10.85,10.9,10.62,10.78,109245
20080328,BSX,12.91,12.97,12.58,12.61,94481
20080328,BTU,51.4,51.58,50.14,51.15,49361
20080328,BUD,48.1,48.49,47.92,48,33126
20080328,BXP,93,93.59,91.86,92.12,14092
20080328,C,21.86,21.97,20.7,20.83,850550
20080328,CA,22.84,23,22.45,22.53,26191
20080328,CAG,23.59,24.33,23.54,24.09,80750
20080328,CAH,52.95,53.26,52.48,52.57,14220
20080328,CAM,41.45,42.55,41.15,41.83,17207
20080328,CAT,77.37,78,76.44,77.09,44212
20080328,CB,49.86,50.06,49.49,49.55,23666
20080328,CBE,40.55,40.82,39.58,39.68,12253
20080328,CBG,21.2,21.56,20.85,20.96,19252
20080328,CBH,36.16,36.41,34.76,35,362168
20080328,CBS,22.57,22.62,21.9,21.94,62045
20080328,CC,4.21,4.21,3.89,3.94,288555
20080328,CCE,24.38,24.51,24.08,24.15,13485
20080328,CCL,40.76,40.93,39.6,39.7,34281
20080328,CCU,28.87,29.45,27.8401,29.2,195128
20080328,CEG,89.75,91.6784,88.01,88.47,18423
20080328,CELG,61.18,61.35,59.13,59.44,32847
20080328,CFC,5.96,5.97,5.52,5.63,163334
20080328,CHK,45.89,46.5,45.43,45.5,192202
20080328,CHRW,55.56,55.95,54.45,54.59,18074
20080328,CI,41.9,41.9,40.98,41.11,15593
20080328,CIEN,31.11,31.89,30.69,30.94,21459
20080328,CINF,38.1,38.56,37.76,37.78,9624
20080328,CIT,11.42,11.77,11.1601,11.6,108566
20080328,CL,78.25,78.5,77.9,78.12,17840
20080328,CLX,56.94,57,56.2,56.22,8488
20080328,CMA,36.05,36.29,35,35.06,29179
20080328,CMCSA,19.74,19.75,18.93,18.98,203554
20080328,CME,486.88,496.82,479,479.3,7281
20080328,CMI,48.2,49,47.28,47.52,20791
20080328,CMS,13.82,13.82,13.38,13.46,41609
20080328,CNP,14.31,14.34,14.02,14.05,27890
20080328,CNX,70.52,71.41,69.032,69.5,23949
20080328,COF,50.91,51.37,48.6,48.99,65913
20080328,COH,30.45,30.45,29.12,29.2,48056
20080328,COL,57.13,57.97,56.95,57.41,12982
20080328,COP,76.27,76.54,75.03,75.67,81550
20080328,COST,65.06,65.06,64.26,64.37,31159
20080328,COV,44.41,44.5,43.78,43.99,21675
20080328,CPB,33.66,34.08,33.62,33.77,14067
20080328,CPWR,7.47,7.53,7.13,7.23,45155
20080328,CSC,41.14,41.26,40.72,40.8,6647
20080328,CSCO,24.3,24.58,24,24.08,464990
20080328,CSX,55.83,57.53,55.62,56.55,80558
20080328,CTAS,28.51,28.59,27.79,27.85,8048
20080328,CTL,33.92,34.13,32.79,33.05,9435
20080328,CTSH,29.96,30.43,28.9,29.18,34414
20080328,CTX,23.4,24.14,23.09,23.6,32188
20080328,CTXS,31.38,31.8299,30.49,30.56,33029
20080328,CVG,15.14,15.32,15.04,15.12,8846
20080328,CVH,43.57,43.57,39.97,40.31,15292
20080328,CVS,41.1,41.47,40.77,40.85,55218
20080328,CVX,84.89,85.58,83.92,84.5,75221
20080328,CZN,10.6,10.76,10.42,10.45,30848
20080328,D,40.91,41.38,40.39,40.5,17402
20080328,DD,46.54,46.67,46,46.44,42469
20080328,DDR,41.85,42.43,41.42,41.57,16045
20080328,DDS,16.89,17.15,16.5,16.73,9635
20080328,DE,79.7,81.43,79.05,79.94,30679
20080328,DELL,19.62,19.87,19.53,19.61,156873
20080328,DF,20.03,20.24,19.8,20,16819
20080328,DFS,16.27,16.45,15.94,15.98,36736
20080328,DGX,45.76,46.03,45.34,45.79,10669
20080328,DHI,15.49,15.73,15.16,15.36,59778
20080328,DHR,76.68,76.68,74.8,75.12,23633
20080328,DIS,31.59,31.78,31,31,110210
20080328,DOV,41.49,41.93,41.15,41.21,7114
20080328,DOW,37.22,37.22,36.55,36.66,55704
20080328,DRI,32.29,32.94,31.37,31.69,20291
20080328,DTE,39.46,39.46,38.56,38.71,11662
20080328,DTV,24.91,25.14,24.57,24.64,40145
20080328,DUK,17.96,18,17.68,17.71,58280
20080328,DVN,105.94,107.33,103.74,104.32,54897
20080328,DYN,7.93,7.98,7.73,7.79,48993
20080328,EBAY,31.02,31.26,30.05,30.22,142216
20080328,ECL,43.59,43.8,42.65,42.88,14926
20080328,ED,40,40.19,39.3,39.45,24854
20080328,EDS,16.81,16.93,16.52,16.56,21112
20080328,EFX,34.96,34.97,34.2,34.28,3365
20080328,EIX,49.54,49.91,48.81,48.99,18591
20080328,EK,17.71,17.72,17.17,17.22,39228
20080328,EL,46.02,46.18,44.47,45.28,18508
20080328,EMC,14.4,14.46,14.25,14.3,205113
20080328,EMN,62.88,62.98,61.73,62.07,7411
20080328,EMR,51.52,52.01,51.07,51.18,25179
20080328,EOG,119,120.83,117.52,118.88,18983
20080328,EP,16.23,16.55,16.03,16.53,117111
20080328,EQ,40.06,40.35,38.86,38.93,11618
20080328,EQR,41.28,41.31,40.2,40.35,32364
20080328,ERTS,48.77,49.68,48.618,49.34,36443
20080328,ESRX,63.85,64.87,63.23,63.51,25621
20080328,ESV,62.08,62.08,59.56,59.9,44162
20080328,ETFC,3.88,3.93,3.72,3.74,175441
20080328,ETN,80.9,81.45,79.06,79.35,12835
20080328,ETR,109.03,110,107.8,108.06,12256
20080328,EXC,81.12,81.95,79.61,79.76,29540
20080328,EXPD,45.41,45.59,43.86,44,19557
20080328,EXPE,22.72,22.72,21.7,21.82,35760
20080328,F,5.89,5.9,5.58,5.59,397018
20080328,FCX,97.45,98.54,96.25,96.6,71294
20080328,FDO,20.13,20.13,18.9,19.12,19026
20080328,FDX,91.55,92.56,90.85,91.27,19709
20080328,FE,68.55,69.28,67.74,67.88,13304
20080328,FHN,15.83,15.83,14.72,14.75,38695
20080328,FII,39.25,39.5,38.03,38.08,9277
20080328,FIS,38.69,38.69,37.73,37.85,8004
20080328,FISV,48.4,48.78,47.7,47.76,9852
20080328,FITB,21.42,21.651,20.73,20.82,63955
20080328,FLR,139.11,142.62,137.51,140.35,11925
20080328,FNM,28.03,28.31,25.62,26.02,214022
20080328,FO,64.92,65.07,63.69,63.86,7202
20080328,FPL,63.38,63.95,61.81,61.96,17823
20080328,FRE,27.27,27.75,25.24,25.45,156932
20080328,FRX,39.98,40.3,39.19,39.32,10633
20080328,GAS,32.99,33.22,32.86,32.95,7330
20080328,GCI,29.1,29.11,28.01,28.54,29691
20080328,GD,83.55,84.42,83.17,83.36,13212
20080328,GE,36.87,37.06,36.51,36.61,343092
20080328,GENZ,74.15,74.65,72.68,73.04,18257
20080328,GGP,38.59,39.2,37.6,38.69,41369
20080328,GILD,50.26,50.81,49.44,49.61,64993
20080328,GIS,60.02,60.37,59.91,60.06,22582
20080328,GLW,24.25,24.53,24.09,24.12,89347
20080328,GM,19.39,19.42,18.53,18.67,130185
20080328,GME,53.81,53.81,51.44,51.89,28337
20080328,GNW,22.51,22.84,22.25,22.34,20937
20080328,GOOG,446.36,453.569,434.31,438.08,43770
20080328,GPC,39.81,40.08,39.75,39.81,9815
20080328,GPS,19.98,19.98,19.33,19.52,91644
20080328,GR,57.45,57.88,57.05,57.22,7483
20080328,GS,169.57,170.5,163.39,164.45,119813
20080328,GT,25.19,25.45,24.63,24.8,20039
20080328,GWW,76.8,77.99,74.755,76.46,10480
20080328,HAL,39.21,39.68,38.65,39.21,124873
20080328,HAR,44.45,45.5225,44,44.19,8105
20080328,HAS,28.15,28.54,28.07,28.17,15552
20080328,HBAN,11.01,11.4,10.67,10.7,68559
20080328,HCBK,17.89,18.23,17.72,17.75,81907
20080328,HD,27.6,27.87,27.28,27.38,158188
20080328,HES,89.55,90.04,87.94,88.37,23064
20080328,HIG,74.8,75.99,74.31,74.45,20486
20080328,HNZ,46.83,47.25,46.76,46.89,28656
20080328,HOG,38.75,39.2,37.85,37.93,15404
20080328,HON,55.47,56.3,55.17,55.85,43126
20080328,HOT,50.3,52.28,50.23,51.49,33947
20080328,HPC,18.44,18.48,17.93,17.96,10490
20080328,HPQ,46.95,47.2,45.93,46.09,101844
20080328,HRB,21.26,21.5,20.81,20.96,22982
20080328,HSP,42.82,43,42.27,42.33,5796
20080328,HST,16.63,16.7,16.16,16.21,76588
20080328,HSY,38.35,38.67,37.7,37.79,10212
20080328,HUM,46.01,46.55,45.2,45.2,26148
20080328,IACI,21.05,21.2,20.39,20.49,16601
20080328,IBM,115.86,116.75,114.21,114.57,66009
20080328,ICE,131.18,133.87,129,129.75,10983
20080328,IFF,43.55,44.13,43.37,43.64,6762
20080328,IGT,42.38,42.93,39.94,40.02,88827
20080328,INTC,21.21,21.43,20.73,20.79,594310
20080328,INTU,27.37,28.02,26.84,26.94,31093
20080328,IP,27.23,27.27,26.84,26.95,51648
20080328,IPG,8.43,8.5,8.36,8.4,65822
20080328,IR,43.79,44.21,43.35,43.82,29802
20080328,ITT,52.33,53.04,51.48,51.67,15921
20080328,ITW,48.05,48.77,47.72,47.89,22559
20080328,JAVA,16,16.2,15.67,15.72,110363
20080328,JBL,9.16,9.29,9.12,9.21,55907
20080328,JCI,33.89,34.11,32.95,33.13,19690
20080328,JCP,35.24,38.16,35,37.48,211520
20080328,JDSU,13.69,13.94,13,13.12,73671
20080328,JEC,74.16,75.95,73.73,74.09,12923
20080328,JNJ,64.84,65,64.06,64.18,87551
20080328,JNPR,25.09,25.26,24.24,24.3,124259
20080328,JNS,23.25,23.73,22.6,22.68,35678
20080328,JNY,14.23,14.29,13.23,13.39,20440
20080328,JPM,43.2,43.84,42.65,42.71,290126
20080328,JWN,32.94,33.69,32.51,32.62,47030
20080328,K,52.07,52.73,51.98,52.48,22006
20080328,KBH,24.32,25.09,24.02,24.54,73079
20080328,KEY,22.29,22.43,21.76,21.88,51753
20080328,KFT,31.03,31.15,30.57,30.82,76941
20080328,KG,8.77,8.77,8.6,8.65,25848
20080328,KIM,37.79,39.01,37.79,38.76,31164
20080328,KLAC,37.47,37.97,36.82,36.91,34713
20080328,KMB,64.45,64.49,63.69,64.08,18759
20080328,KO,61.58,61.6,60.88,60.94,68357
20080328,KR,24.93,25.38,24.76,25.16,57722
20080328,KSS,42.07,43.29,41.58,42.33,72495
20080328,LEG,15.17,15.17,14.77,14.88,16518
20080328,LEH,40.1,40.27,37.43,37.87,491017
20080328,LEN,17.79,18.56,17.75,17.94,87001
20080328,LH,74.3,74.78,72.91,73,15937
20080328,LIZ,18.5,18.6,17.76,17.77,24501
20080328,LLL,107.53,109.75,107.34,109.14,10672
20080328,LLTC,30.73,31.19,30.44,30.46,52677
20080328,LLY,50.58,51.08,50.15,50.29,53395
20080328,LM,56.18,56.96,53.9,54.12,38634
20080328,LMT,100.38,100.89,99.76,100.18,15521
20080328,LNC,52.01,52.61,50.96,51,14209
20080328,LOW,22.98,23.09,22.61,22.67,81091
20080328,LSI,5.02,5.09,4.93,4.98,76879
20080328,LTD,16.86,16.92,16.63,16.8,44335
20080328,LTR,40.36,40.66,40,40.06,14447
20080328,LUK,45.17,45.65,43.99,44.02,7166
20080328,LUV,12.23,12.38,11.85,12.03,110582
20080328,LXK,31.36,31.86,30.45,30.61,10265
20080328,M,21.98,23.19,21.91,21.97,112133
20080328,MAR,35,35.15,34.25,34.46,17993
20080328,MAS,20.03,20.18,19.23,19.28,59972
20080328,MAT,20.31,20.57,20.17,20.28,20733
20080328,MBI,12.54,12.86,11.9201,11.99,30806
20080328,MCD,55.69,55.94,55.23,55.48,47788
20080328,MCHP,33.37,33.65,32.44,32.5,24152
20080328,MCK,52.3,52.95,51.5,51.66,13806
20080328,MCO,36.92,36.92,35.01,35.03,16651
20080328,MDP,38.25,38.41,37.35,37.35,3870
20080328,MDT,48.2,48.49,47.81,47.86,28098
20080328,MER,42.01,42.2,39.65,39.93,534223
20080328,MET,60.1,60.69,59.2,59.35,47810
20080328,MHP,38.18,38.94,37.21,37.35,22861
20080328,MHS,44.1,44.22,43.52,43.68,38364
20080328,MI,23.74,23.88,22.55,22.68,43653
20080328,MIL,67.78,68.86,66.69,67.03,9183
20080328,MKC,37.53,37.53,36.26,36.87,10982
20080328,MMC,24.4,24.6,23.99,24.06,28653
20080328,MMM,78.39,78.94,77.85,77.95,20064
20080328,MNST,24.34,25.13,24.14,24.42,17108
20080328,MO,73.6,74.59,73.33,73.83,177606
20080328,MOLX,23.14,23.31,22.85,22.89,6545
20080328,MON,115.33,116.25,112.78,114.3,41242
20080328,MOT,9.57,9.6,9.18,9.21,232759
20080328,MRK,44.76,45.73,44.38,44.51,113432
20080328,MRO,47,47.28,46.29,46.46,69132
20080328,MS,45.8,46.51,44.24,44.74,154301
20080328,MSFT,28.23,28.43,27.83,27.91,492620
20080328,MTB,83.85,84.23,81.39,81.8,10676
20080328,MTG,10.97,10.97,9.6,10.04,82058
20080328,MTW,40.53,41.04,40.12,40.52,15810
20080328,MU,5.61,5.68,5.42,5.46,256958
20080328,MUR,81.27,82.1291,79.19,80.89,16790
20080328,MWV,27.03,27.24,26.72,26.77,14883
20080328,MYL,11.63,11.74,11.42,11.49,40511
20080328,NBL,72.01,74.13,71.96,72.88,14667
20080328,NBR,33.54,34.1,33.16,33.39,53351
20080328,NCC,11.84,11.84,10.03,10.15,191653
20080328,NE,48.51,48.86,47.85,48.05,22106
20080328,NEM,45.85,46.73,45.5,46.55,44796
20080328,NI,17.29,17.39,16.96,17.02,19025
20080328,NKE,66.33,66.43,65.1,65.86,53333
20080328,NOC,78.35,78.76,77.75,77.93,11244
20080328,NOV,56.19,58,55.91,56.75,28483
20080328,NOVL,6.19,6.32,6.17,6.21,30529
20080328,NSC,54.62,54.82,54.05,54.25,24383
20080328,NSM,18.27,18.72,18.06,18.11,56063
20080328,NTAP,20.3,20.6,20.05,20.12,53576
20080328,NTRS,66.96,67.99,65.35,65.53,14211
20080328,NUE,69.59,70.27,68.71,69.06,39847
20080328,NVDA,19.76,20.19,19.54,19.68,140447
20080328,NVLS,21.32,21.56,20.99,20.99,28966
20080328,NWL,23,23,22.42,22.54,12757
20080328,NWS.A,18.69,18.85,18.28,18.38,66818
20080328,NYT,19.85,19.85,18.38,18.43,15296
20080328,NYX,61.86,63.17,61,61.08,20342
20080328,ODP,11.57,11.67,11.08,11.13,31868
20080328,OMC,44.5,45.11,44.29,44.4,16788
20080328,OMX,19.8,19.82,19.05,19.16,11940
20080328,ORCL,19.57,19.86,19.32,19.37,381302
20080328,OXY,73.7,74.68,72.13,73.22,41482
20080328,PAYX,33.75,33.96,33.21,33.45,39213
20080328,PBG,33.96,34.85,33.955,34.37,14746
20080328,PBI,35.55,35.76,34.94,35.02,10912
20080328,PCAR,45.86,46.7,44.06,44.15,33284
20080328,PCG,37.09,37.24,36.35,36.46,14983
20080328,PCL,41.04,41.22,40.07,40.16,16490
20080328,PCP,102.15,104,100.72,101.35,12822
20080328,PDCO,36.46,36.89,36.18,36.27,11180
20080328,PEG,39.83,40.4,39.56,39.61,32690
20080328,PEP,71.4,72,71.4,71.56,37700
20080328,PFE,20.68,20.72,20.47,20.5,312038
20080328,PFG,55.25,55.65,54.55,54.66,17428
20080328,PG,69.55,70.04,69.37,69.44,74321
20080328,PGN,42.11,42.11,41.4,41.47,9871
20080328,PGR,16.04,16.27,15.94,15.96,27953
20080328,PH,67.11,68.31,66.63,67.56,14061
20080328,PHM,14.5,14.5,13.91,14.04,47127
20080328,PKI,24.16,24.46,23.94,24.14,9264
20080328,PLD,59.96,60.64,59.16,59.45,36574
20080328,PLL,38.18,38.75,38.11,38.25,13637
20080328,PNC,67.98,68.04,65.57,65.81,36575
20080328,PNW,35.58,35.68,34.7,34.73,6408
20080328,POM,25.03,25.03,24.73,24.89,16210
20080328,PPG,59.94,59.94,58.75,59.28,11816
20080328,PPL,46.62,47.04,45.74,45.92,16957
20080328,PRU,76.15,77.08,75.18,75.45,22187
20080328,PSA,88.95,89.56,88,88.2,12766
20080328,PTV,25.94,26.44,25.93,26.05,8212
20080328,PX,83.55,83.92,82.3,82.73,14515
20080328,Q,4.72,4.75,4.5,4.6,232018
20080328,QCOM,40.08,41.34,39.87,40.14,153473
20080328,QLGC,15.31,15.64,15.25,15.33,60716
20080328,R,62.5,62.82,60.73,60.83,8955
20080328,RAI,61.06,61.5,60.4,60.7,15608
20080328,RDC,38.94,38.96,37.71,37.88,36311
20080328,RF,20.63,20.9,19.59,19.65,62070
20080328,RHI,26.28,26.49,25.81,25.94,7144
20080328,RIG,134.3,135.88,132.92,134.17,48008
20080328,RL,57.6,59,56.79,57.62,31459
20080328,ROH,53.82,54.12,53.11,53.69,19551
20080328,ROK,57,57.94,56.64,57.03,20006
20080328,RRC,62.79,63.21,61.3,62.58,13289
20080328,RRD,29.39,29.71,29.15,29.56,13129
20080328,RSH,16.76,16.92,15.78,15.87,32308
20080328,RTN,64.33,65.33,64.24,64.5,18718
20080328,RX,21.45,21.52,20.84,20.87,18496
20080328,S,6.51,6.57,6.19,6.41,419535
20080328,SAF,43.51,43.79,43.04,43.14,7402
20080328,SBUX,17.8,17.8,17,17.05,118720
20080328,SCHW,18.54,18.73,18.02,18.04,102161
20080328,SE,22.9,23.17,22.54,22.65,23630
20080328,SEE,25.35,25.44,24.92,25,7056
20080328,SGP,19.49,19.87,19.4,19.47,168376
20080328,SHLD,104.4,106.7,100.77,102.2,23594
20080328,SHW,50.79,50.83,50.12,50.5,15772
20080328,SIAL,59.13,59.71,58.4,58.52,11920
20080328,SII,62.25,63.59,61.25,62.43,24358
20080328,SLB,85.63,86.96,84.18,85.66,67547
20080328,SLE,13.68,13.74,13.56,13.66,81818
20080328,SLM,16.27,16.58,14.86,15.16,97891
20080328,SNA,48.7,49.44,48.51,48.99,3782
20080328,SNDK,21.92,22,21.22,21.26,53896
20080328,SO,35.76,36,35.25,35.37,25655
20080328,SOV,9.72,9.8,9.24,9.28,39677
20080328,SPG,93.75,94.55,92.01,92.34,20314
20080328,SPLS,22.8,23.15,22.29,22.41,75951
20080328,SRE,53.58,54.49,52.84,52.98,30809
20080328,SSP,42.09,42.39,41.09,41.23,5972
20080328,STI,55.44,56.36,54.64,54.94,37637
20080328,STJ,43.71,44.02,43.24,43.31,13309
20080328,STR,56.5,57.12,55.72,56.01,7585
20080328,STT,80.88,81.75,78.43,78.63,30114
20080328,STZ,18.21,18.21,17.61,17.66,17914
20080328,SUN,51.06,53.14,50.94,52.26,34015
20080328,SVU,29.03,29.41,28.9,29.03,19642
20080328,SWK,48.08,48.22,47.11,47.12,6398
20080328,SWY,28.66,28.73,28.27,28.33,31388
20080328,SYK,65.18,66.31,64.58,64.75,13447
20080328,SYMC,17.16,17.34,16.8,16.82,98233
20080328,SYY,29.25,29.68,28.81,28.93,22751
20080328,T,37.77,38.39,37.56,37.66,172936
20080328,TAP,53.75,53.99,53.08,53.24,8075
20080328,TDC,22.6,22.99,21.92,21.92,8123
20080328,TE,15.88,15.9,15.56,15.6,30354
20080328,TEG,46.05,46.48,45.9,46.06,2968
20080328,TEL,33.93,34.16,33.43,33.83,17846
20080328,TER,12.85,12.85,12.35,12.41,22745
20080328,TEX,62.45,63.34,61.5,61.72,12630
20080328,TGT,50.05,50.52,49.49,49.69,133705
20080328,THC,5.34,5.76,5.31,5.51,117064
20080328,TIE,15,15.21,14.73,15.1,27428
20080328,TIF,40.88,42.59,39.65,41.15,45353
20080328,TJX,32.31,32.95,32.08,32.67,53245
20080328,TLAB,5.51,5.54,5.26,5.37,66320
20080328,TMK,59.98,60.48,59.54,59.63,4523
20080328,TMO,55.86,57.14,55.66,56.44,27133
20080328,TROW,50.61,51,48.89,48.91,19920
20080328,TRV,47.73,48.11,47.29,47.42,19406
20080328,TSN,16.37,16.42,16.1,16.13,20809
20080328,TSO,29.17,29.9496,28.81,29.23,41789
20080328,TSS,23.93,24.08,23.5,23.56,5786
20080328,TT,45.6,45.85,45.5,45.66,16511
20080328,TWX,14.33,14.4,13.82,13.87,327696
20080328,TXN,28.75,29.4,28.26,28.34,125065
20080328,TXT,54.41,55.45,54.21,54.62,11121
20080328,TYC,44.91,45.22,44.46,44.57,23004
20080328,UIS,4.32,4.45,4.32,4.34,18871
20080328,UNH,34.24,34.6,33.9,34.4,80484
20080328,UNM,21.97,22.04,21.69,21.76,37159
20080328,UNP,126.43,126.93,124.65,125.02,14971
20080328,UPS,73.04,73.31,72.21,72.26,32796
20080328,USB,33.23,33.57,32.6,32.66,93327
20080328,UST,55.1,55.79,54.79,55.42,10182
20080328,UTX,69.74,70.24,68.34,68.55,48421
20080328,VAR,47.27,48.34,47.06,47.18,6380
20080328,VFC,78.2,78.32,75.14,75.77,6921
20080328,VIA.B,39.91,40.42,38.99,38.99,15667
20080328,VLO,49.08,50.08,48.51,48.95,72909
20080328,VMC,67.45,68.03,65.93,66.18,8278
20080328,VNO,87.04,88.52,86.24,87.62,17352
20080328,VRSN,34.25,35,33.03,33.09,30823
20080328,VZ,36.05,36.37,35.82,35.85,104061
20080328,WAG,37.38,37.76,37.15,37.43,38819
20080328,WAT,56.69,56.83,55.56,55.72,7998
20080328,WB,27.1,27.49,25.89,25.99,280141
20080328,WEN,23.61,23.62,22.69,22.84,11766
20080328,WFC,30.41,30.52,29.21,29.35,288555
20080328,WFMI,33.72,33.72,32.23,32.48,27499
20080328,WFR,73.31,75,70,70.5,86668
20080328,WFT,70.19,72.13,68.99,71.13,39629
20080328,WHR,86,86.59,85.2,85.4,5748
20080328,WIN,11.7,11.92,11.64,11.68,30662
20080328,WLP,43.85,44.52,43.02,43.23,73436
20080328,WM,10.79,10.88,10,10.12,472115
20080328,WMB,33,33.23,32.29,32.47,45276
20080328,WMI,34.05,34.17,33.77,33.85,21032
20080328,WMT,52.01,52.67,51.77,52.12,150490
20080328,WPI,29.38,29.56,29.2,29.34,9559
20080328,WPO,650,654.64,636,641,356
20080328,WU,21.22,21.26,20.9,20.98,27562
20080328,WWY,62.17,62.78,62.12,62.66,11930
20080328,WY,64.9,65.21,63.38,63.7,15476
20080328,WYE,41.91,42.01,41.41,41.52,63673
20080328,WYN,20.79,20.86,20.3,20.36,16180
20080328,X,123.84,127.21,123.84,125.69,48293
20080328,XEL,20.08,20.18,19.85,19.87,32419
20080328,XL,29.95,30.25,29.35,29.5,16518
20080328,XLNX,23.55,23.71,23.06,23.09,101971
20080328,XOM,86.05,87.08,85,85.22,216736
20080328,XRX,15.01,16,14.84,14.88,46534
20080328,XTO,60.8,61.98,60.05,60.71,35211
20080328,YHOO,28.3,29.09,28.15,28.99,342772
20080328,YUM,37.81,37.81,36.69,36.85,22690
20080328,ZION,48.77,48.82,45.98,46.04,19695
20080328,ZMH,77.38,78.09,76.66,76.97,10973
