20081208,A,17.67,18.06,17.06,17.24,55922
20081208,AA,8.81,9.77,8.75,9.58,389958
20081208,AAPL,97.14,100.8,95.8,99.72,423461
20081208,ABC,31.37,31.61,30.26,30.85,20451
20081208,ABT,53.7,53.74,52.73,52.92,86143
20081208,ACAS,3.31,3.83,3.23,3.57,66397
20081208,ACS,40.41,41.38,40.09,40.6,8200
20081208,ADBE,21.85,23,21.85,22.6,79120
20081208,ADI,17.07,17.27,16.46,16.71,71116
20081208,ADM,26.59,27.24,26.24,26.81,83694
20081208,ADP,37.68,38.71,37.59,38.61,59002
20081208,ADSK,16.88,18.55,16.73,18.35,51827
20081208,AEE,34.13,34.24,32.44,33.2,13127
20081208,AEP,30.49,30.49,28.96,29.51,38385
20081208,AES,6.59,7.25,6.53,7.06,110817
20081208,AET,21.66,22.47,21.16,21.71,48059
20081208,AFL,45.56,46.37,43.45,44.14,59435
20081208,AGN,40.22,40.77,39.12,39.33,32532
20081208,AIG,2.04,2.07,1.92,1.93,547708
20081208,AIV,11.77,12.41,11.1,12.08,50881
20081208,AIZ,22.98,24.2,22.75,23.82,28207
20081208,AKAM,13.17,14.09,12.87,13.87,48055
20081208,AKS,7.76,9.24,7.73,8.99,100592
20081208,ALL,27.81,28.57,26.01,27.12,64216
20081208,ALTR,14.06,14.36,13.66,14.04,98881
20081208,AMAT,10.07,10.11,9.75,10.01,219678
20081208,AMD,2.25,2.3,2.02,2.1,226544
20081208,AMGN,58,58.64,56.84,58.17,110396
20081208,AMP,22.04,22.79,19.65,20.57,52888
20081208,AMT,30,30.25,28.83,29.11,48656
20081208,AMZN,49,52.14,47.36,51.41,109438
20081208,AN,9.85,10.55,9.76,10.16,28381
20081208,ANF,19.64,20.93,19.37,20.44,50851
20081208,AOC,44.33,44.91,43.64,44.31,28003
20081208,APA,66.1,69.2,65.16,67.29,61898
20081208,APC,35.66,35.93,32.77,34.01,107228
20081208,APD,49.22,52.04,48.74,52.01,31288
20081208,APH,21.32,22.66,21.32,22.32,19956
20081208,APOL,76.75,77.84,74.92,75.96,29641
20081208,ATI,22.54,24.79,22.27,24.2,20957
20081208,AVB,66.81,68,63.25,67.6,41077
20081208,AVP,22.41,22.41,20.8,21.43,42200
20081208,AVY,28,28.75,27.98,28.52,15812
20081208,AXP,22.57,24.86,22.37,24.44,203946
20081208,AYE,33.25,33.95,31.64,32.02,28234
20081208,AZO,123.9,125.07,115.26,116.5,18716
20081208,BA,40.35,43.69,40.04,42.85,130966
20081208,BAC,16.19,18,16.05,17.84,1641411
20081208,BAX,54.51,54.51,51.43,52.23,55738
20081208,BBBY,24.83,25.62,23.94,24.35,79518
20081208,BBT,29.83,30.75,28.93,30.34,81994
20081208,BBY,24,25,23.44,24.28,93122
20081208,BCR,85.5,85.67,82.51,83.27,11702
20081208,BDK,45.75,46.24,43.83,45.13,10737
20081208,BDX,66.5,66.98,64.39,64.96,19890
20081208,BEN,63.2,66.37,62.37,65.56,15623
20081208,BF.B,49.44,51.38,48.32,50.94,9019
20081208,BHI,28.75,29.99,27.17,29.35,64943
20081208,BIG,15.99,16.71,14.88,15.45,41858
20081208,BIIB,44.95,48.51,44.74,48.17,66252
20081208,BJS,10,10.64,9.39,10.47,94831
20081208,BK,31.63,31.63,28.61,30.75,129294
20081208,BLL,36,38.43,36,37.72,12683
20081208,BMC,24.76,25.4,24.52,25.1,17237
20081208,BMS,26.66,26.92,25.55,25.93,13611
20081208,BMY,21.64,22.29,21.61,21.99,220660
20081208,BNI,75.88,77.5,75.09,76.55,59013
20081208,BRCM,15.2,15.62,15.022,15.46,132803
20081208,BRL,65.33,65.81,64.7,65.69,59729
20081208,BSX,7.8,7.91,7.07,7.53,145612
20081208,BTU,20.39,22.5,20.19,22.01,115555
20081208,BXP,56.88,60.95,54.5,60.95,47712
20081208,C,8.23,8.63,8.02,8.47,2293065
20081208,CA,16.13,16.6,15.99,16.42,58192
20081208,CAG,14.41,14.51,14.04,14.1,46523
20081208,CAH,32.06,32.27,31.24,31.4,25545
20081208,CAM,18.91,19.49,18.02,18.67,53570
20081208,CAT,40.83,44.04,40.4,42.42,255022
20081208,CB,52.08,52.73,50.84,51.65,44506
20081208,CBE,26.82,29.6,26.82,29.07,34755
20081208,CBG,4.26,4.81,4.25,4.71,103698
20081208,CBS,7.61,8,7.44,7.83,117055
20081208,CCE,10.4,10.47,9.81,10.01,42288
20081208,CCL,21.52,22.34,21.26,21.93,86775
20081208,CEG,27.34,28.25,26.6,28.15,48294
20081208,CELG,54.97,55,51.83,52.68,61075
20081208,CEPH,77.75,78.35,75.28,75.82,30429
20081208,CF,49.24,52.16,49.24,50.73,25711
20081208,CHK,15.01,15.19,13.74,14.08,575632
20081208,CHRW,48.06,51.64,48.01,50.76,31035
20081208,CI,14.5,14.99,13.84,14.7,63606
20081208,CIEN,6.63,7.43,6.63,7.24,49496
20081208,CINF,29,29.89,28.53,29.52,9482
20081208,CIT,5.46,5.49,4.44,5.06,143844
20081208,CL,64,64.37,60.78,61.38,42879
20081208,CLX,57.5,57.5,54.25,54.45,25152
20081208,CMA,22.04,23.5,21.54,23.03,34378
20081208,CMCSA,16.32,16.64,16.12,16.55,316364
20081208,CME,206,228.65,206,223.29,21445
20081208,CMI,24.05,25.87,23.94,25.19,41695
20081208,CMS,10.02,10.27,9.8,9.91,38845
20081208,CNP,13.06,13.26,12.5,12.87,51133
20081208,CNX,25.87,27.96,25.75,27.34,50402
20081208,COF,34,34.5,32.1,34.33,69238
20081208,COG,24,26.03,23.81,25.37,25666
20081208,COH,20.17,21.24,20.09,20.9,76677
20081208,COL,33.77,35.43,33.315,34.88,11474
20081208,COP,50,51.97,49.7,50.85,162107
20081208,COST,55.55,56.27,54.46,55.19,73872
20081208,COV,36.75,37.2,35.71,36.78,45049
20081208,CPB,30.75,30.75,29.39,29.86,29967
20081208,CPWR,5.93,6.53,5.83,6.39,42548
20081208,CRM,32.43,34.87,32.42,34.84,39690
20081208,CSC,29.43,30.67,29.43,30.23,13119
20081208,CSCO,16.5,17.45,16.45,17.25,822882
20081208,CSX,35.08,37.668,34.77,36.7,78862
20081208,CTAS,25.63,25.95,24.99,25.69,21964
20081208,CTL,26.67,26.7,25.67,26.22,19424
20081208,CTSH,17.78,18.54,17.71,18.52,55297
20081208,CTX,12.1,12.6,11.01,12.32,65047
20081208,CTXS,25.1,25.5,24.71,25.23,37371
20081208,CVG,6.07,6.37,5.98,6.35,14138
20081208,CVH,12.11,12.18,11.55,11.85,23421
20081208,CVS,28.48,28.96,27.155,28.46,123803
20081208,CVX,76.03,79.28,75.88,78.09,219575
20081208,D,35.87,36.16,34.74,35.53,40096
20081208,DD,24.86,26.53,24.61,26.34,131279
20081208,DDR,5.31,6.76,5.25,6.76,101881
20081208,DE,33.48,37.33,33.3,37.01,96556
20081208,DELL,11.04,12.25,11.01,12,316509
20081208,DF,14.69,15.7,14.57,15.63,27281
20081208,DFS,11.22,11.47,10.95,11.12,52390
20081208,DGX,47.91,48.04,46.59,47.22,11808
20081208,DHI,8.54,8.6,7.85,8.5,75838
20081208,DHR,50.9,53.04,50.55,51.96,31326
20081208,DIS,23,26.1,22.91,24.92,340880
20081208,DOV,28.24,29.41,28.05,29,22512
20081208,DOW,19.73,20.66,19.55,20.37,182816
20081208,DPS,14.96,15.03,14.39,14.44,31392
20081208,DRI,21,23.02,21,22.03,47861
20081208,DTE,34.86,35.18,34.13,34.61,12522
20081208,DTV,22.04,23.76,21.808,23.33,126618
20081208,DUK,15.22,15.22,14.73,14.94,103369
20081208,DVA,48.22,48.48,47.2835,48.23,8306
20081208,DVN,64.07,66.79,63.67,65.32,68697
20081208,DYN,2.18,2.21,1.94,1.97,73868
20081208,EBAY,14.07,14.52,13.92,14.26,172114
20081208,ECL,37.9,38.85,36.94,37.71,24475
20081208,ED,39.52,39.65,38.7,39.12,22831
20081208,EFX,23.97,24.63,23.74,24.33,15658
20081208,EIX,31.63,32.14,30.26,30.54,29952
20081208,EK,7.56,7.59,7.29,7.4,61459
20081208,EL,28.6,28.82,27.53,27.83,21971
20081208,EMC,11,11.33,10.68,11.17,288158
20081208,EMN,29.62,32.06,28.9119,31.77,14710
20081208,EMR,32.2,33.97,32.04,33.25,88295
20081208,EOG,70.58,72.97,67.32,69.07,56793
20081208,EP,6.62,6.73,6.27,6.5,101355
20081208,EQ,32.2,32.28,30.3,31.64,12960
20081208,EQR,34.65,34.874,32.4,34.6,98345
20081208,ERTS,20.86,22.05,20.3,21.87,87358
20081208,ESRX,59.36,60.97,58.9,60.46,24805
20081208,ESV,26.71,29.37,25.72,28.87,41455
20081208,ETFC,1.35,1.43,1.31,1.38,161271
20081208,ETN,44.47,46.7,43.74,46.03,23189
20081208,ETR,84.26,85,80.25,81.82,21928
20081208,EXC,54.32,56.14,53.29,55,47587
20081208,EXPD,33.53,35.28,33.53,34.77,30286
20081208,EXPE,8.06,8.63,7.7701,8.53,27876
20081208,F,3.2,3.54,2.81,3.38,2684015
20081208,FAST,35.57,37.1,35.57,36.35,19876
20081208,FCX,18.95,20.95,18.66,20.01,366188
20081208,FDO,25.75,25.96,25.11,25.63,40860
20081208,FDX,75.2,76.94,72.52,74.43,34136
20081208,FE,55.89,56.82,54.88,55.84,16043
20081208,FHN,10.94,11,10.32,10.63,41030
20081208,FII,22.39,22.97,21.9,22.42,14695
20081208,FIS,17.14,17.2,16.74,17,20887
20081208,FISV,33.21,34.4,32.834,34.08,17593
20081208,FITB,8.54,8.94,8.17,8.33,94224
20081208,FLR,47.91,52.38,47.05,50.96,92914
20081208,FLS,46.01,48.45,45.53,47.42,16678
20081208,FO,40.08,41.35,39.59,40.72,16752
20081208,FPL,47.43,47.43,45.16,45.82,29186
20081208,FRX,24.26,24.62,23.61,23.78,29311
20081208,FTR,8.35,8.5,8.09,8.44,27237
20081208,GAS,37.28,37.83,36.04,36.53,5561
20081208,GCI,9.25,9.36,8.87,9.16,45260
20081208,GD,51.71,54.99,51.71,54.23,37161
20081208,GE,18.42,19.3,18.35,18.88,1314285
20081208,GENZ,66.36,66.79,63.04,63.84,33641
20081208,GILD,47.8,48.01,45.91,46.67,103749
20081208,GIS,64.97,65.31,63.82,64.78,43191
20081208,GLW,8.72,9.12,8.72,8.99,196206
20081208,GM,5.06,5.1,4.4,4.93,668628
20081208,GME,22.38,25.1,21.77,25,48790
20081208,GNW,1.84,2.95,1.81,2.24,448354
20081208,GOOG,290.23,309.44,282,302.11,81453
20081208,GPC,39.19,40.5,38.955,39.96,14126
20081208,GPS,14.41,14.57,13.8,14.19,152419
20081208,GR,34.3,35.53,33.84,34.89,14074
20081208,GS,73.87,78.53,73.52,77.15,227601
20081208,GT,6.48,6.9,6.278,6.38,67152
20081208,GWW,70.34,72.99,69.76,71.75,12827
20081208,HAL,15.07,15.7,14.31,15.31,181655
20081208,HAR,15.67,16.24,15.4,16.02,7214
20081208,HAS,28.31,29.08,27.15,28.61,21260
20081208,HBAN,8.17,8.26,7.72,8.02,53609
20081208,HCBK,15.96,16.15,15.49,15.77,71809
20081208,HCP,22.39,24.67,22.32,24.67,75750
20081208,HD,24.97,25.19,24.05,24.25,288156
20081208,HES,41.03,43.15,40.32,42.03,52215
20081208,HIG,16.89,18.12,14.67,14.86,672238
20081208,HNZ,37.28,37.54,36,36.88,38157
20081208,HOG,17.32,17.95,16.8,17.44,49113
20081208,HON,27.23,27.82,26.46,27.21,89232
20081208,HOT,16.64,18.1,16.64,17.68,42499
20081208,HPQ,34.4,35.84,33.97,35.23,198898
20081208,HRB,20.68,20.82,19.97,20.35,39459
20081208,HRS,33.73,35.59,33.47,35.12,14368
20081208,HSP,28.1,28.84,27.88,28.67,10615
20081208,HST,8.05,8.56,7.81,8.52,199112
20081208,HSY,35.19,35.67,34.69,35.4,12449
20081208,HUM,30,30.67,29.35,30.32,23094
20081208,IBM,82.57,85.88,81.73,84.86,111782
20081208,ICE,75.28,82.01,75.28,81.35,24180
20081208,IFF,30.41,31.19,29.98,31,8252
20081208,IGT,11.2,11.76,11.04,11.38,51665
20081208,INTC,13.57,14.01,13.45,13.94,780520
20081208,INTU,23.43,24,23.35,23.75,47207
20081208,IP,11.28,12.35,11.25,12.23,78652
20081208,IPG,4.255,4.255,3.71,4,77842
20081208,IR,15.95,16.89,15.95,16.28,61595
20081208,ISRG,142.24,144.54,138.61,140.38,10148
20081208,ITT,43.24,44.17,42.44,43.47,18350
20081208,ITW,33.2,34.53,31.75,32.84,58481
20081208,IVZ,12.8,14.14,12.55,13.38,45193
20081208,JAVA,3.55,3.91,3.53,3.83,107271
20081208,JBL,6.52,6.8,6.44,6.57,21893
20081208,JCI,17.88,19.63,17.82,19.53,70070
20081208,JCP,20.87,22.73,20.77,21.82,62826
20081208,JDSU,3.1,3.29,3.07,3.15,37773
20081208,JEC,45.24,50.35,44.76,48.87,64346
20081208,JNJ,59.07,59.77,57.75,58.77,163614
20081208,JNPR,16.51,17.26,16.21,17.07,110918
20081208,JNS,8.41,8.56,7.92,8.17,42448
20081208,JNY,6.14,6.29,5.86,6.16,17595
20081208,JPM,33.97,37.7,33.6,36.49,845934
20081208,JWN,13.64,13.79,12.9,13.29,76024
20081208,K,44.07,44.07,42.57,42.85,33550
20081208,KBH,14.9,14.9,13.3,14.49,46502
20081208,KEY,8.96,9.12,8.13,8.83,102753
20081208,KFT,28.01,28.35,27.53,27.68,156218
20081208,KG,9.79,10.1,9.7,10,39712
20081208,KIM,16.48,18.78,16.47,18.75,100654
20081208,KLAC,19.35,19.7707,19.12,19.41,43797
20081208,KMB,56.07,56.26,54.71,55.21,32252
20081208,KO,46.49,47.06,45.44,45.98,134543
20081208,KR,27.53,27.59,26.54,27.31,111900
20081208,KSS,36.5,38.67,36.2,37.62,74194
20081208,L,26.68,28.47,26.68,28.05,36051
20081208,LEG,15.33,16,15.27,15.73,25559
20081208,LEN,9.37,9.87,8.58,9.81,80788
20081208,LH,64.15,64.69,62.57,63.05,11174
20081208,LIFE,22.44,22.68,21.75,22.16,33204
20081208,LIZ,2.85,3,2.67,2.7,33723
20081208,LLL,70.1,71,69.25,69.71,13663
20081208,LLTC,20.18,20.48,19.83,20.14,58100
20081208,LLY,35.68,35.85,34.3,34.86,68849
20081208,LM,18.88,19.75,18.34,19.32,44225
20081208,LMT,81.46,83.36,80.19,81.65,29391
20081208,LNC,18,19.94,15.87,16.36,102611
20081208,LO,62.9,62.9,60.65,61.76,19064
20081208,LOW,22.98,23.73,22.51,22.86,184549
20081208,LSI,3.25,3.29,2.7,2.89,117678
20081208,LTD,9.63,9.9,9.38,9.56,45582
20081208,LUK,20.68,20.99,18.83,20.19,27124
20081208,LUV,9.1,9.1,8.66,8.91,89508
20081208,LXK,26.08,26.94,26.08,26.52,16435
20081208,M,8.94,9.115,8.351,8.82,147974
20081208,MA,143.94,151.5,141.1,147.3,46687
20081208,MAR,16.41,17.73,16.38,17.38,57875
20081208,MAS,10.47,10.65,10.17,10.56,52455
20081208,MAT,14.91,15.38,14.23,15.26,45125
20081208,MBI,7.1,7.2,6.85,7.1,65657
20081208,MCD,63.35,63.99,60.4,60.92,169641
20081208,MCHP,18.26,19.36,18.26,19.03,47088
20081208,MCK,33.7,34.73,33.29,34.23,21925
20081208,MCO,22.69,23.36,22.52,23.17,27351
20081208,MDP,16.75,17.41,16.64,17.2,4340
20081208,MDT,31.91,32.84,31.65,31.8,92252
20081208,MEE,12.88,14.69,12.73,14.23,57507
20081208,MER,13.71,15.38,13.49,15.25,384329
20081208,MET,31.68,33,29.68,30.03,193459
20081208,MHP,25.1,25.46,24.33,25.01,34211
20081208,MHS,40.59,42.21,40.175,41.64,38937
20081208,MI,14.28,14.37,12.52,13.11,74008
20081208,MIL,48.5,49.71,48.28,49.7,5550
20081208,MKC,30.29,30.79,29.62,29.9,10339
20081208,MMC,25.26,25.58,23.82,24.32,53606
20081208,MMM,59.01,60.68,55.43,57.38,140828
20081208,MO,15.34,15.48,14.76,15,282922
20081208,MOLX,13.22,14.06,13,13.96,19861
20081208,MON,77.19,81.4,76.52,79.69,90534
20081208,MOT,4.31,4.48,4.12,4.4,221724
20081208,MRK,27.01,27.68,26.75,27,153484
20081208,MRO,23.94,24.3,23.03,23.82,76798
20081208,MS,16.31,16.91,15.31,16.3,349575
20081208,MSFT,20.4,21.25,20.14,21.01,1072299
20081208,MTB,69.39,70.96,67.32,69.48,13412
20081208,MTW,8.06,9.14,8,8.8,60473
20081208,MU,2.13,2.23,2.01,2.08,210707
20081208,MUR,41.25,42.55,40.64,41.47,24148
20081208,MWV,11,11.55,10.8,10.97,23538
20081208,MWW,11.67,12.23,11.49,12.02,22308
20081208,MYL,9.8,10.08,9.58,9.96,49798
20081208,NBL,43.36,47.34,43.32,46.53,30504
20081208,NBR,11.58,12.4,10.95,12.13,94585
20081208,NCC,2.07,2.14,1.99,2.14,256206
20081208,NDAQ,24.52,26,24.02,25.47,34856
20081208,NE,22.95,24.13,21.83,23.51,83159
20081208,NEM,31.18,31.87,30.15,31.38,102808
20081208,NI,11.36,11.44,10.78,11.07,39529
20081208,NKE,54.53,57.33,54.3,56.17,80823
20081208,NOC,41.12,41.96,40.35,41.14,27895
20081208,NOV,22.5,23.48,20.86,22.37,101267
20081208,NOVL,4.1,4.26,3.99,4.23,57254
20081208,NSC,47.48,49.67,47,48.82,47952
20081208,NSM,10.51,10.64,9.83,10.29,98764
20081208,NTAP,12.99,13.91,12.86,13.75,108342
20081208,NTRS,52.74,52.98,50.12,52.86,30495
20081208,NUE,39.19,41.88,38.35,40.71,136305
20081208,NVDA,7.5,7.65,6.95,7.12,177078
20081208,NVLS,12.28,12.42,11.92,12.18,18556
20081208,NWL,13.4,13.5,12.81,13.26,33808
20081208,NWS.A,8.53,8.9,8.15,8.7,145714
20081208,NYT,7.79,8.87,7.6,7.85,20836
20081208,NYX,24.11,26.45,23.5,26.21,100036
20081208,ODP,2.35,2.8,2.32,2.55,77975
20081208,OMC,26.98,28.25,26.5,27.99,37952
20081208,ORCL,16.51,17.32,16.35,17.04,497367
20081208,OXY,48.54,52.18,47.54,51.18,109525
20081208,PAYX,26.93,27.73,26.82,27.43,43500
20081208,PBCT,18.39,18.44,17.75,18.2,40522
20081208,PBG,18.36,18.53,17.93,18.11,26618
20081208,PBI,23.84,24.2,23.55,23.81,17931
20081208,PCAR,27.88,30.61,27.88,30.18,53110
20081208,PCG,36.28,37.1,35.83,36.57,32704
20081208,PCL,35.14,36.75,34.75,36.75,56089
20081208,PCP,52.58,57.04,52.1,55.6,22306
20081208,PDCO,17.93,18.4,17.51,18.32,21670
20081208,PEG,29.35,29.49,28.05,28.88,34599
20081208,PEP,54.39,54.5,52.86,53.6,99741
20081208,PFE,16.87,17.25,16.72,16.93,502832
20081208,PFG,20.02,21.5,17.54,17.84,71025
20081208,PG,63.01,64,62.02,62.49,208945
20081208,PGN,40.5,40.73,39.17,39.68,20173
20081208,PGR,15.05,15.52,14.51,15.03,80925
20081208,PH,39.27,39.88,37.93,38.99,17701
20081208,PHM,12.18,12.25,10.96,11.79,111317
20081208,PKI,16.6,17.07,16.5,16.69,14243
20081208,PLD,5.27,7.1,5.1125,6.89,246536
20081208,PLL,27.06,28.39,26.85,28.03,12020
20081208,PM,43.25,43.5,41.75,42.66,100481
20081208,PNC,53.96,55.82,52.16,55.75,59219
20081208,PNW,30.47,30.99,30.02,30.64,11209
20081208,POM,17.43,17.45,16.81,17.1,27266
20081208,PPG,44.43,46.33,44.35,45.81,15976
20081208,PPL,30.64,31.53,30.44,31.04,26740
20081208,PRU,30.87,32.86,25.64,28.14,196496
20081208,PSA,71.03,76.99,69.33,76.99,42843
20081208,PTV,23.83,24.32,23.44,23.59,44787
20081208,PX,57.56,59.8,56.56,59.31,30751
20081208,PXD,16.27,17.23,15.65,17,37312
20081208,Q,3.12,3.46,3.05,3.45,234891
20081208,QCOM,32.44,34.11,32.17,33.53,293332
20081208,QLGC,11.17,11.92,11.11,11.73,25164
20081208,R,36.1,37.61,35.76,37.02,8053
20081208,RAI,41.89,42.62,41.09,42.17,18958
20081208,RDC,14.33,14.7625,13.42,14.4,50470
20081208,RF,9.8,10.1,9.43,9.98,102432
20081208,RHI,19.99,20.96,19.21,19.43,32474
20081208,RIG,51.92,54.88,49.5,54.25,142314
20081208,RL,48.67,50.62,48.43,49,24525
20081208,ROH,71.75,71.75,70.55,71.25,35736
20081208,ROK,29.36,30.28,28.86,29.21,20744
20081208,RRC,32.7,36.19,32.7,33.8,38667
20081208,RRD,12.27,12.8,12.27,12.59,26365
20081208,RSH,11.35,11.45,10.82,11.23,27351
20081208,RTN,50.48,51.87,50.13,50.93,35988
20081208,RX,13.64,14.16,13.56,14.03,18618
20081208,S,2.71,2.88,2.68,2.73,309533
20081208,SBUX,9.39,9.75,9.27,9.6,122152
20081208,SCHW,18.61,19.52,18.21,19.4,194120
20081208,SE,15.43,16.11,14.84,15.21,47315
20081208,SEE,15.38,15.92,15.26,15.5,17160
20081208,SGP,16.78,16.87,15.92,16.23,155454
20081208,SHLD,47.09,49.58,45.38,47.27,13868
20081208,SHW,59.14,59.61,56.33,57.45,28394
20081208,SIAL,39.73,41.18,39.57,40.98,17861
20081208,SII,21.26,22.2,20.73,21.71,60709
20081208,SJM,43.15,43.36,42.39,42.6,17632
20081208,SLB,40.97,42.35,40.78,41.31,170221
20081208,SLE,9.51,9.52,9.115,9.51,64656
20081208,SLM,7.93,9.09,7.9,8.55,80402
20081208,SNA,36.89,38.99,36.84,38.93,9856
20081208,SNDK,9.4,9.7,9.23,9.51,88731
20081208,SNI,24.64,25.38,23.63,24.96,11941
20081208,SO,37.45,37.58,36.67,36.99,57652
20081208,SOV,2.55,2.72,2.5,2.69,92313
20081208,SPG,53.61,56.37,53.26,56.37,95331
20081208,SPLS,18.49,18.84,17.6,17.94,108378
20081208,SRCL,53.43,55.32,53.07,54.14,9421
20081208,SRE,44.35,44.83,43.05,43.48,17246
20081208,STI,33.38,34.12,31.02,33.76,69404
20081208,STJ,31.5,32.14,30.16,30.83,48213
20081208,STR,28.45,31.14,28.45,29.73,22641
20081208,STT,41.49,44.42,41.04,43.87,55896
20081208,STZ,14,14.1,13.5,14,23963
20081208,SUN,37.18,39.05,36.75,38.51,30541
20081208,SVU,11.5,12.24,11.32,11.82,27162
20081208,SWK,33.25,34.14,32.87,33.15,10970
20081208,SWN,28.13,29.81,27.86,28.67,77076
20081208,SWY,24.17,24.315,22.92,23.62,51777
20081208,SYK,39.66,42.16,39.66,41.53,41915
20081208,SYMC,12.08,12.74,12.08,12.59,129554
20081208,SYY,22.75,22.92,21.8,22.12,52449
20081208,T,28.9,30.65,28.84,29.98,458821
20081208,TAP,41.61,41.98,40.44,41.5,17595
20081208,TDC,13.81,14.52,13.65,14.28,8047
20081208,TE,11.62,11.83,11.42,11.6,19136
20081208,TEG,42.78,43.32,41.66,42.39,5930
20081208,TEL,17.38,18.16,17.38,17.66,29906
20081208,TER,3.85,3.98,3.78,3.93,29033
20081208,TGT,35.32,38.96,35.15,38.32,211984
20081208,THC,1.5,1.58,1.45,1.54,43470
20081208,TIE,7.75,8.37,7.75,8.12,33638
20081208,TIF,24.51,25.6,23.82,24.35,52859
20081208,TJX,20.55,21.59,20.28,21.14,74805
20081208,TLAB,4.19,4.22,4.01,4.09,54490
20081208,TMK,39.62,40.85,38.52,39,11378
20081208,TMO,34.8,35.72,34.2,34.58,56270
20081208,TROW,36.39,37.07,34.88,36.64,37091
20081208,TRV,44.58,44.65,42.29,43.77,56135
20081208,TSN,7.4,7.81,7.29,7.38,67967
20081208,TSO,8.48,8.85,8.42,8.7,56338
20081208,TSS,13.72,14.16,13.62,13.81,17455
20081208,TWX,9.5,9.88,9.11,9.71,441179
20081208,TXN,14.89,15.24,14.6,14.82,182699
20081208,TXT,14.45,15.83,14.45,15.46,34108
20081208,TYC,22.63,23.69,22.43,23.1,67507
20081208,UNH,21.98,22.09,20.88,21.45,77217
20081208,UNM,17.52,17.55,15.97,16.19,51748
20081208,UNP,48.64,51.41,48.19,50.63,88215
20081208,UPS,58.9,59.48,57.21,58.62,84545
20081208,USB,29.49,29.9,28.48,29.49,188030
20081208,UST,69.11,69.13,68.85,68.95,43205
20081208,UTX,50.11,50.5,48.53,48.65,99861
20081208,VAR,40.06,41.565,38.09,38.36,18716
20081208,VFC,55.69,57.36,54.86,56.27,13530
20081208,VIA.B,15.33,16.14,15.03,15.67,48561
20081208,VLO,17.56,18.88,17.5,18.53,151032
20081208,VMC,70,74.9,69.48,74,32815
20081208,VNO,57.525,61.6,56.65,61.58,71340
20081208,VRSN,20.78,21.56,20.67,21.22,41594
20081208,VZ,34,34.9,33.6,34.23,248009
20081208,WAG,26.69,26.71,25.752,26.32,98983
20081208,WAT,41.31,42.46,41.12,41.84,16158
20081208,WB,6.06,6.38,5.91,6.38,490902
20081208,WEC,42.47,42.73,39.85,40.85,16192
20081208,WFC,30.64,32.73,30.22,32.66,709359
20081208,WFMI,10.88,10.93,10.48,10.62,24518
20081208,WFR,16.25,16.79,15.59,15.99,84694
20081208,WFT,9.78,10.31,9.14,10.02,203816
20081208,WHR,43.98,45.43,42.54,44.41,22355
20081208,WIN,8.41,8.88,8.39,8.81,45814
20081208,WLP,36.55,37.71,36.4,36.77,37464
20081208,WMB,13.92,14.5,13.3275,13.82,79874
20081208,WMI,30,30.68,29.61,30.18,33726
20081208,WMT,58.58,59.23,56.51,57.56,270620
20081208,WPI,24.02,24.17,23.63,23.97,11056
20081208,WPO,407,410.07,396.99,409,305
20081208,WU,12.95,13.77,12.61,13.38,87140
20081208,WY,36.3,37.94,35.42,35.98,29278
20081208,WYE,34.98,35.55,33.95,34.2,98874
20081208,WYN,4.73,5.85,4.73,5.68,36892
20081208,WYNN,41.5,45.03,41.5,44.4,21261
20081208,X,31.6,37.11,31.4,35.79,159005
20081208,XEL,18.36,18.55,18.05,18.26,33669
20081208,XL,6.51,6.51,5.86,6.1,68075
20081208,XLNX,16.01,16.27,15.44,16.17,92278
20081208,XOM,78.59,80.06,78.191,79.6,515863
20081208,XRAY,25.18,26.1,24.91,25.91,30756
20081208,XRX,7.17,7.93,7.1,7.77,116201
20081208,XTO,33.64,35.82,33.37,34.21,102602
20081208,YHOO,12.17,12.49,11.79,12.2,337851
20081208,YUM,29.52,29.81,28.73,28.91,47334
20081208,ZION,31.1,31.38,27.13,29.1,29220
20081208,ZMH,38.17,40.39,37.75,39.74,27899
