20080512,A,32.08,32.4,31.83,32.37,32582
20080512,AA,39.22,41.64,38.92,41.61,241734
20080512,AAPL,185.12,188.87,182.85,188.16,292630
20080512,ABC,41.18,41.48,41.03,41.23,10753
20080512,ABI,33.86,34.17,33.45,33.82,15889
20080512,ABK,4.35,4.65,4,4.33,105177
20080512,ABT,52.01,52.89,51.97,52.78,80601
20080512,ACAS,31.6,32.56,31.5,32.42,22798
20080512,ACE,60.12,60.72,59.6,60.72,11402
20080512,ACS,53.06,54.6,53.06,54.47,10727
20080512,ADBE,39.83,40.5,39.35,40.44,42766
20080512,ADI,34.2,34.31,33.85,34.2,36460
20080512,ADM,43,43.48,42.68,43.28,28751
20080512,ADP,42.9,43.9,42.884,43.78,14221
20080512,ADSK,39.25,39.93,39,39.67,39225
20080512,AEE,45.92,46.25,45.62,46.25,3876
20080512,AEP,43.9,44.08,43.57,44.08,13766
20080512,AES,19.27,19.62,19.22,19.5,88458
20080512,AET,43.28,43.67,43.05,43.6,25529
20080512,AFL,65.85,67.06,65.74,67,13672
20080512,AGN,53.25,53.25,52.65,52.78,15914
20080512,AIG,40.04,41.15,38.37,38.37,804051
20080512,AIV,38.22,39.54,38.16,39.53,13020
20080512,AIZ,64.58,65.81,64.49,65.81,6654
20080512,AKAM,37.16,38.12,36.2,37.94,40407
20080512,ALL,49.41,49.76,49.05,49.69,28585
20080512,ALTR,22.46,22.93,22.31,22.89,62485
20080512,AMAT,19.29,19.95,19.16,19.87,200395
20080512,AMD,6.98,7.3,6.97,7.16,240913
20080512,AMGN,41.95,43.05,41.86,42.95,60596
20080512,AMP,48.37,50.08,48.37,50.08,18274
20080512,AMT,43.57,44.52,43.57,44.5,30947
20080512,AMZN,73.1,74.93,71.78,74.53,72154
20080512,AN,16.08,16.68,16.08,16.67,14543
20080512,ANF,73.73,75.44,73.17,75.03,16046
20080512,AOC,46.33,46.85,46.32,46.78,16733
20080512,APA,133.6,134.5,131.35,134.05,42510
20080512,APC,75.8,76.81,75.05,76.55,39161
20080512,APD,98,99.65,96.97,99.54,7763
20080512,APOL,47.8,48.49,47.14,48.32,36158
20080512,ASH,56.1,57.49,56.1,57.38,3907
20080512,ATI,75.38,75.9,73,75.7,14079
20080512,AVB,100.25,102.08,98.93,101.73,6731
20080512,AVP,39.58,39.79,38.8,39.23,31446
20080512,AVY,49.46,49.69,48.71,49.52,6862
20080512,AW,12.43,12.64,12.43,12.61,25454
20080512,AXP,49.28,50.09,48.9,49.95,70240
20080512,AYE,51.2,51.2,50.41,50.96,14900
20080512,AZO,122.62,126.02,122.5,125.77,3859
20080512,BA,84.4,85,83.28,84.8,53673
20080512,BAC,36.82,37.58,36.76,37.44,267098
20080512,BAX,61.18,61.76,61.06,61.67,16979
20080512,BBBY,32.29,33.55,32.19,33.51,40716
20080512,BBT,34.22,35.42,34.09,35.3,39237
20080512,BBY,42.12,43.77,42.08,43.67,60326
20080512,BC,16.22,16.53,16.11,16.5,8236
20080512,BCR,91.71,92.55,90.59,92.3,6410
20080512,BDK,66.8,67.42,66.14,67.12,5817
20080512,BDX,86.9,88.29,85.86,88.2,11719
20080512,BEN,100.21,102.97,99.77,102.48,10188
20080512,BF.B,71.05,72.35,70.98,72.25,2133
20080512,BHI,80.3,81.01,79.2,80.67,24877
20080512,BIG,27.62,28.49,27.62,28.43,16204
20080512,BIIB,62.29,63.75,61.98,63.05,18163
20080512,BJS,29.89,29.89,28.94,29.22,42141
20080512,BK,43.15,44.98,43.15,44.27,49754
20080512,BLL,53.85,54.63,53.48,54.57,7987
20080512,BMC,35.41,35.97,34.96,35.82,15983
20080512,BMS,26.97,27.15,26.63,27.15,6241
20080512,BMY,21.9,22,21.55,21.63,205992
20080512,BNI,103.85,105.17,102.54,105.17,18870
20080512,BRCM,26.18,26.8,25.9,26.66,80776
20080512,BRL,40.1,41,39.48,40.05,37461
20080512,BSC,10.22,10.38,10.21,10.38,15719
20080512,BSX,13.43,13.53,13.265,13.41,52065
20080512,BTU,68.08,68.96,66.52,68.8,36987
20080512,BUD,50.92,51.61,50.92,51.61,40051
20080512,BXP,98.14,99.72,97.8,99.49,7613
20080512,C,23.72,24.09,23.36,23.64,688320
20080512,CA,22.72,23.16,22.625,23.1,19704
20080512,CAG,22.95,23.07,22.89,22.97,25838
20080512,CAH,54.15,54.61,53.73,54.49,9862
20080512,CAM,52.33,52.39,50.51,51.41,44441
20080512,CAT,82.23,84.22,81.71,83.82,51672
20080512,CB,52.98,53.61,52.6,53.61,13122
20080512,CBE,43.27,44.05,42.76,44,6918
20080512,CBG,22.12,22.68,21.82,22.5,16636
20080512,CBS,24.56,24.77,24.26,24.77,33933
20080512,CCE,21.5,21.61,21.2,21.32,32010
20080512,CCL,40.15,40.76,39.98,40.72,21922
20080512,CCU,30.29,35.3,29.69,32.87,647921
20080512,CEG,81.6,82.6,81.24,82.42,20589
20080512,CELG,62.5,63.18,61.41,61.73,47534
20080512,CFC,4.7,4.84,4.65,4.79,124548
20080512,CHK,56,56.26,55.25,55.96,83242
20080512,CHRW,63.93,64.97,63.3,64.92,15203
20080512,CI,41.3,41.706,40.68,40.91,19916
20080512,CIEN,32.37,33.62,32.0201,33.43,25104
20080512,CINF,35.15,35.65,35.15,35.56,10141
20080512,CIT,11.73,12.26,11.62,12.1,53328
20080512,CL,71.25,71.59,70.75,71.01,31532
20080512,CLX,55.97,55.99,55.12,55.84,10751
20080512,CMA,39.1,39.74,38.82,39.69,19236
20080512,CMCSA,21.71,22.1,21.62,22.04,151437
20080512,CME,462.28,467.5,459.12,465.1,4088
20080512,CMI,67.03,68.26,66.2232,68.01,34694
20080512,CMS,15.03,15.35,15.01,15.33,35792
20080512,CNP,15.35,15.53,15.17,15.5,19788
20080512,CNX,90.6,91.94,88.36,91.76,17625
20080512,COF,53.12,54.35,52.46,53.92,55064
20080512,COH,34.35,35.28,34.03,34.86,33622
20080512,COL,63.08,63.88,62.77,63.88,3688
20080512,COP,88.48,88.81,87.63,88.59,94882
20080512,COST,71.69,73.91,71.53,73.68,35288
20080512,COV,48.71,48.96,48.3,48.5,20138
20080512,CPB,35.4,35.85,35.34,35.78,10317
20080512,CPWR,7.99,8.155,7.94,8.09,20106
20080512,CSC,43.7,48.22,43.6,47.44,36422
20080512,CSCO,25.48,25.87,25.4,25.84,381262
20080512,CSX,63.53,64,62.52,63.99,28020
20080512,CTAS,29.97,30.2,29.67,30.19,9060
20080512,CTL,35.45,35.58,35.14,35.57,7134
20080512,CTSH,29.74,30.3,29.01,30.17,65311
20080512,CTX,21.34,22.14,21.18,21.98,44656
20080512,CTXS,34,34.18,33.55,34.08,24412
20080512,CVG,15.29,15.72,15.25,15.69,6716
20080512,CVH,44.33,44.46,43.64,44.23,12575
20080512,CVS,41.36,41.66,41.02,41.19,69969
20080512,CVX,97.2,97.59,96.46,97.36,93744
20080512,CZN,10.7,10.74,10.33,10.6,56436
20080512,D,45.18,45.31,44.8,45.3,11196
20080512,DD,48.66,49.58,48.47,49.58,41519
20080512,DDR,40.91,41.79,40.91,41.76,11077
20080512,DDS,18.89,19.48,18.42,19.4,10133
20080512,DE,87.5,89.89,86.53,89.37,42877
20080512,DELL,18.94,19.48,18.92,19.37,207913
20080512,DF,23.22,23.26,22.8,22.89,14785
20080512,DFS,17.57,18.22,17.5,17.99,28773
20080512,DGX,50.17,50.38,49.49,50.26,4846
20080512,DHI,14.83,15.26,14.83,15.15,57019
20080512,DHR,77.6,78.57,76.69,78.41,10132
20080512,DIS,34.15,34.8,34.04,34.77,91763
20080512,DOV,51.77,53.01,51.77,52.96,23426
20080512,DOW,41.26,41.85,41.15,41.77,59177
20080512,DRI,35.8,36.98,35.8,36.91,11365
20080512,DTE,42.69,42.99,42.53,42.85,7851
20080512,DTV,26.81,27.55,24.87,27.48,87956
20080512,DUK,18.54,18.71,18.42,18.71,43058
20080512,DVN,114.6,116.56,113.81,116.28,32980
20080512,DYN,9,9.03,8.79,8.89,47078
20080512,EBAY,30.23,31.2,30.19,31.12,136788
20080512,ECL,44.98,45.09,44.18,45.03,10876
20080512,ED,41.57,41.67,41.13,41.5,17551
20080512,EDS,18.95,25.4,18.9,24.13,135066
20080512,EFX,37.8,38.46,37.73,38.46,8017
20080512,EIX,51.73,52.65,51.64,52.58,13342
20080512,EK,17.23,17.23,16.89,17.05,40594
20080512,EL,48.04,48.83,47.75,48.75,12537
20080512,EMC,16,16.33,15.85,16.09,252338
20080512,EMN,71.94,72.77,71.83,72.66,8784
20080512,EMR,54.43,56.37,54.41,56.2,43007
20080512,EOG,137.9,137.9,135.095,136,28262
20080512,EP,19.5,19.81,19.3,19.79,134291
20080512,EQ,43.49,44.27,43.32,44.19,15543
20080512,EQR,41.84,43.57,41.84,43.47,17530
20080512,ERTS,52.92,54.5,52.13,54.27,56895
20080512,ESRX,70.64,71.65,69.72,71.46,16652
20080512,ESV,67.72,68.29,66.65,67.82,22460
20080512,ETFC,3.9,4.06,3.9,4,177238
20080512,ETN,85.8,87.27,85.47,87.23,21100
20080512,ETR,114.35,115.79,113.94,115.7,8878
20080512,EXC,82.99,84.67,82.5,84.25,29695
20080512,EXPD,46.92,48,46.654,47.96,14323
20080512,EXPE,24.03,24.79,23.83,24.61,24984
20080512,F,8.17,8.22,8.12,8.15,286580
20080512,FCX,113.31,115.25,111.65,114.66,75550
20080512,FDO,21.68,22.12,21.43,22.08,13635
20080512,FDX,87.9,91.1,87.59,90.5,48388
20080512,FE,76.39,76.47,75.64,76.47,7697
20080512,FHN,10.28,10.4,9.94,10.29,59200
20080512,FII,35.02,35.98,35.02,35.87,8798
20080512,FIS,37.01,37.64,36.98,37.53,9851
20080512,FISV,51.34,52.14,50.67,52.05,8186
20080512,FITB,20.89,21.33,20.88,21.26,37469
20080512,FLR,165.46,166.86,162.01,166.36,18180
20080512,FNM,28.01,28.39,27.28,28.25,282399
20080512,FO,68.9,69.84,68.65,69.84,6823
20080512,FPL,65.18,65.93,64.76,65.7,12222
20080512,FRE,25.02,25.95,25.02,25.9,53474
20080512,FRX,33.91,34.54,33.7,34.2,22867
20080512,GAS,38.72,39.25,38.71,39.22,6324
20080512,GCI,29.47,30.18,29.3,30.07,16720
20080512,GD,90.99,92.71,90.74,92.6,24043
20080512,GE,32.33,32.53,32.2,32.4,306859
20080512,GENZ,69.39,69.56,68.07,68.98,23072
20080512,GGP,41.23,42.67,41.09,42.52,14300
20080512,GILD,53.41,54.51,53.25,54.48,54784
20080512,GIS,60.99,61.28,60.77,61.27,17004
20080512,GLW,26.13,26.26,25.29,26.09,161840
20080512,GM,20.37,20.78,20.35,20.76,107973
20080512,GME,51.72,54.43,51.23,54.1,36546
20080512,GNW,22.73,23.26,22.59,23.13,48937
20080512,GOOG,574.75,586.75,568.91,584.94,48654
20080512,GPC,43.3,43.67,43.04,43.67,6903
20080512,GPS,17.99,18.58,17.88,18.43,96814
20080512,GR,67.38,67.88,66.45,67.47,5444
20080512,GS,189.45,192.7,187.34,192.08,56575
20080512,GT,27.94,28.23,27.81,28.23,21528
20080512,GWW,86.5,87.94,86.09,87.93,6250
20080512,HAL,47.8,47.8,46.85,47.44,82881
20080512,HAR,38.53,39.34,38.09,39.19,6893
20080512,HAS,35.59,36.17,35.38,36.12,24784
20080512,HBAN,9.17,9.35,9.07,9.32,63247
20080512,HCBK,18.56,18.73,18.46,18.66,59932
20080512,HCP,34.57,35.32,34.46,35.23,18249
20080512,HD,28.01,28.71,28.01,28.64,123140
20080512,HES,115.49,116.32,112.64,115.2,26414
20080512,HIG,68.4,69.67,68.37,69.28,17300
20080512,HNZ,47.74,48.58,47.74,48.58,19489
20080512,HOG,38.23,39.13,38.05,39.03,10317
20080512,HON,59.63,60.145,58.88,59.98,30093
20080512,HOT,52.31,53.16,51.95,53.16,14354
20080512,HPC,19.4,19.99,19.27,19.93,6938
20080512,HPQ,49.39,49.97,45.85,46.83,402642
20080512,HRB,23.42,24.03,23.28,24.01,22227
20080512,HSP,40.8,40.94,40.67,40.9,7164
20080512,HST,17.36,17.99,17.34,17.96,57431
20080512,HSY,37.09,37.24,36.88,37.2,8108
20080512,HUM,45.36,45.5,44.02,44.31,27951
20080512,IACI,21.55,22.39,21.42,22.38,25867
20080512,IBM,123.82,125.99,123.56,125.24,86704
20080512,ICE,156.98,158.96,155.27,158.57,9424
20080512,IFF,42.41,42.72,41.93,42.5,9163
20080512,IGT,35.15,35.4,34.46,35.29,20629
20080512,INTC,23.4,23.71,23.2,23.64,344319
20080512,INTU,26.89,27.71,26.58,27.59,44916
20080512,IP,25.89,26.21,25.58,26.11,41637
20080512,IPG,9.68,10.13,9.68,10.1,78326
20080512,IR,42.56,44.11,42.35,43.86,27560
20080512,ITT,65.04,66.74,65.03,66.58,9098
20080512,ITW,53.15,53.78,52.63,53.75,14569
20080512,JAVA,13,13.32,13,13.3,159291
20080512,JBL,10.91,11.43,10.86,11.4,27151
20080512,JCI,34.15,34.51,33.8,34.48,21011
20080512,JCP,43.06,44.41,42.8,44.23,25612
20080512,JDSU,11.32,11.52,11.27,11.41,35554
20080512,JEC,86.56,88.92,86.02,88.92,8290
20080512,JNJ,66.73,66.89,66.3,66.71,77078
20080512,JNPR,27.32,27.83,27.32,27.71,60809
20080512,JNS,28.61,29.81,28.61,29.58,16272
20080512,JNY,16.91,17.37,16.82,17.25,12493
20080512,JPM,46.82,47.29,46.51,47.24,203009
20080512,JWN,34.53,35.87,34.38,35.7,42302
20080512,K,50.9,51.41,50.74,51.35,12727
20080512,KBH,23.78,24.39,23.52,24.28,27345
20080512,KEY,24.1,24.6,24.06,24.58,22933
20080512,KFT,31.43,31.46,30.97,31.36,65430
20080512,KG,9.63,9.7,9.5,9.62,15034
20080512,KIM,39.75,40.94,39.64,40.79,12265
20080512,KLAC,43.87,44.4,43.36,44.21,19446
20080512,KMB,62.6,62.92,61.94,62.65,25115
20080512,KO,56.18,56.46,56,56.4,86216
20080512,KR,26.41,27.19,26.35,27.18,38903
20080512,KSS,47.78,49.25,47.55,49.07,43707
20080512,LEG,16.32,16.41,16.15,16.36,13982
20080512,LEH,43.81,44.94,42.74,44.72,138460
20080512,LEN,18.34,18.7,18.03,18.57,36151
20080512,LH,77.38,77.84,76.46,77.73,5303
20080512,LIZ,18.1,18.48,17.93,18.37,13809
20080512,LLL,107.77,108.94,107.34,108.86,3456
20080512,LLTC,36.3,36.53,36.09,36.5,44865
20080512,LLY,48.4,48.98,48.25,48.76,35420
20080512,LM,55.36,56,54.98,55.86,26523
20080512,LMT,105.84,107.05,105.53,106.97,11009
20080512,LNC,53.08,54.15,52.97,54.15,13883
20080512,LOW,24.31,24.77,24.17,24.69,120344
20080512,LSI,6.78,6.78,6.62,6.7,59941
20080512,LTD,18.12,18.97,18.04,18.8,39275
20080512,LTR,46.5,47.94,46.3,47.94,72503
20080512,LUK,54.12,54.12,52.29,53.17,11592
20080512,LUV,13.02,13.34,13,13.3,37112
20080512,LXK,33.86,34.05,33.56,33.8,6459
20080512,M,23.27,24.09,23,23.97,53669
20080512,MAR,35.82,36.9,35.82,36.8,21166
20080512,MAS,18.34,18.59,18.12,18.58,31659
20080512,MAT,19.06,19.38,18.97,19.34,32050
20080512,MBI,9.35,10.54,9.24,9.85,147318
20080512,MCD,59.3,61.04,59.3,60.87,62683
20080512,MCHP,36.65,37.07,36.26,37.05,17347
20080512,MCK,57.29,57.86,57.14,57.84,11920
20080512,MCO,39.29,41.22,39.23,40.99,29805
20080512,MDP,34.44,34.98,33.94,34.43,9522
20080512,MDT,47.82,48.21,47.69,48.15,33081
20080512,MER,48.39,49.54,48.3,49.15,120883
20080512,MET,60.36,62.07,60.18,62.05,44398
20080512,MHP,41,41.54,40.73,41.49,16638
20080512,MHS,49.52,49.8,48.86,49.78,15595
20080512,MI,25.07,25.59,24.99,25.59,16855
20080512,MIL,70.45,71.47,70.38,71.19,7224
20080512,MKC,36.92,37.42,36.84,37.39,4913
20080512,MMC,27.33,28.48,27.33,28.27,31721
20080512,MMM,76.67,77.67,75.95,77.67,35520
20080512,MNST,26.66,27.75,26.53,27.67,20449
20080512,MO,20.95,21.62,20.9,21.58,153635
20080512,MOLX,29.11,29.39,28.7,29.33,11859
20080512,MON,119.81,122.25,118.76,121.82,38086
20080512,MOT,9.8,9.9,9.72,9.9,131308
20080512,MRK,39.01,39.695,38.98,39.62,102523
20080512,MRO,52.6,53.48,52.4,53.34,48503
20080512,MS,46.41,48.13,46.06,47.65,105833
20080512,MSFT,29.35,30.06,29.35,29.99,642862
20080512,MTB,91.85,93.34,91.5,93.34,4889
20080512,MTG,12.45,12.95,12.12,12.55,16059
20080512,MTW,41.01,42.35,40.66,42.18,19184
20080512,MU,8.41,8.41,8.17,8.32,109549
20080512,MUR,83.77,84.72,83.03,84.24,10441
20080512,MWV,25.66,26,25.31,25.91,9426
20080512,MYL,11.42,11.79,11.42,11.59,116010
20080512,NBL,96.38,97.39,95.13,96.82,17352
20080512,NBR,39.25,39.3,38.51,38.6,53789
20080512,NCC,5.95,6.09,5.9,5.95,141335
20080512,NE,61.87,62.22,60.92,61.83,34471
20080512,NEM,45.52,45.75,44.7,45.26,45944
20080512,NI,17.82,18.04,17.75,18.01,12956
20080512,NKE,64.95,65.93,64.85,65.34,84037
20080512,NOC,74.71,75,73.95,74.92,12196
20080512,NOV,77.14,77.26,75.05,76.05,47875
20080512,NOVL,6.36,6.41,6.25,6.38,28435
20080512,NSC,62.19,63.51,61.3,63.38,29562
20080512,NSM,20.59,20.65,20.27,20.5,44908
20080512,NTAP,26.29,26.43,25.29,25.65,84002
20080512,NTRS,73.46,76,73.2834,75.84,10036
20080512,NUE,78.79,81.56,78.23,81.34,41179
20080512,NVDA,22.82,22.82,21.67,21.89,251727
20080512,NVLS,22.02,22.2,21.77,22.1,31387
20080512,NWL,20.1,20.19,19.92,20.19,32661
20080512,NWS.A,18.84,18.94,18.34,18.66,67038
20080512,NYT,19.61,20.05,19.4801,19.57,8816
20080512,NYX,71.52,72.12,70.55,71.45,31422
20080512,ODP,13.08,13.41,13,13.37,34633
20080512,OMC,48.42,49.18,48.22,49.16,15950
20080512,OMX,19.23,19.63,19.03,19.6,9613
20080512,ORCL,21.12,21.63,21.08,21.51,247862
20080512,OXY,87.29,88.67,86.59,88.01,53923
20080512,PAYX,36.14,36.65,35.76,36.6,18759
20080512,PBG,32.72,32.97,32.62,32.97,8804
20080512,PBI,37.71,37.71,36.86,37.15,12373
20080512,PCAR,47.74,48.86,47.23,48.82,15968
20080512,PCG,40.43,40.69,40.1,40.65,13665
20080512,PCL,41.79,42.99,41.75,42.97,9781
20080512,PCP,124.26,124.96,122.09,124.82,9412
20080512,PDCO,35.78,35.88,35.08,35.53,9972
20080512,PEG,42.25,42.47,41.9,42.24,16222
20080512,PEP,67.55,67.71,66.96,67.35,51199
20080512,PFE,19.85,19.97,19.78,19.91,362245
20080512,PFG,53.61,55.58,53.59,55.51,12577
20080512,PG,65.43,65.75,65,65.35,111621
20080512,PGN,41.8,42.17,41.55,42.14,9770
20080512,PGR,17.94,18.03,17.75,18,30377
20080512,PH,83.91,84.76,82.97,84.72,7256
20080512,PHM,13.05,13.4,12.917,13.38,39076
20080512,PKI,27.2,27.38,26.78,27.34,6208
20080512,PLD,62.15,63.91,61.865,63.85,23858
20080512,PLL,35.7,36.55,35.67,36.46,9247
20080512,PM,51.98,52.54,51.3,52.47,58513
20080512,PNC,67.4,68.06,67.09,68.06,15832
20080512,PNW,33.76,34.26,33.48,34.25,8849
20080512,POM,25.67,25.82,25.39,25.81,12004
20080512,PPG,62.47,63.03,61.3,63,9362
20080512,PPL,48.03,48.28,47.68,48.24,11602
20080512,PRU,72.65,75.397,72.54,75.23,29535
20080512,PSA,83.01,87.01,83.01,87.01,13242
20080512,PTV,24.09,24.64,24.09,24.61,15683
20080512,PX,92.89,94.12,91.0615,94.09,16929
20080512,Q,4.78,4.84,4.74,4.8,139160
20080512,QCOM,43.71,44.65,43.47,44.63,131626
20080512,QLGC,15.46,15.79,15.39,15.55,50109
20080512,R,70.79,72.55,69.72,72.55,10487
20080512,RAI,53.93,54.57,53.9,54.56,22826
20080512,RDC,41.48,41.6,40.71,41.12,44392
20080512,RF,21.27,21.78,21.21,21.74,45369
20080512,RHI,24.6,25.31,24.46,25.26,12934
20080512,RIG,152.16,152.56,147.97,148.42,90180
20080512,RL,59.87,60.98,59.77,60.6,10175
20080512,ROH,54.25,55.04,53.64,54.99,9290
20080512,ROK,54.02,55.74,53.9118,55.44,14272
20080512,RRC,70.03,70.16,68.27,69.53,16277
20080512,RRD,31.3,31.3675,31.06,31.35,9881
20080512,RSH,15.09,15.2,14.88,15.16,24169
20080512,RTN,63.96,64.15,63.8215,64.08,22327
20080512,RX,24.2,24.36,23.78,24.23,13353
20080512,S,9.11,9.83,8.9,9.24,711118
20080512,SAF,66.86,66.95,66.64,66.95,10661
20080512,SBUX,15.9,16.05,15.84,16.04,122972
20080512,SCHW,21.53,22.5,21.32,22.48,128030
20080512,SE,27.15,27.27,26.7628,26.97,34455
20080512,SEE,24.12,24.33,23.92,24.33,9452
20080512,SGP,18.74,18.859,18.51,18.75,78457
20080512,SHLD,93.17,95.79,92.39,94.69,24787
20080512,SHW,56.5,57.35,55.75,57.31,11124
20080512,SIAL,57.77,58.96,57.41,58.88,9910
20080512,SII,80.63,81.57,78.52,81.24,25471
20080512,SLB,104.44,104.44,101.65,103.45,71380
20080512,SLE,13.66,13.71,13.53,13.7,50947
20080512,SLM,21.75,22.03,21.47,21.88,57651
20080512,SNA,58.51,59.37,58.05,59.28,4392
20080512,SNDK,29.23,29.3,28.5,29.27,53437
20080512,SO,36.4,36.87,36.25,36.87,38107
20080512,SOV,7.54,8.34,7.49,8.18,162547
20080512,SPG,101.21,101.48,99.19,101.31,13460
20080512,SPLS,21.5,21.96,21.4,21.96,85322
20080512,SRE,57.41,57.92,56.99,57.89,20085
20080512,SSP,46.36,47.28,46.25,47.25,8844
20080512,STI,55.84,56.85,55.58,56.77,18982
20080512,STJ,40.73,41.57,40.73,41.5,31293
20080512,STR,65.17,65.17,63.79,64.98,7737
20080512,STT,72,74.74,70.98,74.67,28439
20080512,STZ,18.1,18.9,18.1,18.82,18630
20080512,SUN,43.66,46.11,43.66,45.87,40481
20080512,SVU,33.16,34.07,32.87,33.95,19527
20080512,SWK,48.93,49.17,48.5,49.17,4711
20080512,SWY,30.78,31.32,30.63,31.2,36385
20080512,SYK,64.37,64.5519,63.66,64.38,14240
20080512,SYMC,19.86,20.24,19.74,20.1,112111
20080512,SYY,30.46,30.91,30.46,30.91,18032
20080512,T,38.61,39.26,38.55,39.11,148758
20080512,TAP,56,57.19,55.9,57.06,10936
20080512,TDC,23.57,23.97,23.24,23.89,12270
20080512,TE,19.03,19.09,18.78,18.99,32333
20080512,TEG,49.41,50.07,49.35,50.07,5649
20080512,TEL,38.17,38.45,38.01,38.33,18386
20080512,TER,13.74,13.88,13.59,13.84,15700
20080512,TEX,71.63,72.7,70.5,72.55,11356
20080512,TGT,52.37,53.6,52.37,53.48,75783
20080512,THC,5.7,5.76,5.63,5.73,32870
20080512,TIE,17.37,17.62,17.1,17.22,30284
20080512,TIF,42.7,43.91,42.22,43.82,12305
20080512,TJX,31.15,32.41,31.15,32.14,45875
20080512,TLAB,5.41,5.47,5.34,5.45,52341
20080512,TMK,63.08,64.16,63.03,64.1,4188
20080512,TMO,56.3,57.21,56.3,57.15,12305
20080512,TROW,61.25,63.13,60.75,62.87,16670
20080512,TRV,50.21,51.24,50.15,51.22,24723
20080512,TSN,17.5,17.8,17.34,17.78,41813
20080512,TSO,22.38,24.22,22.28,24.15,144951
20080512,TSS,24.37,24.63,24.16,24.63,6865
20080512,TT,46.12,46.53,46.05,46.53,36091
20080512,TWX,15.92,16.05,15.77,16.04,162394
20080512,TXN,29.85,30.05,29.6,29.93,72993
20080512,TXT,61.1,61.69,60.06,61.53,11394
20080512,TYC,44.22,44.69,43.9,44.67,18016
20080512,UIS,4.06,4.22,3.96,4.21,22827
20080512,UNH,33.18,33.18,32.56,32.78,50811
20080512,UNM,23.79,24.09,23.74,24.09,15015
20080512,UNP,146.62,147.92,145,147.65,12799
20080512,UPS,69.8,70.68,69.6,70.42,40756
20080512,USB,33.7,34.24,33.6,34.2,97305
20080512,UST,52.07,52.67,51.93,52.63,8800
20080512,UTX,73.17,74.57,73.13,74.57,33331
20080512,VAR,46.09,46.09,44.86,45.39,12795
20080512,VFC,73.96,75.7,73.9,75.59,6746
20080512,VIA.B,38.54,39.1,38.37,38.9,20224
20080512,VLO,45.06,47.24,45.01,47.03,130492
20080512,VMC,66.89,70.66,66.8,70.51,26563
20080512,VNO,93.4,95.6,92.5,95.53,8584
20080512,VRSN,37.83,38.12,36.76,37.96,68209
20080512,VZ,38.02,38.13,37.64,38.06,88647
20080512,WAG,35.13,35.54,35.01,35.5,40433
20080512,WAT,63.49,64.07,63.1,63.99,5091
20080512,WB,27.76,28.36,27.65,28.22,183949
20080512,WEN,26.59,27.02,26.5,26.68,9698
20080512,WFC,29.5,29.9,29.39,29.76,135029
20080512,WFMI,32.9,34.3,32.9,33.75,46660
20080512,WFR,64.43,67.78,64.43,67.44,47858
20080512,WFT,85.48,85.48,83.11,84.74,39040
20080512,WHR,72.25,74.88,72.25,74.77,10708
20080512,WIN,12.93,12.93,12.46,12.72,57200
20080512,WLP,52.3,53.33,51.7,52.52,27299
20080512,WM,10.54,10.6201,10.18,10.25,302673
20080512,WMB,36.49,36.94,36.13,36.65,46642
20080512,WMI,36.6,36.9,36.26,36.9,11402
20080512,WMT,57.69,58.37,57.64,58.02,182456
20080512,WPI,27.72,28.36,27.72,28.32,4798
20080512,WPO,648,656.39,647.43,652.75,96
20080512,WU,23.07,23.24,22.94,23.1,26878
20080512,WWY,76.6,77.4499,76.55,77.4,25204
20080512,WY,62.97,64.2,62.5,64.15,13709
20080512,WYE,44.12,44.9,44.08,44.88,54684
20080512,WYN,22.99,23.44,22.88,23.43,7294
20080512,X,171.31,172.6,167.73,171.78,41804
20080512,XEL,21.25,21.35,21.07,21.32,23169
20080512,XL,34.1,35.1,33.8,34.44,15304
20080512,XLNX,25.85,26.39,25.73,26.34,49415
20080512,XOM,88.47,89.47,87.6,89.19,230542
20080512,XRX,14.24,14.36,14.15,14.3,50701
20080512,XTO,64.2,64.33,63.12,63.62,57031
20080512,YHOO,25.83,25.88,25.02,25.26,413338
20080512,YUM,39.76,40.7,39.76,40.6,26833
20080512,ZION,45.28,46,44.63,45.75,19313
20080512,ZMH,69.73,69.75,68.92,69.56,23033
