20080926,A,30.78,30.99,30.14,30.93,45114
20080926,AA,24.43,24.5,23.4,23.54,219860
20080926,AAPL,125,129.8,123,128.24,402303
20080926,ABC,38.26,38.47,37.88,38.29,11583
20080926,ABI,35,35.3,34.74,34.94,24027
20080926,ABT,58.87,59.59,58.69,59.4,60883
20080926,ACAS,25.21,26.3,24.89,26.29,22166
20080926,ACS,50.27,52.2,50.27,52.19,7193
20080926,ADBE,39.16,40.1,38.92,39.99,51008
20080926,ADI,26.56,26.93,26,26.87,42225
20080926,ADM,23.29,23.29,22.663,22.88,64492
20080926,ADP,42.66,43.83,42.57,43.73,19909
20080926,ADSK,33.57,35.35,33.08,35.21,32070
20080926,AEE,39.62,40.23,39.23,40.18,6828
20080926,AEP,36.81,37.48,36.79,37.16,17959
20080926,AES,12.9,12.96,12.4,12.58,57169
20080926,AET,36.68,39.85,36.59,38.49,32177
20080926,AFL,60,61.13,59.43,59.88,25824
20080926,AGN,57.38,57.77,55,55.29,32138
20080926,AIG,2.77,3.28,2.75,3.15,1350535
20080926,AIV,32.29,35.33,32.29,35.18,11292
20080926,AIZ,51.94,53.95,51.08,53.42,12198
20080926,AKAM,16.67,16.93,16.08,16.38,56227
20080926,AKS,28.1,28.7,27.47,28.39,34026
20080926,ALL,44.64,46.77,44.47,46.33,26442
20080926,ALTR,20.61,21.35,20.59,21.32,63720
20080926,AMAT,15.69,16.1,15.62,15.95,197425
20080926,AMD,5.01,5.21,4.96,5.16,192672
20080926,AMGN,58.98,61.37,58.75,60.67,123584
20080926,AMP,41.47,41.47,39.27,40.4,22585
20080926,AMT,37.38,38.25,36.52,38.19,58363
20080926,AMZN,69.52,71.05,68.08,70.7,67478
20080926,AN,13,13.25,12.55,12.83,10973
20080926,ANF,38.18,38.97,37.85,38.85,38851
20080926,AOC,47.75,48,45.95,46.54,20773
20080926,APA,110.43,112.5,106.04,109.88,37500
20080926,APC,52.98,53.92,50.87,52.73,51434
20080926,APD,69.89,71.59,69.22,71.43,30667
20080926,APOL,56.34,59.07,56.02,58.94,28065
20080926,ASH,31.04,31.04,29.37,30.06,15064
20080926,ATI,33.26,33.66,32.18,32.87,31289
20080926,AVB,94.32,99.84,93.63,99.26,17443
20080926,AVP,41.22,42.05,40.85,41.68,25844
20080926,AVY,45.43,45.71,44.22,45.52,10458
20080926,AW,11.65,11.83,11.22,11.71,30439
20080926,AXP,36.62,39.58,35.35,39.5,163344
20080926,AYE,38.52,38.97,37.57,38.24,13137
20080926,AZO,128.76,130.44,127.04,129.35,4577
20080926,BA,56.74,58.5,56.01,58.32,58664
20080926,BAC,33.76,37.5,33.29,36.7,719643
20080926,BAX,65.59,66.91,65.02,66.75,33325
20080926,BBBY,31.21,32.5,31.16,32.24,58116
20080926,BBT,37.68,40.45,36.5,40.45,55958
20080926,BBY,38,39.12,37.66,39.12,62967
20080926,BCR,96.9,98.7999,96.28,98.6,8512
20080926,BDK,61.67,63.03,61.29,62.89,3841
20080926,BDX,82.62,82.7,81.47,82.36,9345
20080926,BEN,95.28,99.82,91.52,98.8,10123
20080926,BF.B,72.69,73.49,71.33,72.44,2875
20080926,BHI,63.26,64.1,61.77,63.4,47547
20080926,BIG,28.8,30.79,28.76,30.38,16570
20080926,BIIB,47.99,50.1,47.5,49.77,37339
20080926,BJS,20.5,21.27,20.04,20.8,69215
20080926,BK,32.84,36.86,32.8,36.38,75474
20080926,BLL,41.08,43.16,40.19,42.75,17327
20080926,BMC,29.5,30.07,28.89,29.43,26037
20080926,BMS,27.17,27.52,26.86,27.32,6149
20080926,BMY,20.43,20.94,20.43,20.82,105094
20080926,BNI,96.15,98.47,95.22,98.34,48803
20080926,BRCM,19.02,19.25,18.65,19.08,116132
20080926,BRL,65.51,66.31,65.18,66.05,25096
20080926,BSX,12.81,13.01,12.58,12.74,94128
20080926,BTU,48.4,48.95,46.32,48.63,85734
20080926,BUD,66.36,66.55,65.87,66.02,82150
20080926,BXP,89.89,94.94,89.5,94.71,20453
20080926,C,18.35,20.42,18.15,20.15,1124860
20080926,CA,20.55,21.06,20.41,21,51428
20080926,CAG,19.2,19.82,19.2,19.73,35115
20080926,CAH,49.02,49.96,49.02,49.84,35119
20080926,CAM,41.67,41.83,39.29,40.45,41719
20080926,CAT,60.93,64.2,60.67,64.13,82643
20080926,CB,50.71,53.78,49.91,53.75,24508
20080926,CBE,42.34,42.34,40.9,41.83,13193
20080926,CBG,13.28,14.08,12.95,13.88,25839
20080926,CBS,15.11,15.53,14.93,15.4,66758
20080926,CCE,17.23,17.64,17.08,17.34,22214
20080926,CCL,35.9,36.17,35.02,35.5,66668
20080926,CEG,25.32,25.86,24.81,25.25,36371
20080926,CELG,63.64,66.49,63.5,66.27,32597
20080926,CF,99.14,99.14,87.66,91.78,72395
20080926,CHK,38.76,39.46,37.37,37.94,183871
20080926,CHRW,52.01,52.93,51.5,52.19,16025
20080926,CI,34.73,37.41,34.73,36.53,13224
20080926,CIEN,11.12,11.68,10.93,11.61,45354
20080926,CINF,30.38,33.87,30.35,32.54,6971
20080926,CIT,8.5,8.5,7.5,8.24,89776
20080926,CL,75.24,77.33,75.24,77.06,27383
20080926,CLX,61,62.0399,61,61.78,10397
20080926,CMA,33.93,35.78,32.22,34.3,34993
20080926,CMCSA,19.73,20.77,19.66,20.7,279899
20080926,CME,375,404.37,375,399,8692
20080926,CMI,46.99,47.65,44.05,46.03,92653
20080926,CMS,12.56,12.93,12.41,12.92,29298
20080926,CNP,14.66,14.92,14.53,14.81,26994
20080926,CNX,49.47,50.3,47.66,49.24,54520
20080926,COF,48.25,55,47.6,54.55,82112
20080926,COG,39.34,40.22,38.02,38.88,22497
20080926,COH,24.99,26.07,24.81,25.99,95062
20080926,COL,46.26,47.77,46.26,47.65,11378
20080926,COP,75.08,76.43,74.25,76.24,100972
20080926,COST,64.9,66.32,64.52,66.29,45080
20080926,COV,54.18,55.18,53.64,54.91,41137
20080926,CPB,37.58,37.91,37.35,37.63,22770
20080926,CPWR,10.21,10.49,10.12,10.48,27049
20080926,CRM,50.43,51.36,49.86,50.65,22905
20080926,CSC,41.38,42.3,41.38,42.21,6434
20080926,CSCO,22.94,24,22.87,23.82,592401
20080926,CSX,55.33,56.56,54.77,56.39,67647
20080926,CTAS,28.02,29.13,28,29.06,11078
20080926,CTL,38.38,38.77,37.64,38.74,6077
20080926,CTSH,23.84,24.77,23.71,24.73,37976
20080926,CTX,16.06,17.35,15.78,17.3,74221
20080926,CTXS,28.33,28.42,27.57,28.02,24578
20080926,CVG,15.39,15.63,15.14,15.58,6881
20080926,CVH,34.49,35.46,32.81,34.47,8835
20080926,CVS,33.41,35.51,33.41,34.98,78209
20080926,CVX,86,87.12,84.91,86.95,118695
20080926,D,43.3,43.5,42.7435,43.4,18374
20080926,DD,41.88,42.31,41.29,41.99,86794
20080926,DDR,31.2,33.47,31.16,33.4,11865
20080926,DDS,12.5,12.88,12.02,12.84,9055
20080926,DE,56.88,56.97,54.5,55.33,54692
20080926,DELL,16.6,17.11,16.57,17,170355
20080926,DF,22.92,23.81,22.8,23.6,20747
20080926,DFS,14.55,14.78,13.6,13.92,46345
20080926,DGX,53.05,53.75,51.92,52.01,21651
20080926,DHI,13.22,13.85,13.21,13.81,124533
20080926,DHR,70.02,71.11,68.37,70.98,20698
20080926,DIS,31.94,32.81,31.94,32.75,95470
20080926,DOV,42.1,42.11,40.74,41.93,18845
20080926,DOW,34.48,34.72,33.54,33.97,77602
20080926,DRI,27.5,28.61,27.5,28.56,24254
20080926,DTE,40.73,41.1,40.12,40.77,13411
20080926,DTV,25.77,26.58,25.32,26.55,87271
20080926,DUK,17.73,18.07,17.68,18.03,59604
20080926,DVA,55.5,56.82,55.5,56.39,7508
20080926,DVN,98.01,100.69,94.52,98.76,54774
20080926,DYN,3.98,4.21,3.69,3.99,116598
20080926,EBAY,21.77,22.66,21.75,22.57,119745
20080926,ECL,48.76,49.8,48.76,49.7,14453
20080926,ED,43.4,43.95,43.08,43.66,13196
20080926,EFX,34.5,35.33,34.44,35.22,6567
20080926,EIX,40.13,40.21,38.95,40.09,23587
20080926,EK,14.88,15.21,14.6,15.04,51154
20080926,EL,50.31,51.11,50,50.88,7608
20080926,EMC,12.44,12.93,12.44,12.72,247558
20080926,EMN,57.27,58.21,56.92,57.98,5806
20080926,EMR,40.55,41.34,40.17,41.32,50441
20080926,EOG,94.07,95.8,89.82,94.52,29356
20080926,EP,13.55,13.75,13.31,13.66,65290
20080926,EQ,42.28,43.17,42.24,42.99,11459
20080926,EQR,43.3,45.58,42.34,45.51,37230
20080926,ERTS,38.77,39.77,38.5,39.63,75084
20080926,ESRX,72.54,75.89,72,74.88,14988
20080926,ESV,59.92,60.46,57.87,58.98,22694
20080926,ETFC,3.22,3.55,3.21,3.45,134383
20080926,ETN,58.81,58.81,56.21,58.06,25656
20080926,ETR,92.84,94.1,89.16,90.53,14692
20080926,EXC,67.97,68.72,65.96,67.16,31143
20080926,EXPD,35.51,36.34,35.04,36.17,16958
20080926,EXPE,15.81,16.06,15.57,15.96,19967
20080926,F,4.85,5,4.7199,4.81,371826
20080926,FAST,50.45,50.93,49.56,50.38,30505
20080926,FCX,66.2,66.62,61.52,63.82,163134
20080926,FDO,25.74,27.09,25.6101,26.95,33013
20080926,FDX,80.56,82.23,80.27,81.56,26385
20080926,FE,68.24,68.98,67.54,68.64,10575
20080926,FHN,11.08,11.53,10.12,11.27,71047
20080926,FII,30.65,32.07,30.22,32.02,8856
20080926,FIS,19.53,19.91,19.26,19.74,17875
20080926,FISV,49.71,50.19,48.93,49.82,14794
20080926,FITB,15.05,16.49,15.05,16.16,111021
20080926,FLR,54.51,55.79,54.24,55.51,43264
20080926,FO,60.27,60.89,59.82,59.97,9413
20080926,FPL,54.73,55.5,54,55.32,19283
20080926,FRX,27.8,28.77,27.8,28.44,24631
20080926,FTR,11.7,11.89,11.62,11.84,14339
20080926,GAS,48.35,49.22,47.78,48.49,7041
20080926,GCI,17.43,18.31,17.43,18.2,28181
20080926,GD,74.92,75.75,73.12,74.92,61400
20080926,GE,24.75,25.81,24.52,25.25,473577
20080926,GENZ,79.34,81.63,78.54,81.16,21687
20080926,GGP,15.47,17.53,15.14,17.05,51687
20080926,GILD,45.93,48.88,45.83,48.64,98552
20080926,GIS,68.41,69.76,68.14,69.61,24447
20080926,GLW,16.23,16.32,15.86,16.13,108265
20080926,GM,9.9,10.18,9.7,9.76,218093
20080926,GME,35.25,36.25,34.9,36.16,18759
20080926,GNW,10.06,10.49,4.97,8.14,78904
20080926,GOOG,428,437.16,421.0301,431.04,52927
20080926,GPC,41.2,41.7,40.89,41.62,6085
20080926,GPS,18.01,18.4,17.83,18.37,61000
20080926,GR,43.5,44.3,42.89,43.94,12503
20080926,GS,132.49,137.99,129.51,137.99,158094
20080926,GT,15.61,16.57,15.61,16.57,29738
20080926,GWW,86.86,89.25,86.37,89.06,8044
20080926,HAL,33.91,34.33,32.9,34,141807
20080926,HAR,35.41,35.64,34.71,35.21,21136
20080926,HAS,35.47,35.98,35.05,35.66,15471
20080926,HBAN,8.63,9.77,8.54,9.33,56280
20080926,HCBK,18.3,19.09,18.11,18.81,70081
20080926,HCP,36.52,39.48,35.855,39.47,26773
20080926,HD,24.93,26.49,24.93,26.46,170085
20080926,HES,92.18,92.31,86.89,89.53,55852
20080926,HIG,50.21,57.48,50.04,56.64,27941
20080926,HNZ,50.75,51.32,50.47,51.18,34163
20080926,HOG,39,40.24,38.79,40.04,29151
20080926,HON,42.42,44.39,42.1,44.17,62069
20080926,HOT,30,30.66,29.265,30.27,55247
20080926,HPC,20.15,20.5,19.96,20,20588
20080926,HPQ,46.93,48.58,46.93,47.81,196096
20080926,HRB,22.89,23.31,22.67,23,11147
20080926,HRS,47.16,47.73,45.65,47.7,8763
20080926,HSP,39.06,39.68,39.02,39.26,9096
20080926,HST,13.59,14,13.17,13.95,75303
20080926,HSY,40.7,41.43,40.09,41.06,12976
20080926,HUM,41.5,43.82,40.89,42.7,12828
20080926,IBM,117.21,121.01,117.01,119.42,47606
20080926,ICE,73.76,78.96,72.25,78.85,8229
20080926,IFF,42.45,42.5,41.53,41.99,6244
20080926,IGT,16.87,18.47,16.51,18.44,66931
20080926,INTC,18.25,19.4018,18.19,19.2,683536
20080926,INTU,30.9,32,30.79,31.94,38712
20080926,IP,27.85,29.05,27.82,28.24,77072
20080926,IPG,8.02,8.2,8.02,8.14,58864
20080926,IR,31.88,32.22,31.22,32.02,27412
20080926,ISRG,274.5,277.97,269,275.01,8089
20080926,ITT,55.31,56.65,54.285,56.51,16534
20080926,ITW,44.27,44.93,43.72,44.77,34923
20080926,IVZ,23.58,26.4,22.2,25.34,35646
20080926,JAVA,7.75,7.88,7.52,7.64,142557
20080926,JBL,11.13,11.2,10.72,10.99,97787
20080926,JCI,30.29,31.17,29.5,31.08,24384
20080926,JCP,34.4,35.54,34,35.5,57804
20080926,JDSU,8.4,8.68,8.3,8.66,25765
20080926,JEC,56.45,56.45,53.44,55.04,20452
20080926,JNJ,68.77,69.75,68.74,69.4,130871
20080926,JNPR,22.66,23.09,22.31,23.02,84968
20080926,JNS,24.26,24.85,21.5,24.65,15144
20080926,JNY,19.03,19.36,18.7,19.3,20616
20080926,JPM,40.55,49,40.48,48.24,1480813
20080926,JWN,28.92,29.59,28.7,29.19,62726
20080926,K,56.4,57.47,56.15,57.39,20657
20080926,KBH,19.55,21.73,19.41,21.56,84602
20080926,KEY,12.86,15.05,12.86,14.7,91954
20080926,KFT,32.66,32.97,32.52,32.93,78376
20080926,KG,9.76,10.02,9.5,9.76,15999
20080926,KIM,36.32,38.52,36.01,38.38,31525
20080926,KLAC,31.4,33.35,31.13,33.15,56148
20080926,KMB,63.86,66.18,63.86,66.07,31569
20080926,KO,50.94,52.66,50.84,52.48,137585
20080926,KR,26.6,27.88,26.11,27.85,67470
20080926,KSS,46.9,49.2,46.33,49.13,62855
20080926,L,41.75,42.99,41.1,42.99,15795
20080926,LEG,22.61,22.74,22.19,22.28,25462
20080926,LEN,13.7,15.45,13.7,15.28,77992
20080926,LH,69.89,70.58,69.41,69.53,11839
20080926,LIZ,16.66,17.16,16.66,17.13,16206
20080926,LLL,99.35,100.3,98.2801,99.91,8412
20080926,LLTC,30.32,31.39,30.22,31.3,41251
20080926,LLY,46.17,47.06,45.76,46.82,57698
20080926,LM,40.19,44.94,40.06,44.89,32441
20080926,LMT,109.37,112.87,107.01,112.55,20925
20080926,LNC,48.19,51.38,47.25,49,26424
20080926,LO,70.73,74.54,70.14,74.12,23573
20080926,LOW,23.38,24.52,23.25,24.46,123696
20080926,LSI,5.4,5.77,5.38,5.73,116031
20080926,LTD,18.35,18.79,18.1,18.78,33311
20080926,LUK,43.5,43.97,41.92,42.99,14632
20080926,LUV,14.72,14.99,14.35,14.57,93006
20080926,LXK,31.54,32.59,31.46,32.51,11007
20080926,M,18.37,19.44,17.9,19.4,72655
20080926,MA,183,186,178.2755,185.07,48390
20080926,MAR,24.93,25.98,24.75,25.87,42254
20080926,MAS,18.43,19,18.13,18.98,36597
20080926,MAT,18.14,18.76,18.14,18.76,21041
20080926,MBI,12.3,13.9,12.25,13.74,45918
20080926,MCD,62.05,63.34,62.05,63.2,82778
20080926,MCHP,29.53,30.74,29.53,30.66,20895
20080926,MCK,54.81,55.48,53.64,55.31,18677
20080926,MCO,33.54,34.4,32.8,33.2,29405
20080926,MDP,28.55,29.21,28.15,29.07,8104
20080926,MDT,51.43,51.9,50.63,51.13,79343
20080926,MEE,41.71,42.2,37.29,39.77,72508
20080926,MER,25.3,27.48,24.81,27.36,335841
20080926,MET,53.8,56.15,50.09,53.81,83617
20080926,MHP,34.05,34.44,32.98,34.03,42032
20080926,MHS,44.69,48,43.89,46.42,22349
20080926,MI,20.66,23.45,20.47,23.45,27211
20080926,MIL,69.23,69.73,68.54,69.43,3176
20080926,MKC,38.47,39.21,38.4,38.87,6007
20080926,MMC,32.03,33.57,31.81,33.57,46559
20080926,MMM,68.8,69.69,68.25,69.45,43024
20080926,MNST,16.27,16.95,16.22,16.68,14434
20080926,MO,20.24,20.96,20.15,20.89,148875
20080926,MOLX,23.59,23.92,23.1,23.88,11638
20080926,MON,105.22,106.42,102.56,106.06,63763
20080926,MOT,7.5,7.65,7.25,7.63,243894
20080926,MRK,32.03,32.62,31.8,32.12,128015
20080926,MRO,40.66,40.97,39.2,40.83,90916
20080926,MS,23.73,27.1,23.52,24.75,411496
20080926,MSFT,26.23,27.56,26.14,27.4,1007442
20080926,MTB,85.9,91.5,82.41,91.5,12216
20080926,MTG,7.35,8.09,7.03,7.85,22436
20080926,MTW,17.48,17.85,17.23,17.74,17161
20080926,MU,4.38,4.81,4.35,4.65,216517
20080926,MUR,69.6,70.21,67.49,69.59,12756
20080926,MWV,25.3,25.3,24.74,25.11,10658
20080926,MYL,11.78,11.9175,11.51,11.7,53781
20080926,NBL,58.43,59.67,57.26,59.52,26078
20080926,NBR,25.47,26.5,25.23,26.15,60465
20080926,NCC,4.17,4.3,2,3.71,3264717
20080926,NE,47.93,48.26,45.69,46.91,48211
20080926,NEM,42.38,43.45,40.78,41,74955
20080926,NI,15,15.36,14.98,15.24,25601
20080926,NKE,64.18,68,64,67.79,75570
20080926,NOC,62.57,63.23,61.63,63,25202
20080926,NOV,53.6,54.95,51.69,54.57,82542
20080926,NOVL,5.2,5.35,5.125,5.29,23729
20080926,NSC,66.58,70.25,66.47,69.93,50914
20080926,NSM,17,17.73,16.88,17.67,38401
20080926,NTAP,18.27,18.85,18.14,18.8,63492
20080926,NTRS,73.69,79.9,71.01,79.9,23370
20080926,NUE,44.08,45.48,43.53,44.36,72124
20080926,NVDA,11.19,11.77,10.98,11.69,161713
20080926,NVLS,20.03,20.75,20,20.67,15896
20080926,NWL,17.71,18.09,17.56,18.07,26434
20080926,NWS.A,13.1,13.15,12.75,13.02,98798
20080926,NYT,14.94,15.1999,14.47,14.92,10849
20080926,NYX,37.8,39.26,37.2,39.26,55943
20080926,ODP,5.6,5.83,5.59,5.82,59078
20080926,OMC,39.73,40.5,39.44,40.23,19964
20080926,ORCL,20,20.85,19.9804,20.62,392218
20080926,OXY,75.7,77.49,73.68,77.33,63788
20080926,PAYX,31.16,33.38,31.16,33.35,37497
20080926,PBG,29.97,30.59,29.86,30.31,17942
20080926,PBI,34,34,33.2,33.48,14334
20080926,PCAR,38.46,39.21,37.79,39,55153
20080926,PCG,38.87,39.39,37.87,38.36,17449
20080926,PCL,48.34,51.2,48.18,50.78,20552
20080926,PCP,81,81.64,79.56,81.38,15782
20080926,PDCO,29.59,30.63,29.59,30.53,8189
20080926,PEG,34.8,35.16,34.212,34.76,15318
20080926,PEP,70.3,72.13,70.3,71.71,64896
20080926,PFE,18.31,18.72,18.21,18.66,375932
20080926,PFG,43.31,44.95,42.39,44.15,14576
20080926,PG,67.82,69.42,67.82,68.84,134176
20080926,PGN,43.7,44.22,43.01,43.85,11909
20080926,PGR,17.24,17.5,17.13,17.35,40112
20080926,PH,53.41,53.98,52,53.24,17027
20080926,PHM,14.55,16.57,14.55,16.22,146996
20080926,PKI,25.8,26.36,25.7,26.28,5628
20080926,PLD,39.5,43.34,37.23,39.97,36272
20080926,PLL,34.635,35.59,34.63,35.38,12745
20080926,PM,50.76,51.38,50.01,50.9,93158
20080926,PNC,71.75,77.44,70.52,75.5,42003
20080926,PNW,35.75,36.06,35.23,35.6,8838
20080926,POM,23.32,23.6,23.02,23.54,10910
20080926,PPG,60.14,61.56,60.06,61.44,12637
20080926,PPL,37.12,37.64,36.55,37.6,25241
20080926,PRU,74,76.5,71.92,73.52,29965
20080926,PSA,91.28,98.39,90.81,97.67,14678
20080926,PTV,25.78,26.44,25.51,26.4,9274
20080926,PX,76.33,77.35,73.73,74.15,58194
20080926,Q,3.51,3.65,3.51,3.61,133723
20080926,QCOM,45.29,46.24,44.83,45.84,211452
20080926,QLGC,15.99,16.39,15.81,16.19,23143
20080926,R,60.91,61.89,58.56,60.98,9767
20080926,RAI,49.87,51.49,49.87,51.29,9370
20080926,RDC,32.78,33.41,31.78,32.63,24917
20080926,RF,12.9,14.79,12.5,14,78900
20080926,RHI,25.48,25.64,25.13,25.49,13013
20080926,RIG,123.91,125.48,119.01,121.83,57617
20080926,RL,69.32,72.09,68.58,71.88,14581
20080926,ROH,72.35,72.71,71.75,72.22,23522
20080926,ROK,36.98,37.48,36.35,37.29,9414
20080926,RRC,47.23,48.14,45.9,47.63,27159
20080926,RRD,25.08,25.43,24.55,25.21,8780
20080926,RSH,17.52,17.89,17.2,17.85,28449
20080926,RTN,55.38,56.48,55.07,56.06,29417
20080926,RX,19.94,19.94,19.34,19.73,12398
20080926,S,6.66,6.99,6.61,6.93,206090
20080926,SBUX,14.54,15,14.5,14.96,95361
20080926,SCHW,22.99,24.98,22.99,24.32,76925
20080926,SE,25.24,25.69,24.98,25.64,30333
20080926,SEE,22.96,23.17,22.66,23.13,11704
20080926,SGP,18.18,18.55,18.1,18.49,92737
20080926,SHLD,92.45,96.791,91.8,96.17,15302
20080926,SHW,60.56,61.76,59.8,61.72,22451
20080926,SIAL,53.86,54.88,53.81,54.7,8011
20080926,SII,64.21,65.05,61.55,63.12,26224
20080926,SLB,85.6,86.53,83.61,86.03,76838
20080926,SLE,13.33,13.35,13.11,13.29,48206
20080926,SLM,14.08,14.6,13.81,13.89,55808
20080926,SNA,55.9,56.72,54.3,54.99,7773
20080926,SNDK,20.69,21.85,20.4,21.56,62057
20080926,SNI,40.29,40.29,38.82,39.11,7660
20080926,SO,38.29,38.96,37.54,38.62,41467
20080926,SOV,7.82,8.37,7.4,8.37,104410
20080926,SPG,93.4,100.27,92.86,99.7,25689
20080926,SPLS,23.04,23.36,22.8127,23.07,81306
20080926,SRE,52.76,53.67,51.9,53.16,18709
20080926,STI,48.27,51.14,46.37,50.48,51466
20080926,STJ,44.07,44.74,43.38,43.7,37914
20080926,STR,44.99,45.85,43.84,44.51,20031
20080926,STT,56.5,60.5,53.975,60.5,61022
20080926,STZ,21.775,22.27,21.58,22.11,16662
20080926,SUN,38.82,41,38.76,40.18,29692
20080926,SVU,23.19,24.04,22.63,24,30453
20080926,SWK,46,46,44.14,44.7,7891
20080926,SWN,34.23,34.68,32.7675,33.24,54520
20080926,SWY,24.24,24.8,24,24.72,39796
20080926,SYK,63.72,64.72,63.46,64.31,16409
20080926,SYMC,19.48,19.86,19.31,19.8,90324
20080926,SYY,32.72,33.3,32.72,33.3,29884
20080926,T,29.6,30.1,29.41,30,246363
20080926,TAP,46,46.74,45.99,46.41,10529
20080926,TDC,19.13,21.15,19.08,20.61,46468
20080926,TE,16.76,17,16.51,16.84,10450
20080926,TEG,52.01,53.2,51.99,52.82,2750
20080926,TEL,27.84,28.35,27.0565,27.39,36986
20080926,TER,8.11,8.32,7.88,8.31,22062
20080926,TEX,32.55,34.19,32.41,34.18,25683
20080926,TGT,49.27,51.6,48.99,51.47,97326
20080926,THC,6.1,6.2,5.92,6.01,52678
20080926,TIE,11.49,11.9,11.1,11.38,25374
20080926,TIF,36.34,36.76,35.79,36.73,14362
20080926,TJX,31.65,32.32,31.13,31.96,64071
20080926,TLAB,4.04,4.13,3.9799,4.11,30684
20080926,TMK,60,62.77,58.5,62.39,9023
20080926,TMO,55.38,56.71,55.01,56.62,21599
20080926,TROW,56.45,61.22,56.03,60.93,17894
20080926,TRV,44.44,45.81,43.36,44,39190
20080926,TSN,12.81,13.14,12.62,12.69,78169
20080926,TSO,19.02,19.76,18.05,18.88,78869
20080926,TSS,17.8,17.8,16.89,17.45,16996
20080926,TWX,13.97,14.24,13.78,14.21,295347
20080926,TXN,22.16,23.29,22.16,23.26,155274
20080926,TXT,32.95,32.95,31.67,32.49,28579
20080926,TYC,36.3,36.84,35.42,36.37,36264
20080926,UIS,3.1,3.15,2.96,3.06,38327
20080926,UNH,25,26.2,25,25.81,45457
20080926,UNM,25.23,26.25,24.88,26.07,24554
20080926,UNP,71.06,73.4,71,73.27,40685
20080926,UPS,62.73,64.8,62.73,64.39,49728
20080926,USB,34.36,36.27,34.06,36.2,178741
20080926,UST,66.9,67.06,66.8,67,31111
20080926,UTX,58.12,60.92,57.79,60.86,61141
20080926,VAR,61.77,62.26,60.77,61.18,10106
20080926,VFC,79.02,80.29,77.97,80.23,5407
20080926,VIA.B,24.97,25.56,24.97,25.43,26435
20080926,VLO,34.31,35.78,32.9,34.17,114275
20080926,VMC,78.36,79.85,75.47,78.62,13185
20080926,VNO,90.5,95.05,89.45,94.71,20930
20080926,VRSN,26.86,27.19,25.87,26.44,40070
20080926,VZ,31.43,32.24,31.36,32.18,120583
20080926,WAG,31.45,32.95,31.36,32.73,66595
20080926,WAT,58.89,59.98,58.46,59.65,8918
20080926,WB,10.1,11.88,8.02,10,3292697
20080926,WEN,21.8,23.01,21.8,22.64,21272
20080926,WFC,33.27,38.25,33,37.31,560789
20080926,WFMI,19.86,20.7,19.84,20.64,21522
20080926,WFR,30.02,30.72,28.02,29.17,71525
20080926,WFT,28.03,28.8,26.66,27.6,107383
20080926,WHR,81.8,84.9599,81.18,84.36,11907
20080926,WIN,11.39,11.39,11.15,11.31,33431
20080926,WLP,46.31,48.35,45.6,46.69,40088
20080926,WM,0.18,2.4,0.15,0.16,1023694
20080926,WMB,25.61,25.9,25.04,25.49,78229
20080926,WMI,32.98,33.38,32.44,33.29,24618
20080926,WMT,59.08,60.9,59.08,60.71,212001
20080926,WPI,28.82,29.1,28.55,28.8,9715
20080926,WPO,569,570,553.11,563.58,340
20080926,WU,24.9,25.76,24.8,25.23,39171
20080926,WWY,79.31,79.68,79.31,79.63,41805
20080926,WY,61.81,62.7,60.71,62.32,17852
20080926,WYE,37.38,38.78,37,38.48,84927
20080926,WYN,14.97,15.8,14.95,15.77,24817
20080926,X,86.75,87.66,84.79,87.26,71392
20080926,XEL,20.56,20.72,20.31,20.51,24256
20080926,XL,17.02,18.51,17.02,18.41,25512
20080926,XLNX,22.99,24.1,22.99,23.98,61715
20080926,XOM,79.03,81.03,78.61,80.65,289411
20080926,XRX,11.85,12.12,11.65,11.82,75820
20080926,XTO,49.56,50.52,47.87,49.4,103241
20080926,YHOO,18.72,19.25,18.65,18.92,149260
20080926,YUM,33.28,34.13,33,33.94,38035
20080926,ZION,40,43.98,38.51,43.98,28066
20080926,ZMH,65.87,66.68,64.82,65.4,25772
