20080623,A,37.66,37.81,37.05,37.08,30576
20080623,AA,37.49,37.96,36.96,37.71,100503
20080623,AAPL,174.78,175.88,171.56,173.16,230720
20080623,ABC,40.22,40.22,39.46,39.58,6081
20080623,ABI,33.7,34.24,33.52,34.14,51746
20080623,ABK,2.1,2.1,1.86,1.91,87161
20080623,ABT,53.45,54.53,53.37,54.29,61681
20080623,ACAS,27.09,27.15,26.01,26.16,35271
20080623,ACE,57.31,57.5,56.28,56.46,19361
20080623,ACS,55.5,55.6,54.89,55.1,7472
20080623,ADBE,40.9,40.91,40.1182,40.37,49996
20080623,ADI,33.35,33.84,32.79,32.83,27399
20080623,ADM,33.4,34.1,33.11,33.5,81073
20080623,ADP,42.46,42.79,42.3,42.41,21398
20080623,ADSK,36.9,37.1799,35.86,36.09,44693
20080623,AEE,43.02,43.48,42.8,43.01,6280
20080623,AEP,41.43,42.09,41.29,41.37,20285
20080623,AES,19.6,19.88,19.51,19.56,36239
20080623,AET,41.04,41.86,40.92,41.12,33174
20080623,AFL,65.87,66,64.47,64.49,23486
20080623,AGN,54.63,54.95,52.66,52.95,41206
20080623,AIG,32.01,32.25,30.12,30.3,355671
20080623,AIV,35.94,35.99,34.59,34.69,9583
20080623,AIZ,68.36,68.99,68.1,68.11,5149
20080623,AKAM,35.9,36.18,34.96,35.23,31486
20080623,ALL,48.04,48.28,47.51,47.56,40040
20080623,ALTR,22.24,22.66,21.72,21.75,100108
20080623,AMAT,20.18,20.35,19.7472,19.75,247943
20080623,AMD,7.11,7.17,6.51,6.55,296696
20080623,AMGN,45.06,46.11,44.97,45.89,124050
20080623,AMP,44.69,45.1,43.68,44.05,20855
20080623,AMT,43.48,43.56,41.77,42.03,55436
20080623,AMZN,81.3,82.15,79.55,80.68,74262
20080623,AN,12.05,12.07,11.54,11.64,41545
20080623,ANF,68.43,68.54,66.23,66.71,18977
20080623,AOC,47.22,47.62,47,47.22,17055
20080623,APA,136.07,143.93,136.07,143.93,42853
20080623,APC,75.5,78.49,74.92,78.03,43385
20080623,APD,103.19,104.46,101.93,104.15,12340
20080623,APOL,53.65,55.67,53.49,54.34,43430
20080623,ASH,50.94,51.25,50.25,50.66,8320
20080623,ATI,62.9,64.03,62.46,63.37,22173
20080623,AVB,92.93,93.38,90.14,90.69,9336
20080623,AVP,36.17,36.4,35.64,36.18,39499
20080623,AVY,46.55,47,46.08,46.79,7037
20080623,AW,13.73,13.73,12.95,13.29,155147
20080623,AXP,41.28,41.71,40.56,40.88,102346
20080623,AYE,52.56,53.43,52.56,52.81,11780
20080623,AZO,115.4,115.8,111.57,112.23,6908
20080623,BA,76.23,76.48,75.12,75.59,40365
20080623,BAC,27.18,27.26,25.83,25.88,697514
20080623,BAX,62.65,62.78,61.67,62.32,60564
20080623,BBBY,28.75,29.21,27.99,28.09,67889
20080623,BBT,24.89,25.23,23.88,24.04,124865
20080623,BBY,42.15,42.56,41.07,41.17,67162
20080623,BC,12,12.17,11.39,11.4,31939
20080623,BCR,88.6,88.81,87.82,88.02,3537
20080623,BDK,59.2,59.2,57.87,58.18,6383
20080623,BDX,79.3,79.37,78.38,78.94,10644
20080623,BEN,100.98,100.99,98.04,99.56,18583
20080623,BF.B,76.18,77.48,76.18,76.54,2194
20080623,BHI,84.34,89.62,84.06,89.56,51487
20080623,BIG,33.26,33.41,31.69,32.04,37289
20080623,BIIB,57.89,58.75,56.53,56.53,33494
20080623,BJS,32.02,33.55,32.02,33.49,87865
20080623,BK,40.65,41.1,39.97,40.1,65440
20080623,BLL,52.22,52.22,50.92,51.25,5865
20080623,BMC,37.59,37.59,36.8614,36.94,21055
20080623,BMS,23.98,23.98,23.55,23.67,11381
20080623,BMY,19.69,19.8,19.6,19.7,102866
20080623,BNI,103.11,103.5,100.82,101.07,34518
20080623,BRCM,26.96,27.5,26.71,26.99,114991
20080623,BRL,41.31,41.41,40.53,40.94,8920
20080623,BSX,12.68,12.74,12.15,12.26,144116
20080623,BTU,80.2,84.85,80,84.76,58067
20080623,BUD,60.72,61.48,60.68,60.9,84117
20080623,BXP,96.71,96.77,93.48,93.61,11145
20080623,C,19.4,19.49,18.44,18.55,883628
20080623,CA,23.54,24.06,23.45,23.91,55821
20080623,CAG,22.23,22.34,22.08,22.22,41050
20080623,CAH,52.08,52.49,51.36,51.4,15485
20080623,CAM,54.49,56.31,54.16,56.31,25078
20080623,CAT,79.42,80.24,79.11,80,61410
20080623,CB,51.7,51.7,50.75,50.83,21695
20080623,CBE,42.1,42.46,41.76,41.88,9019
20080623,CBG,20.62,21.08,20.14,20.27,16410
20080623,CBS,20.05,20.14,19.77,19.82,43956
20080623,CCE,18.44,18.44,18.02,18.11,19438
20080623,CCL,34.83,35.22,34.35,34.4,53224
20080623,CCU,35.43,35.5,35.35,35.44,68200
20080623,CEG,82.84,84.3,82.2975,83.1,7451
20080623,CELG,59.73,60.23,59.09,59.74,29342
20080623,CFC,4.81,4.81,4.45,4.45,249860
20080623,CHK,64.91,67.94,64.5,67.79,141616
20080623,CHRW,59.38,59.6,57.47,57.52,20945
20080623,CI,36.27,36.32,35.07,35.36,43214
20080623,CIEN,25.59,25.925,25.24,25.32,32103
20080623,CINF,28.77,28.98,26.73,26.83,31255
20080623,CIT,9.26,9.28,8.46,8.6,83451
20080623,CL,69.78,69.78,68.71,68.84,46073
20080623,CLX,53.74,54,53.48,53.58,13926
20080623,CMA,29.75,29.75,27.4,27.5,47489
20080623,CMCSA,19.71,20,19.11,19.15,263248
20080623,CME,439.03,444,428.5,436.95,10709
20080623,CMI,73.26,74.97,72.35,73.58,42105
20080623,CMS,15.42,15.53,15.24,15.34,33543
20080623,CNP,16.25,16.44,16.17,16.21,27871
20080623,CNX,111.77,113.5,109.07,113.34,31561
20080623,COF,41,41.35,38.96,39.52,117350
20080623,COH,31.32,31.45,29.99,30.05,62116
20080623,COL,50.41,50.62,49.91,49.99,15742
20080623,COP,92.03,95.54,92.03,95.54,120590
20080623,COST,69.07,69.79,68.19,68.44,52227
20080623,COV,47.04,47.34,46.5,46.86,32878
20080623,CPB,33.56,33.63,33.35,33.45,12325
20080623,CPWR,9.61,9.7,9.41,9.51,29243
20080623,CSC,48.01,48.01,47.47,47.88,17358
20080623,CSCO,24.88,24.99,24.39,24.55,448201
20080623,CSX,65.24,65.5,63.91,64.04,28731
20080623,CTAS,26.87,26.87,26.14,26.19,11378
20080623,CTL,31.52,31.52,31.06,31.25,7995
20080623,CTSH,35.4,35.65,34.8,35.12,53035
20080623,CTX,14.98,15.11,14,14.1,51558
20080623,CTXS,31,31.33,30.38,30.51,33380
20080623,CVG,15.44,15.58,15.25,15.28,5115
20080623,CVH,30.86,31.14,30.5,30.98,31355
20080623,CVS,41.46,41.58,39.93,40.21,106345
20080623,CVX,96.03,99.14,96.03,99.06,121812
20080623,CZN,11.13,11.13,10.98,11,30154
20080623,D,47.58,47.88,47.32,47.51,16954
20080623,DD,46.52,46.79,45.45,45.47,63341
20080623,DDR,37.1,37.42,35.53,35.63,13911
20080623,DDS,13.19,13.45,12.33,12.65,21918
20080623,DE,77.14,77.74,75.76,77.48,47436
20080623,DELL,23.41,23.74,23.36,23.41,176440
20080623,DF,18.83,18.83,18.29,18.36,37907
20080623,DFS,14.5,14.74,14.03,14.56,51048
20080623,DGX,48.49,48.49,47.52,47.8,7211
20080623,DHI,12.32,12.35,11.7,11.76,67740
20080623,DHR,80.05,80.55,79.741,80.08,12648
20080623,DIS,32.21,32.44,32.04,32.39,108507
20080623,DOV,51.38,52.34,51.3,52.18,16278
20080623,DOW,37.82,37.9299,37.25,37.62,60942
20080623,DRI,31.9,32.35,30.53,30.65,23235
20080623,DTE,43.22,43.84,43.06,43.22,6692
20080623,DTV,27.33,27.83,26.9,26.93,95493
20080623,DUK,17.71,17.99,17.7,17.74,68249
20080623,DVN,117.8,122.82,117.77,122.51,45490
20080623,DYN,9.06,9.32,8.99,9.02,69937
20080623,EBAY,28.41,28.42,27.49,27.73,151025
20080623,ECL,44.25,44.88,44.11,44.87,9477
20080623,ED,39.78,40.14,39.75,39.82,15089
20080623,EDS,24.71,24.71,24.58,24.62,79543
20080623,EFX,34.9,35.09,34.5,34.56,10539
20080623,EIX,51.67,52.4,51.54,52.02,11234
20080623,EK,12.45,12.61,12.2,12.34,48255
20080623,EL,46.31,46.5,45.65,45.84,7470
20080623,EMC,16.14,16.21,15.86,16.01,158868
20080623,EMN,72.17,72.62,71.54,72.42,5861
20080623,EMR,54.33,54.34,52.97,53.63,36105
20080623,EOG,130.41,135.57,129.4,135.54,34338
20080623,EP,21.02,21.87,21,21.84,137329
20080623,EQ,44.65,45.19,44.47,44.74,13411
20080623,EQR,40.52,40.67,39.14,39.26,20562
20080623,ERTS,46.96,47.12,46,46.04,28645
20080623,ESRX,63.41,65,63.05,64.17,18020
20080623,ESV,78.88,82.37,78.88,82.22,24379
20080623,ETFC,3.6,3.625,3.49,3.51,138417
20080623,ETN,94.02,94.7,92.69,92.94,14578
20080623,ETR,121.57,123.14,121.01,122.84,17351
20080623,EXC,89.92,91.79,89.48,90.92,25465
20080623,EXPD,43.42,43.73,42.52,43.04,18293
20080623,EXPE,19.85,20.05,19.49,19.69,38596
20080623,F,5.89,5.89,5.28,5.28,815134
20080623,FCX,117.19,119.41,116.26,118.55,59504
20080623,FDO,19.75,19.75,18.93,19.03,27157
20080623,FDX,80.89,81.38,79.89,80.13,35672
20080623,FE,81.12,82.64,81.12,81.8,20141
20080623,FHN,7.89,7.91,7.52,7.79,62945
20080623,FII,37.17,37.17,36,36.12,9572
20080623,FIS,38.55,38.62,37.82,37.93,8400
20080623,FISV,48.22,48.99,47.94,47.98,13773
20080623,FITB,10.15,10.42,9.81,10.05,272708
20080623,FLR,191.61,202.73,191.61,197.27,22724
20080623,FNM,24.03,24.3,22.02,22.34,192391
20080623,FO,64.25,64.95,63.5,63.9,6736
20080623,FPL,66.56,67.5,66.44,66.88,13447
20080623,FRE,21.9,22.25,19.87,19.99,131097
20080623,FRX,32.07,32.62,32,32.57,19650
20080623,GAS,42.67,44.2,42.65,44.11,8649
20080623,GCI,22.87,22.92,22.18,22.37,38063
20080623,GD,86.02,87.57,85.7,87.25,19534
20080623,GE,27.58,27.8,27.28,27.4,611392
20080623,GENZ,69.21,70.33,68.77,70,25496
20080623,GGP,38.45,38.7,36.61,36.67,33676
20080623,GILD,54.86,55.25,54.26,54.76,54071
20080623,GIS,63.16,63.5,63.02,63.4,27663
20080623,GLW,25.42,25.62,25.27,25.4,119363
20080623,GM,13.99,14.15,12.75,12.91,557782
20080623,GME,45.44,45.93,44.63,45.74,36069
20080623,GNW,18.49,18.49,17.91,18.05,55920
20080623,GOOG,545.36,553.15,542.02,545.21,36369
20080623,GPC,41.67,41.67,40.91,40.94,10421
20080623,GPS,17.56,17.61,16.84,16.9,118471
20080623,GR,52.27,52.35,51.67,51.87,13746
20080623,GS,184.6,184.6,177.01,178.59,98629
20080623,GT,20.39,20.76,20,20.03,44328
20080623,GWW,87.2,87.55,85.79,86.1,5713
20080623,HAL,50.01,53.11,50,53.01,150099
20080623,HAR,45.27,45.31,43.44,43.57,14487
20080623,HAS,37.44,37.6,36.83,36.93,16161
20080623,HBAN,6.75,6.87,5.75,5.8,277483
20080623,HCBK,17.51,17.51,16.91,17.17,108509
20080623,HCP,32.8,33.23,32.05,32.13,17681
20080623,HD,26.4,26.4,24.9,25.06,229037
20080623,HES,122.06,128.44,122.06,128.44,35832
20080623,HIG,70.39,70.39,68.12,68.5,25509
20080623,HNZ,49.59,49.98,49.31,49.59,24591
20080623,HOG,37.29,37.622,37.02,37.19,21957
20080623,HON,54.33,55.12,54.24,54.99,38890
20080623,HOT,44.72,45.1,42.66,42.78,52976
20080623,HPC,18.14,18.27,17.92,18.13,6364
20080623,HPQ,45.87,45.98,45.34,45.51,110680
20080623,HRB,20.4,21.6,20.4,21.36,44557
20080623,HSP,40.18,40.2,39.76,39.92,9045
20080623,HST,14.62,14.74,14.09,14.1,67278
20080623,HSY,33.73,33.99,33.36,33.44,16752
20080623,HUM,42.37,42.37,41.38,41.98,27368
20080623,IACI,20.76,20.76,20.21,20.24,26969
20080623,IBM,123,124.5,122.4,123.46,58629
20080623,ICE,130.07,131.64,127.02,128.62,11348
20080623,IFF,40.25,40.9,40.07,40.75,4677
20080623,IGT,29.27,29.55,28.67,28.79,27838
20080623,INTC,22.5,22.71,22.31,22.36,462829
20080623,INTU,28.81,28.98,28.47,28.61,37175
20080623,IP,24.61,24.61,24.26,24.42,37450
20080623,IPG,9.16,9.22,8.92,9.01,26361
20080623,IR,39.21,39.46,38.77,39.39,40366
20080623,ISRG,283.49,286.98,276.01,279.93,9864
20080623,ITT,64.53,64.81,63.27,63.5,9866
20080623,ITW,48.62,48.91,48.14,48.32,26328
20080623,JAVA,11.26,12.23,11.11,11.14,121691
20080623,JBL,15.12,15.12,13.89,14.24,44941
20080623,JCI,30.99,31.14,30.33,30.87,40400
20080623,JCP,37.95,38.49,36.98,37.35,66761
20080623,JDSU,12.07,12.07,11.73,11.75,53405
20080623,JEC,87.79,89.107,87.5,88.19,9842
20080623,JNJ,64.2,64.46,63.95,64.29,86898
20080623,JNPR,22.77,23.3,22.76,22.98,123010
20080623,JNS,29.89,29.97,29.09,29.56,19439
20080623,JNY,15.04,15.04,14.32,14.48,9687
20080623,JPM,37.99,37.99,36.51,36.87,377420
20080623,JWN,33.99,34.25,32.78,33.14,30032
20080623,K,51.01,51.13,50.53,50.85,19040
20080623,KBH,18.31,18.36,17.41,17.49,31454
20080623,KEY,11.6,11.6,11,11,125975
20080623,KFT,29.48,29.64,29.21,29.29,68665
20080623,KG,9.68,9.78,9.61,9.68,13219
20080623,KIM,36.37,36.47,35.21,35.27,19034
20080623,KLAC,40.21,40.65,39.15,39.8,34608
20080623,KMB,61.39,61.84,60.86,61.23,16064
20080623,KO,53.85,53.85,53.02,53.26,89552
20080623,KR,26.91,27.15,25.86,26,98237
20080623,KSS,43.6,44.52,41.79,41.97,83295
20080623,LEG,17.81,18,17.42,17.76,19278
20080623,LEH,24.15,24.35,22.75,22.8,237254
20080623,LEN,15.42,15.45,13.99,14.17,57141
20080623,LH,70.16,70.33,69.64,69.8,10000
20080623,LIZ,16.08,16.08,15.11,15.24,17430
20080623,LLL,95.03,95.61,94.23,94.47,10103
20080623,LLTC,33.08,33.3,32.43,32.48,41561
20080623,LLY,47.04,47.74,47.01,47.6,54291
20080623,LM,50.75,50.85,48.31,48.54,26718
20080623,LMT,102.7,104.34,102.04,104.13,21223
20080623,LNC,48.51,48.54,47.5,47.55,14805
20080623,LOW,22.88,22.93,21.68,21.78,141689
20080623,LSI,7.05,7.28,6.75,6.79,161235
20080623,LTD,18.26,18.36,17.965,18.02,47676
20080623,LUK,48.44,48.85,48,48.45,10173
20080623,LUV,14.19,14.375,13.84,13.89,140748
20080623,LXK,34.5,35.43,34.201,34.36,16668
20080623,M,21.12,21.32,20.02,20.13,54527
20080623,MAR,27.46,27.87,27.08,27.17,32889
20080623,MAS,16.75,16.87,16.18,16.32,50845
20080623,MAT,18.96,18.96,18.29,18.35,26283
20080623,MBI,5.83,5.84,4.71,4.82,204123
20080623,MCD,57.75,58.05,56.94,57.01,70339
20080623,MCHP,31.96,32.05,31.08,31.22,28092
20080623,MCK,57.1,57.66,56.95,57.19,16124
20080623,MCO,38.06,38.15,36.31,36.52,28211
20080623,MDP,28.96,28.99,28.33,28.51,5025
20080623,MDT,51.18,51.55,50.75,51.2,62416
20080623,MER,36.05,36.06,34.01,34.54,293627
20080623,MET,57.08,57.4,55.55,55.72,51800
20080623,MHP,43.28,43.66,42.29,42.4,26217
20080623,MHS,45.2,45.77,44.6,45.02,32279
20080623,MI,17.24,17.66,16.72,16.83,70635
20080623,MIL,71.84,72.7,71.62,72.43,3016
20080623,MKC,37.25,37.57,36.98,37.08,6154
20080623,MMC,26.53,26.5699,26.03,26.12,23757
20080623,MMM,73.35,73.44,72.8,72.96,30043
20080623,MNST,21.2,21.2801,20.46,20.69,29332
20080623,MO,20.83,21.09,20.77,20.9,148965
20080623,MOLX,26.87,27.01,26.65,26.82,6331
20080623,MON,141.2,142.05,135.93,142.05,60903
20080623,MOT,7.6,7.63,7.3,7.44,508675
20080623,MRK,35.21,35.99,35.12,35.83,188863
20080623,MRO,50.75,52.53,50.64,52.52,79762
20080623,MS,38.8,38.89,37.35,37.46,173575
20080623,MSFT,28.28,28.41,27.79,27.97,571504
20080623,MTB,73.6,75.01,71.91,72.19,12094
20080623,MTG,9.2,9.46,7.72,7.72,34894
20080623,MTW,37.51,38.05,36.98,37.83,28022
20080623,MU,7.25,7.25,6.94,7.01,162107
20080623,MUR,89.9,94.04,89.9,94.04,16150
20080623,MWV,24.49,24.6,24.18,24.45,14974
20080623,MYL,12.09,12.09,11.86,11.96,38288
20080623,NBL,95.2,103.23,95.08,103.23,25966
20080623,NBR,47.09,49.92,47.09,49.77,101913
20080623,NCC,5.02,5.08,4.74,4.99,256656
20080623,NE,63.68,67.09,63.66,67.09,44670
20080623,NEM,48.2,49.8,48.03,49.66,41381
20080623,NI,17.34,17.56,17.27,17.4,15548
20080623,NKE,67.03,67.78,66.54,66.9,32391
20080623,NOC,69.87,70.77,69.6,69.95,19083
20080623,NOV,86.09,92,84.83,91.55,103150
20080623,NOVL,6.19,6.19,6.05,6.07,38519
20080623,NSC,64.14,64.2,62.38,62.68,22609
20080623,NSM,22.16,22.53,21.38,21.4,86055
20080623,NTAP,23.31,23.56,22.75,22.88,70023
20080623,NTRS,73.16,73.22,70.62,70.79,22500
20080623,NUE,76.29,77.1,75,76.88,44742
20080623,NVDA,19.93,19.93,19.18,19.35,194153
20080623,NVLS,21.49,21.75,21.05,21.22,23082
20080623,NWL,18.37,18.37,17.93,18.03,17235
20080623,NWS.A,16.36,16.54,16.09,16.1,131862
20080623,NYT,16,16,15.63,15.77,10029
20080623,NYX,57.76,57.95,55.9,56.12,26922
20080623,ODP,12.31,12.31,11.2,11.25,45510
20080623,OMC,46.32,46.49,46.03,46.4,19809
20080623,OMX,16.52,16.52,14.63,14.69,35533
20080623,ORCL,22.34,22.41,21.83,22.08,325937
20080623,OXY,85.34,88.09,84.49,87.61,106550
20080623,PAYX,32.66,32.71,31.94,32,42727
20080623,PBG,29.95,30.02,29.25,29.35,18743
20080623,PBI,35.32,35.32,34.67,34.81,16173
20080623,PCAR,45.03,45.75,44.76,44.98,25912
20080623,PCG,39.7,40.22,39.6,39.9,22842
20080623,PCL,44.38,44.86,43.43,43.47,13069
20080623,PCP,110.5,110.9725,108.68,109.93,13440
20080623,PDCO,30.6,31.26,30.6,30.99,17519
20080623,PEG,45.96,46.26,45.76,45.83,18060
20080623,PEP,65.23,65.31,64.37,64.63,57237
20080623,PFE,17.42,17.51,17.3,17.38,464949
20080623,PFG,48.51,48.66,45.33,45.44,46095
20080623,PG,63.43,63.6,62.74,62.93,105073
20080623,PGN,42.44,43.03,42.35,42.7,13495
20080623,PGR,20.49,20.49,19.76,19.79,39452
20080623,PH,76.26,76.51,74.96,75.31,19568
20080623,PHM,11.18,11.4,10.43,10.5,87463
20080623,PKI,28.47,28.6,28.3,28.46,8605
20080623,PLD,57.07,57.82,56.31,56.49,22023
20080623,PLL,42.14,42.14,41.61,41.92,8207
20080623,PM,50.33,50.7,49.9,50.64,66268
20080623,PNC,58.05,58.05,56.03,56.55,32079
20080623,PNW,32.31,32.58,32.17,32.24,5678
20080623,POM,25.74,26.3,25.74,26,10648
20080623,PPG,60.35,60.77,59.71,60.6,8909
20080623,PPL,51.49,52.27,51.39,51.94,15691
20080623,PRU,67.94,68.36,65.95,66.02,36572
20080623,PSA,82.51,82.67,80.23,80.31,11855
20080623,PTV,22.67,22.67,22.18,22.29,12978
20080623,PX,97.84,99.74,97.22,99.5,23676
20080623,Q,3.93,3.93,3.78,3.85,278539
20080623,QCOM,48.91,49.0012,47.73,47.81,158321
20080623,QLGC,15.2,15.49,15.2,15.28,25362
20080623,R,73.07,73.42,71.45,71.53,7694
20080623,RAI,49.78,49.78,48.2,48.63,21505
20080623,RDC,45.28,47.1,45,47.1,27254
20080623,RF,11.32,11.38,10.59,10.87,138520
20080623,RHI,25.28,25.37,24.71,25,9852
20080623,RIG,150.49,154.9,149.5,154.66,68198
20080623,RL,64.91,64.93,63.63,64,12148
20080623,ROH,49.27,49.39,48.79,49.06,11163
20080623,ROK,52.79,53.02,52.34,52.87,9606
20080623,RRC,62.6,66.1,62.13,66.05,25797
20080623,RRD,31,31.09,30.61,30.85,11900
20080623,RSH,13.3,13.34,12.47,12.59,48466
20080623,RTN,58.02,58.02,57.02,57.37,22264
20080623,RX,23.43,23.43,22.97,23.04,6707
20080623,S,7.89,7.93,7.67,7.72,258204
20080623,SAF,67.38,67.4,67.24,67.27,15662
20080623,SBUX,17.26,17.49,16.27,16.3,196026
20080623,SCHW,21.58,21.58,21.03,21.1,114177
20080623,SE,27.45,28,27.39,27.91,28235
20080623,SEE,20.84,20.86,20.34,20.38,13731
20080623,SGP,18.61,18.82,18.15,18.62,165671
20080623,SHLD,74.9,75.52,73.26,73.65,42917
20080623,SHW,50.38,50.54,49.87,50.13,22306
20080623,SIAL,56.28,56.88,56.27,56.51,8674
20080623,SII,79.13,81.89,78.56,81.65,22297
20080623,SLB,104,108.49,103.7,108.42,105204
20080623,SLE,12.68,12.71,12.5,12.6,49762
20080623,SLM,22.79,23.08,21.24,22.07,72059
20080623,SNA,55.36,55.65,54.37,54.48,4466
20080623,SNDK,21.35,21.49,20.6,20.78,96642
20080623,SO,34.57,35.08,34.57,34.87,30601
20080623,SOV,8.93,8.99,8.15,8.15,137535
20080623,SPG,95.32,96.36,93.07,93.31,16054
20080623,SPLS,24.82,24.95,24,24.06,91134
20080623,SRE,55.475,56.18,55.38,55.6,20428
20080623,SSP,44.71,44.71,44.15,44.25,6767
20080623,STI,37.45,38.6,35.7875,35.94,133720
20080623,STJ,40.38,41.19,40.22,40.87,24337
20080623,STR,68.31,70.1,67.6,69.77,10760
20080623,STT,68.14,68.14,66.23,66.53,28902
20080623,STZ,19.91,19.93,19.47,19.6,15297
20080623,SUN,39.95,41.04,39.01,40.21,48032
20080623,SVU,31.93,32.05,30.17,30.44,28491
20080623,SWK,46.21,46.31,45.06,45.49,9804
20080623,SWN,45.82,48.38,45.61,48.17,49538
20080623,SWY,29.77,29.97,28.64,28.9,37194
20080623,SYK,62.72,63,62.31,62.81,13582
20080623,SYMC,19.54,19.7,19.43,19.48,105174
20080623,SYY,28.97,29.25,28.76,28.87,22297
20080623,T,34.54,34.7,34.25,34.38,284575
20080623,TAP,55.64,57,55.3,56.02,13706
20080623,TDC,23.17,23.5,23.09,23.34,12878
20080623,TE,21.66,21.92,21.56,21.71,16316
20080623,TEG,51.78,52.74,51.77,51.93,5267
20080623,TEL,36.94,37.07,36.05,36.25,54243
20080623,TER,11.12,11.25,10.91,11.01,29088
20080623,TEX,61.41,62.34,61.041,61.42,14729
20080623,TGT,50.17,50.33,48.38,48.74,156123
20080623,THC,5.37,5.45,5.26,5.37,60617
20080623,TIE,14.66,14.83,14.44,14.71,17201
20080623,TIF,45.44,45.84,44.13,44.43,17083
20080623,TJX,32.67,32.81,31.89,32.01,57489
20080623,TLAB,5.02,5.06,4.93,4.94,57425
20080623,TMK,60.57,60.63,59.72,59.73,4565
20080623,TMO,57.47,57.87,57.02,57.31,17890
20080623,TROW,59.77,60.2,57.84,58.79,20449
20080623,TRV,45.92,46.1,44.77,44.84,41077
20080623,TSN,14.95,14.95,14.3,14.37,36979
20080623,TSO,20.59,20.82,19.95,20.73,77635
20080623,TSS,23.25,23.57,23.11,23.28,7651
20080623,TWX,14.74,14.74,14.52,14.62,172024
20080623,TXN,29.47,29.75,28.81,29.02,104846
20080623,TXT,52.19,52.36,51.67,51.9,14638
20080623,TYC,43.22,43.5,42.86,42.9,24866
20080623,UIS,4.45,4.59,4.19,4.22,32752
20080623,UNH,27.23,27.24,26.22,26.39,155174
20080623,UNM,22.22,22.26,21.7,21.75,15462
20080623,UNP,77.36,77.36,75.18,75.54,32364
20080623,UPS,66.88,66.9,66.17,66.26,43341
20080623,USB,29.75,29.85,28.75,28.9,164209
20080623,UST,53.61,53.73,53.17,53.53,4921
20080623,UTX,69.23,69.23,68.43,68.82,46183
20080623,VAR,51.39,52.47,51.39,52.01,9724
20080623,VFC,71.61,72,70.22,71.21,15549
20080623,VIA.B,31.5,31.6,30,30.02,62004
20080623,VLO,43.07,43.92,42.5,43.44,95051
20080623,VMC,64.32,64.5,63.05,63.38,15694
20080623,VNO,93.05,93.37,89.59,89.78,11840
20080623,VRSN,39.99,40.17,38.93,39.07,42766
20080623,VZ,35.46,36.04,35.37,35.91,159244
20080623,WAG,35.41,36.05,34.27,34.7,105364
20080623,WAT,63.34,63.71,63.0512,63.38,6795
20080623,WB,17.65,17.67,16.68,16.92,502099
20080623,WEN,30.38,31.25,29.07,29.44,18673
20080623,WFC,24.63,24.79,23.88,24.26,368351
20080623,WFMI,26.49,26.53,25.51,25.54,35703
20080623,WFR,65.8,66.77,65.01,65.68,38277
20080623,WFT,44.73,46.9,44.61,46.73,66877
20080623,WHR,66.52,66.52,64.85,65.04,12065
20080623,WIN,12.84,12.97,12.67,12.76,35941
20080623,WLP,48.48,49.5085,48.01,49.1,42621
20080623,WM,6.43,6.48,5.92,5.96,282840
20080623,WMB,38.12,39.3,38.12,39.13,69246
20080623,WMI,38.62,38.87,37.88,38.58,65029
20080623,WMT,56.6,57,56.43,56.64,142957
20080623,WPI,26.98,26.98,26,26.68,18189
20080623,WPO,559.6,574.38,555.35,572.15,473
20080623,WU,25.37,26.15,25.33,25.89,150475
20080623,WWY,77.76,78.66,77.6,78.26,36922
20080623,WY,53.24,53.95,52.26,53.07,24072
20080623,WYE,48.45,48.72,47.84,47.85,123676
20080623,WYN,19.01,19.16,18.41,18.51,18708
20080623,X,185.95,191.96,185.88,191.02,55325
20080623,XEL,20.5,20.82,20.47,20.5,29979
20080623,XL,28.1,28.35,25.8,25.8,45831
20080623,XLNX,27.58,27.82,26.9572,26.96,44894
20080623,XOM,85.14,87.7,85.09,87.7,236031
20080623,XRX,14.05,14.1,13.49,13.52,114883
20080623,XTO,70.14,73.4,69.59,73.4,72500
20080623,YHOO,22.08,22.12,21.3,21.45,298201
20080623,YUM,36.54,36.97,36.13,36.19,50617
20080623,ZION,32.89,32.93,31.01,31.09,26452
20080623,ZMH,68.62,68.83,67.58,67.79,17558
