20080627,A,35.6,35.97,35.38,35.59,35874
20080627,AA,35.2,35.83,34.88,35.38,149291
20080627,AAPL,166.44,170.57,164.15,170.09,372231
20080627,ABC,39.27,39.54,38.97,39.21,17071
20080627,ABI,33.07,33.46,32.95,33.33,32256
20080627,ABT,52.69,53.35,52.56,53,76466
20080627,ACAS,25.62,25.85,24.92,24.95,39220
20080627,ACE,55.805,56.43,55.1,55.24,21823
20080627,ACS,52.82,53.13,52.36,52.48,6317
20080627,ADBE,40.69,40.94,39.5,39.8,118244
20080627,ADI,32.08,32.17,31.35,31.7,39417
20080627,ADM,32.72,33.25,32.25,32.92,67042
20080627,ADP,41.83,41.88,41.2525,41.64,28207
20080627,ADSK,34.81,34.85,33.59,34.03,57649
20080627,AEE,41.95,42.4,41.36,41.36,9904
20080627,AEP,40.11,40.42,39.53,39.58,27301
20080627,AES,18.58,18.8627,18.5,18.8,73362
20080627,AET,39.61,40.89,39.6,40.31,58733
20080627,AFL,63.02,63.84,62.52,63.05,34088
20080627,AGN,51.75,52.13,51,51.58,33061
20080627,AIG,27.82,28.28,27.41,27.75,374015
20080627,AIV,34.08,34.2,33.33,33.9,17099
20080627,AIZ,66.84,68,66.68,67.48,11450
20080627,AKAM,34.06,34.58,33.9,34.56,51414
20080627,ALL,46.74,47.02,46.4,46.52,50246
20080627,ALTR,20.93,21.21,20.65,20.95,62961
20080627,AMAT,19.36,19.65,19.01,19.29,217787
20080627,AMD,6.15,6.22,5.85,5.95,236127
20080627,AMGN,46.31,47.17,46.125,46.37,255317
20080627,AMP,43,43.93,41.28,41.82,42524
20080627,AMT,41.7,41.985,40.96,41.49,45957
20080627,AMZN,75.44,76.07,72.62,74.66,118404
20080627,AN,10.64,10.85,10.44,10.44,48710
20080627,ANF,64.24,64.74,62.97,64.1,21243
20080627,AOC,45.7,46.58,45.64,46.43,23074
20080627,APA,136.21,137.79,134.83,137.1,41489
20080627,APC,72.48,74.44,71.95,74.36,57441
20080627,APD,98.74,99.67,97.56,98.62,38664
20080627,APOL,47.59,48.3,46.71,47.95,37312
20080627,ASH,50.25,50.49,49,49.17,13747
20080627,ATI,58.95,61.01,58.95,60.4,14975
20080627,AVB,89.1,89.78,87.61,88.21,12391
20080627,AVP,35.59,35.8,35.25,35.44,27831
20080627,AVY,44.83,44.95,43.37,43.61,25208
20080627,AW,12.96,13,12.57,12.7,114640
20080627,AXP,39.01,39.6,37.94,38.04,222031
20080627,AYE,51.11,51.6,50.1,50.2,17015
20080627,AZO,115.28,121.41,115.28,120.13,34539
20080627,BA,67.8,67.93,66.38,66.92,103702
20080627,BAC,25,25.44,24.25,24.59,833168
20080627,BAX,62.51,63.28,62.22,62.91,54603
20080627,BBBY,29.91,30.39,28.77,29.06,76131
20080627,BBT,24.05,24.56,23.5,23.72,110032
20080627,BBY,40.06,40.5,39.42,40.05,55937
20080627,BCR,87.21,88.59,87.2,88.15,9378
20080627,BDK,59.03,59.03,57.8,58.41,10077
20080627,BDX,79.23,80.03,78.85,79.8,25444
20080627,BEN,95.05,96.4,94.24,95.77,30657
20080627,BF.B,76.56,77.47,75.71,75.96,7038
20080627,BHI,87,88.86,86.43,87.75,45764
20080627,BIG,31.61,32.5,31.13,32.2,31859
20080627,BIIB,56.24,57.1,55.87,57.04,70780
20080627,BJS,32.43,32.89,32.1,32.13,64636
20080627,BK,39.37,39.9,38.28,38.63,119841
20080627,BLL,48.09,48.43,47.47,47.68,13703
20080627,BMC,36.57,36.79,36.05,36.42,15336
20080627,BMS,22.83,23.14,22.62,22.7,15070
20080627,BMY,20.06,20.6,20,20.3,248433
20080627,BNI,97.83,99.24,97.05,97.4,71748
20080627,BRCM,26.93,27.54,26.57,27.44,158765
20080627,BRL,43.93,45.27,43.63,44.9,38788
20080627,BSX,12.3,12.38,12.09,12.23,166891
20080627,BTU,81.7,84.26,80.09,84.05,77991
20080627,BUD,62.25,62.8,61.89,62.26,159857
20080627,BXP,90.46,91.85,89.04,90.07,20519
20080627,C,17.81,17.9,16.91,17.25,1264799
20080627,CA,23.27,23.71,22.95,23.28,63718
20080627,CAG,20.98,20.98,19.62,19.67,89250
20080627,CAH,50.74,51.07,50.38,50.63,25985
20080627,CAM,54.5,55.33,54.19,54.91,24479
20080627,CAT,74.22,74.85,72.69,73.75,110117
20080627,CB,49.98,50.67,49.85,50.03,31024
20080627,CBE,39.93,40.1,39.4,39.98,19871
20080627,CBG,20.2,20.4,19.58,19.79,32806
20080627,CBS,19.98,20.19,19.38,19.76,108414
20080627,CCE,17.33,17.4,17.03,17.12,32227
20080627,CCL,33.26,33.36,32.43,32.93,60083
20080627,CCU,35.38,35.46,35.2,35.28,61646
20080627,CEG,81.34,81.96,80.34,80.78,13622
20080627,CELG,61.47,63.77,61.35,63.33,62362
20080627,CFC,4.47,4.55,4.31,4.42,728667
20080627,CHK,63.21,64.83,62.89,64.09,160151
20080627,CHRW,56.34,56.53,54.41,55.26,34863
20080627,CI,35.36,36.01,35.27,35.7,42762
20080627,CIEN,23.76,24.08,23.1,23.9,42484
20080627,CINF,26.52,26.79,26,26.09,36926
20080627,CIT,7.5,8.03,7.45,8,101675
20080627,CL,69.15,69.59,68.01,68.21,34130
20080627,CLX,52.83,53.12,51.61,51.82,24890
20080627,CMA,27.31,27.8,26.44,26.9,43922
20080627,CMCSA,18.57,18.84,18.48,18.63,397875
20080627,CME,410.97,410.97,384,389.5,12198
20080627,CMI,66.04,66.44,63.77,64.34,44585
20080627,CMS,14.89,15.04,14.54,14.58,54027
20080627,CNP,15.88,16.1,15.5,15.54,40646
20080627,CNX,109.37,112.31,107,111.95,31159
20080627,COF,38.53,39.01,37.31,38.31,121166
20080627,COG,64.32,66.12,63.72,65.19,21949
20080627,COH,29.65,29.84,28.88,29.29,62764
20080627,COL,47.99,48.23,47.69,47.81,24799
20080627,COP,92.81,93.67,91.54,91.64,160612
20080627,COST,69.67,70.9,69.19,70.26,91018
20080627,COV,46.77,47.51,46.55,47.39,26557
20080627,CPB,32.55,32.78,32.14,32.18,19431
20080627,CPWR,9.44,9.66,9.33,9.52,47308
20080627,CSC,47.07,47.24,46.42,46.85,18754
20080627,CSCO,23.68,23.87,23.37,23.61,504274
20080627,CSX,61.4,62.46,60.74,62.14,69680
20080627,CTAS,25.72,26.48,25.72,26.12,33016
20080627,CTL,36.17,36.17,35.22,35.49,21878
20080627,CTSH,32.59,33.23,32.16,32.89,46689
20080627,CTX,14.25,14.25,13.51,13.96,60145
20080627,CTXS,30.28,30.31,29.61,29.8,38018
20080627,CVG,15.05,15.13,14.9,14.95,10176
20080627,CVH,31.02,31.72,30.54,31.5,32989
20080627,CVS,39.5,40.16,39.25,39.77,106136
20080627,CVX,97.33,99.32,97.33,97.8,170755
20080627,CZN,10.92,11.04,10.76,10.97,49816
20080627,D,47.11,47.43,46.04,46.2,31379
20080627,DD,42.82,42.84,42.36,42.69,99675
20080627,DDR,35.11,35.47,34.52,34.81,19428
20080627,DDS,11.99,12.22,11.41,11.66,63997
20080627,DE,70.74,71.96,70.16,71.38,96673
20080627,DELL,22.32,22.58,22.03,22.25,461789
20080627,DF,19.81,20.18,19.5,19.65,29733
20080627,DFS,13.18,13.85,13.18,13.57,102110
20080627,DGX,48.08,48.48,47.65,47.68,10942
20080627,DHI,11.79,12.06,11.34,11.58,84401
20080627,DHR,77.26,78.26,75.62,76.87,34031
20080627,DIS,31.59,31.92,31.43,31.57,208442
20080627,DOV,48.48,48.68,47.52,47.93,33477
20080627,DOW,35.14,35.16,34.65,34.83,75394
20080627,DRI,32.59,33.11,31.46,32.26,29287
20080627,DTE,42.27,42.65,41.45,41.45,11015
20080627,DTV,25.81,26.1,25.42,25.58,146710
20080627,DUK,17.25,17.41,17.02,17.07,114073
20080627,DVN,115,115.93,113.83,114.88,54325
20080627,DYN,8.6,8.7,8.31,8.44,167495
20080627,EBAY,27.47,27.99,27.15,27.61,141800
20080627,ECL,43.6,43.9,43.34,43.68,13921
20080627,ED,39.17,39.46,38.41,38.42,26736
20080627,EDS,24.65,24.68,24.55,24.57,64154
20080627,EFX,33.84,34.02,33.43,33.68,11470
20080627,EIX,50.71,50.72,49.68,49.92,20765
20080627,EK,14.67,14.74,14.37,14.51,84678
20080627,EL,46.22,48.17,46.12,46.12,21997
20080627,EMC,15.3,15.4,14.65,14.77,496268
20080627,EMN,69.3,69.71,68.5,68.71,9112
20080627,EMR,48.95,49.43,48.17,48.17,76450
20080627,EOG,127.87,130.93,126.12,130.19,43096
20080627,EP,20.9,21.15,20.77,20.95,101068
20080627,EQ,44.92,45.56,44.33,45.41,23898
20080627,EQR,38.7,39.01,38.05,38.25,24765
20080627,ERTS,44.25,44.76,43.46,43.94,54019
20080627,ESRX,62.42,63.47,62.3,62.54,25851
20080627,ESV,80.36,81.59,79.62,80.68,20043
20080627,ETFC,3.26,3.28,3.02,3.1,297318
20080627,ETN,84.89,85.34,82.5,84.2,36299
20080627,ETR,118.03,118.91,116.47,117.72,24952
20080627,EXC,87.35,88.59,86.54,87,45312
20080627,EXPD,42.35,43.07,41.95,42.85,28196
20080627,EXPE,19.19,19.49,18.88,19.16,36551
20080627,F,5.07,5.12,4.9,4.98,559932
20080627,FCX,116,119.17,115,116.31,106522
20080627,FDO,19.24,19.74,18.99,19.42,40605
20080627,FDX,78.02,78.89,76.51,77.25,48987
20080627,FE,80.42,81.02,79.84,80.01,19039
20080627,FHN,7.48,7.77,7.35,7.62,49550
20080627,FII,35.28,35.65,34.87,35.14,10446
20080627,FIS,37.31,37.52,36.63,36.97,18126
20080627,FISV,46.99,47.09,45.61,45.9,22215
20080627,FITB,10.25,10.67,10.1,10.23,210311
20080627,FLR,181.88,184.83,179.11,184.38,17385
20080627,FNM,20.81,21.54,19.98,20.8,185523
20080627,FO,62.92,63.23,62.01,62.37,8943
20080627,FPL,63.76,64.43,63,63.52,16120
20080627,FRE,18.42,18.85,17.29,17.85,142654
20080627,FRX,32.5,33.82,32.49,33.35,57675
20080627,GAS,42.98,43.25,42.23,42.23,6810
20080627,GCI,21.9,22.25,21.6,22.02,53053
20080627,GD,83.07,83.77,82.5,83.28,28269
20080627,GE,26.81,26.83,26.15,26.26,912869
20080627,GENZ,71.45,73.57,71.3601,72.55,37652
20080627,GGP,35.89,36.4,34.75,35.12,47196
20080627,GILD,53.2,53.53,52.82,52.86,80513
20080627,GIS,61.15,61.16,59.83,59.87,38694
20080627,GLW,24.06,24.11,23.3,23.45,256625
20080627,GM,11.55,11.75,11.21,11.55,341227
20080627,GME,43.61,43.97,42.71,42.83,37853
20080627,GNW,17.81,18.25,17.69,17.99,52900
20080627,GOOG,527.41,530,515.09,528.07,54474
20080627,GPC,40.01,40.31,39.79,39.92,14078
20080627,GPS,16.63,16.94,16.2,16.74,168830
20080627,GR,49.34,49.49,48.05,48.33,20914
20080627,GS,177.01,178.28,172.29,174.56,126712
20080627,GT,18.3,18.4078,17.82,18.25,57284
20080627,GWW,82.18,82.44,80.9,81.44,14622
20080627,HAL,51.3,52.4,50.88,52.16,127126
20080627,HAR,42.52,42.52,41.13,41.55,6616
20080627,HAS,36.97,36.97,34.77,35.14,48406
20080627,HBAN,6.1,6.42,6.03,6.11,143073
20080627,HCBK,17.28,17.52,16.72,16.9,135855
20080627,HCP,31.87,32.27,31.41,31.52,24105
20080627,HD,24.66,24.7,23.91,24.02,223440
20080627,HES,124.99,128.52,124.57,127.06,62303
20080627,HIG,66.75,68.12,66.62,67,36607
20080627,HNZ,48.91,48.95,48.05,48.22,35180
20080627,HOG,36.37,36.77,36,36.63,23677
20080627,HON,49.1,49.61,48.43,49.23,104241
20080627,HOT,41,41,39.38,40.26,27615
20080627,HPC,17.13,17.19,16.89,17,13380
20080627,HPQ,44.6,44.83,44.03,44.58,145208
20080627,HRB,20.77,21.23,20.61,20.82,39799
20080627,HSP,39.51,39.94,39.2,39.32,18971
20080627,HST,13.81,14.02,13.7,13.8,73371
20080627,HSY,32.89,33.02,32.48,32.48,17028
20080627,HUM,40.55,41.9,40.55,41.27,31714
20080627,IACI,19.51,19.64,18.89,18.94,35574
20080627,IBM,121.02,122.05,118.26,120.05,116603
20080627,ICE,121.21,124,116.72,118.8,18514
20080627,IFF,40.2,40.42,39.48,39.71,8406
20080627,IGT,26.14,26.18,24.38,24.91,172995
20080627,INTC,21.6,21.84,21.22,21.49,600687
20080627,INTU,28.31,28.65,27.82,28.11,51764
20080627,IP,23.61,23.61,23.14,23.39,71002
20080627,IPG,8.75,8.77,8.42,8.62,58521
20080627,IR,37.13,37.61,36.54,36.87,53625
20080627,ISRG,270.03,272.94,267.03,269.59,7855
20080627,ITT,61.04,62.07,61,62.02,30810
20080627,ITW,46.95,47.01,46.22,46.36,55137
20080627,JAVA,11.13,11.2,10.77,10.96,215179
20080627,JBL,16.12,16.28,15.695,16.22,72872
20080627,JCI,29.37,29.5,28.57,28.67,76095
20080627,JCP,35.95,36.87,35.66,36.83,73748
20080627,JDSU,11.46,11.7,11.26,11.57,52638
20080627,JEC,81.01,81.81,80.03,81.17,15894
20080627,JNJ,64.2,64.71,63.4,63.57,190819
20080627,JNPR,22.36,22.85,22.18,22.64,126380
20080627,JNS,27.84,27.93,26.54,27.07,26195
20080627,JNY,14.57,14.65,14.2,14.52,11938
20080627,JPM,36.45,36.89,34.2,35.05,693166
20080627,JWN,31.42,31.79,30.66,31.07,56450
20080627,K,48.63,48.75,47.87,47.96,39023
20080627,KBH,17.23,17.91,16.77,17.72,77544
20080627,KEY,11.27,11.41,11.01,11.14,101658
20080627,KFT,28.83,28.85,28.36,28.39,96174
20080627,KG,9.91,10.36,9.88,10.26,29223
20080627,KIM,35.14,35.48,34.48,34.77,23828
20080627,KLAC,39.59,39.92,38.9,39.71,38558
20080627,KMB,61.09,61.34,59.81,59.87,24061
20080627,KO,53.17,53.24,51.83,51.84,178368
20080627,KR,28.48,28.99,28.41,28.65,90339
20080627,KSS,40.62,41.59,40.53,41.38,84372
20080627,L,47.49,49.49,46.04,47.52,36488
20080627,LEG,17.43,17.6,17.21,17.21,27125
20080627,LEH,22.58,23.03,21.46,22.25,332697
20080627,LEN,13.58,13.58,12.07,12.62,111203
20080627,LH,70.06,70.36,69.27,69.28,14463
20080627,LIZ,15.09,15.15,14.48,14.63,21037
20080627,LLL,90.63,91.72,90.6,90.99,14873
20080627,LLTC,31.89,32.64,31.78,32.42,75986
20080627,LLY,46,46.31,45.57,45.61,74178
20080627,LM,45.5,46.05,43.45,44.11,36146
20080627,LMT,99.8,100.77,99.37,99.62,32655
20080627,LNC,46.8,47.48,45.79,46.32,36932
20080627,LO,69.12,69.85,66.7,67.98,22386
20080627,LOW,21.21,21.37,20.76,20.87,176895
20080627,LSI,6.36,6.54,6.26,6.33,121557
20080627,LTD,17.02,17.27,16.41,16.81,83511
20080627,LUK,46.5,47.44,46.28,46.71,12782
20080627,LUV,13.51,13.51,13.12,13.33,98207
20080627,LXK,33.96,34.3,33.2,33.45,16676
20080627,M,19.62,19.73,18.94,19.53,75273
20080627,MAR,26.7,27.13,26.09,26.69,47000
20080627,MAS,16.15,16.19,15.67,15.92,59225
20080627,MAT,17.91,18.07,17.52,17.72,46253
20080627,MBI,4.34,4.44,4.03,4.17,119919
20080627,MCD,56.63,57.19,55.17,56.5,142777
20080627,MCHP,30.77,31.06,30.2,30.87,30769
20080627,MCK,55.7,57,55.54,56.71,32345
20080627,MCO,34.57,35.21,34.22,34.73,50535
20080627,MDP,29.23,29.39,28.51,28.58,9554
20080627,MDT,50.99,51.72,50.75,51.24,70290
20080627,MEE,88.15,92.26,85.85,91.19,35688
20080627,MER,32.4,33.29,32.11,32.7,370792
20080627,MET,54.83,55.11,53.62,53.8,63148
20080627,MHP,41.34,41.84,40.61,40.72,41732
20080627,MHS,46.38,46.99,45.61,46.74,39000
20080627,MI,16.18,16.45,15.7,15.87,69251
20080627,MIL,70.58,70.95,68.97,68.97,23191
20080627,MKC,36.57,36.57,35.2,35.88,23495
20080627,MMC,26.16,26.97,26.06,26.77,72199
20080627,MMM,70.48,70.48,68.89,69.51,74816
20080627,MNST,20.56,21.24,20.56,20.98,33477
20080627,MO,20.97,20.98,20.25,20.35,152619
20080627,MOLX,25.25,25.5499,24.56,24.76,15027
20080627,MON,127.05,130.43,122.4,128.34,89269
20080627,MOT,7.28,7.39,7.2,7.35,333149
20080627,MRK,36.31,37.88,36.25,36.98,363383
20080627,MRO,51.01,52.09,50.9,51.22,91486
20080627,MS,36.95,37.5,36.07,36.71,258847
20080627,MSFT,27.68,27.91,27.46,27.63,734501
20080627,MTB,72.19,73.07,70.84,71.57,12175
20080627,MTG,7.6,7.72,6.87,6.99,36483
20080627,MTW,34.13,34.15,32.13,32.19,45202
20080627,MU,6.85,6.86,6.06,6.1,399379
20080627,MUR,92.1,96.32,91.95,96.29,39685
20080627,MWV,22.98,23.3,22.75,23.19,22303
20080627,MYL,11.6,12.3,11.59,12.16,91921
20080627,NBL,98.09,99.04,97.41,97.77,15822
20080627,NBR,48.38,49.83,48.02,49.41,81539
20080627,NCC,4.77,4.79,4.57,4.79,243243
20080627,NE,63.87,65.06,63.67,64.76,44603
20080627,NEM,52.43,53.24,51.58,52.68,112291
20080627,NI,17.6,17.75,17.52,17.62,53057
20080627,NKE,59.72,61.83,59.04,60.34,76379
20080627,NOC,66.77,72.25,66.43,67.14,28064
20080627,NOV,90.43,91.02,88.09,88.41,80440
20080627,NOVL,6.13,6.15,5.98,6.13,73831
20080627,NSC,60.96,61.65,60.5,61.04,50693
20080627,NSM,20.23,20.62,19.92,20.49,88153
20080627,NTAP,22.09,22.33,21.76,22.11,96774
20080627,NTRS,69.99,71.03,68.07,68.98,24344
20080627,NUE,73.8,75.68,72.92,74.88,60352
20080627,NVDA,19.13,19.39,18.71,19.28,146034
20080627,NVLS,21,21.5,20.59,21.26,57194
20080627,NWL,17.28,17.38,16.85,16.98,36514
20080627,NWS.A,16.39,16.39,15.26,15.43,214004
20080627,NYT,15.8,15.87,15.43,15.65,36885
20080627,NYX,53.5,53.93,51.41,52.11,58270
20080627,ODP,11.03,11.32,10.72,11.04,54303
20080627,OMC,45.01,45.18,44.5,44.71,23752
20080627,ORCL,21.39,21.71,20.97,21.29,402956
20080627,OXY,85.18,88.52,85.18,88.45,166104
20080627,PAYX,31.84,32.18,31.18,31.58,72421
20080627,PBG,28.6,28.82,27.89,27.95,21408
20080627,PBI,33.89,34,33.56,33.79,13023
20080627,PCAR,42.05,43.18,41.43,42.38,47347
20080627,PCG,38.89,38.89,38.2,38.38,32885
20080627,PCL,42.59,43,42.16,42.57,16993
20080627,PCP,100.33,100.8,96.59,99.05,33308
20080627,PDCO,30.74,31.13,29.7561,29.76,29064
20080627,PEG,44.46,44.99,43.79,44.58,65320
20080627,PEP,64.96,65.37,63.83,63.93,98902
20080627,PFE,17.26,17.48,17.12,17.28,659964
20080627,PFG,43.18,43.97,41.97,42.52,39193
20080627,PG,62.19,62.62,60.49,60.49,217733
20080627,PGN,42.24,42.63,41.53,41.56,23396
20080627,PGR,19.62,19.8,19.14,19.34,81202
20080627,PH,69.99,71.52,69.66,70.94,48924
20080627,PHM,10.38,10.4,9.83,10.07,90156
20080627,PKI,27.96,27.96,27.22,27.71,11084
20080627,PLD,55.06,55.56,53.75,53.82,44881
20080627,PLL,39.68,40.045,39.12,39.48,15989
20080627,PM,50.11,50.25,49.22,49.83,153976
20080627,PNC,58.05,58.83,57.59,58,35764
20080627,PNW,31.6,31.8,31.06,31.06,10346
20080627,POM,25.4,25.61,24.87,24.88,25795
20080627,PPG,57.15,57.64,56.81,57.15,11548
20080627,PPL,52.2,52.63,51.69,52.05,51006
20080627,PRU,65.08,65.74,63.62,63.76,48637
20080627,PSA,80.5,80.92,79.43,79.59,15896
20080627,PTV,21.41,21.62,20.92,20.92,30328
20080627,PX,93.67,95.41,93.35,94.66,24570
20080627,Q,3.9,3.96,3.79,3.81,231978
20080627,QCOM,45.11,46.08,44.81,45.65,267448
20080627,QLGC,14.87,14.98,14.5701,14.59,45284
20080627,R,68.16,70.32,67.5,69.82,10861
20080627,RAI,47.81,47.9,46.53,46.6,14451
20080627,RDC,45.67,47.06,45.15,46.36,27538
20080627,RF,11.09,11.22,10.5,10.78,163306
20080627,RHI,23.8,24.14,23.62,23.67,18863
20080627,RIG,151.32,154.29,150.11,152.5,50106
20080627,RL,64.8,64.8,62.45,62.96,15833
20080627,ROH,47.38,47.89,47.15,47.4,22780
20080627,ROK,43.03,43.92,42.85,43.92,37496
20080627,RRC,63.95,65.69,63.65,64.78,25803
20080627,RRD,29.96,30.215,29.14,29.39,18585
20080627,RSH,12.39,12.56,11.93,12.31,47888
20080627,RTN,56.07,57.16,55.8115,56,48852
20080627,RX,22.69,23.28,22.46,23.1,24171
20080627,S,8.97,9.3,8.86,8.91,593075
20080627,SAF,67.25,67.33,67.16,67.16,26835
20080627,SBUX,16.3,16.57,15.94,16.35,167764
20080627,SCHW,21,21.23,20.53,20.72,95638
20080627,SE,28.27,28.71,28.27,28.48,61861
20080627,SEE,19.76,19.999,19.43,19.53,19597
20080627,SGP,18.89,19.81,18.66,19.64,157498
20080627,SHLD,74.62,78.46,74.62,77.73,44455
20080627,SHW,47.06,47.41,46.38,46.87,20799
20080627,SIAL,54.08,54.8365,53.96,54.09,20014
20080627,SII,79.03,80.68,78.51,79.82,26310
20080627,SLB,105.33,107.33,104.83,105.9,86273
20080627,SLE,12.51,12.55,12.15,12.18,89145
20080627,SLM,20.32,20.49,19.02,19.48,108968
20080627,SNA,51.57,52.3,51.24,51.74,5608
20080627,SNDK,19.77,19.9,18.95,19.23,120497
20080627,SO,34.9,35.01,34.35,34.43,67091
20080627,SOV,8.01,8.19,7.44,7.63,171141
20080627,SPG,91.5,92.42,89.24,90.82,26683
20080627,SPLS,23.75,24.42,23.69,23.96,135877
20080627,SRE,55.36,55.72,54.96,55.22,28078
20080627,SSP,42.75,43,41.82,41.9,13869
20080627,STI,37.33,37.58,36.27,37.04,72370
20080627,STJ,40.23,40.68,40.13,40.54,18813
20080627,STR,69,70.3,67.93,70.13,19610
20080627,STT,66.52,66.67,63.23,64.01,89378
20080627,STZ,19.74,19.78,19.15,19.66,28317
20080627,SUN,38.15,38.56,36.71,37.48,44805
20080627,SVU,31.37,31.66,30.79,31.22,32669
20080627,SWK,44.83,45.19,44.5,44.87,8227
20080627,SWN,45.36,47.19,45.36,46.62,50135
20080627,SWY,29.65,29.95,29.21,29.38,42377
20080627,SYK,61.5,62.59,61.27,62.26,18217
20080627,SYMC,19.54,19.79,19.23,19.48,118145
20080627,SYY,28.32,28.48,28.09,28.22,35959
20080627,T,33.5,33.51,32.76,32.76,441309
20080627,TAP,54.57,54.89,53.33,54.12,14128
20080627,TDC,23,23.3,22.76,23.25,17542
20080627,TE,21,21.14,20.76,20.88,24124
20080627,TEG,50.9,51.33,50.14,50.14,4478
20080627,TEL,35.63,36.16,35.39,36.03,43589
20080627,TER,10.74,10.86,10.53,10.71,36563
20080627,TEX,53.5,53.5,50.5,51.33,54178
20080627,TGT,47.6,48.19,47.06,47.87,121001
20080627,THC,5.45,5.51,5.37,5.48,45053
20080627,TIE,13.54,14.15,13.54,14.07,32489
20080627,TIF,42.41,42.79,41.37,42.1,12229
20080627,TJX,32.59,32.74,31.38,31.85,52834
20080627,TLAB,4.88,4.88,4.6,4.66,86202
20080627,TMK,59.24,59.66,58.78,58.96,9562
20080627,TMO,54.56,55.62,54.56,55.32,31293
20080627,TROW,56.61,57.48,55.55,56.5,22039
20080627,TRV,44.26,44.73,44.02,44.3,49641
20080627,TSN,14.78,15.02,14.38,14.64,60870
20080627,TSO,19.89,19.99,18.46,19.06,148112
20080627,TSS,22.35,22.64,22.23,22.36,17193
20080627,TWX,14.58,14.67,14.24,14.42,279794
20080627,TXN,28.34,28.7,28.06,28.51,140911
20080627,TXT,47.69,48.12,47.03,47.93,23562
20080627,TYC,40.23,40.62,39.71,40.08,67709
20080627,UIS,4.03,4.03,3.85,4.02,46476
20080627,UNH,26.3,26.7,25.99,26.01,201007
20080627,UNM,21.02,21.37,20.81,21.01,51484
20080627,UNP,72.5,74.21,72.28,73.83,64483
20080627,UPS,59.83,60.44,59.3,60.36,94669
20080627,USB,28.74,28.91,28.15,28.31,184030
20080627,UST,54.66,55.62,54.01,54.24,24322
20080627,UTX,62.74,62.75,61.05,61.15,135259
20080627,VAR,51.48,52.01,51.43,51.43,7320
20080627,VFC,73.52,73.9,71.73,72.11,15678
20080627,VIA.B,30.8,30.94,30.3,30.56,40153
20080627,VLO,41.2,41.2,39.2,39.96,191049
20080627,VMC,60.51,62.66,60.35,60.52,24965
20080627,VNO,87.77,88.71,86.64,87.16,15904
20080627,VRSN,38.32,38.78,37.66,38.24,26775
20080627,VZ,34.22,34.71,33.84,34.28,179717
20080627,WAG,32.8,33.41,32.64,32.97,131741
20080627,WAT,64.68,65.31,64.33,65.17,14494
20080627,WB,16.78,17.22,16.22,16.22,468600
20080627,WEN,28.12,28.32,27.29,27.55,11313
20080627,WFC,24.24,24.59,23.62,24.03,496472
20080627,WFMI,25.11,25.41,24.4,24.65,36162
20080627,WFR,62.74,63.44,61.23,63.18,39286
20080627,WFT,47.5,48.97,47.15,48.46,110516
20080627,WHR,66.25,66.25,63.14,63.77,21199
20080627,WIN,12.63,12.63,12.05,12.17,72358
20080627,WLP,47.92,48.67,47.6,48.08,58897
20080627,WM,5.06,5.22,4.65,4.8,707060
20080627,WMB,39.595,39.68,39.02,39.17,82593
20080627,WMI,37.34,37.68,37.03,37.24,42669
20080627,WMT,56.65,57.35,55.85,56.3,286573
20080627,WPI,27.17,27.21,26.86,26.95,12878
20080627,WPO,591.3,594.41,580.54,584.46,471
20080627,WU,24.73,25.33,24.59,25.19,85135
20080627,WWY,78.05,78.23,77.72,77.75,43051
20080627,WY,50.35,51.09,49.8,50.38,38231
20080627,WYE,45.98,46.42,45.46,46.09,143900
20080627,WYN,17.94,18.19,17.59,18,18740
20080627,X,185.16,189.47,182.7,186.93,48129
20080627,XEL,20.02,20.06,19.75,19.76,34947
20080627,XL,24.77,25.09,23.48,23.77,42853
20080627,XLNX,25.91,26.07,24.78,25.27,153551
20080627,XOM,86.84,87.54,86.14,86.55,282834
20080627,XRX,13.57,13.6,13.31,13.53,105006
20080627,XTO,67.49,68.99,67.21,67.5,95184
20080627,YHOO,21.32,21.46,20.7,21.33,302367
20080627,YUM,35.22,35.48,34.47,35.01,67940
20080627,ZION,32.2,33.13,31.63,32.55,47267
20080627,ZMH,66.73,67.5,66.5,67.21,31384
