20091130,A,28.78,28.95,28.555,28.92,25551
20091130,AA,12.73,12.82,12.48,12.52,244137
20091130,AAPL,200.91,201.68,198.77,199.91,151734
20091130,ABC,24.92,24.92,24.48,24.69,38127
20091130,ABT,54.2,54.55,53.69,54.49,70463
20091130,ACS,55.63,55.66,55,55.2,12429
20091130,ADBE,35.24,35.44,34.54,35.08,50749
20091130,ADI,29.68,29.99,29.42,29.99,43784
20091130,ADM,30.51,30.85,30.03,30.81,56514
20091130,ADP,43.56,43.6794,43.07,43.45,31511
20091130,ADSK,23.47,23.61,23.07,23.45,35561
20091130,AEE,25.54,26,25.47,25.99,24024
20091130,AEP,31.67,32.23,31.6,32.19,55358
20091130,AES,12.82,12.91,12.62,12.74,66111
20091130,AET,29.67,29.67,28.61,29.11,47522
20091130,AFL,44.87,46.19,44.7,46.03,60361
20091130,AGN,58.51,58.51,57.42,58.13,19226
20091130,AIG,32.48,33.4,28.04,28.4,407784
20091130,AIV,12.83,13.54,12.83,13.51,26215
20091130,AIZ,30.48,30.64,30.12,30.57,16179
20091130,AKAM,23.94,24.12,23.55,24,27684
20091130,AKS,20.15,20.24,19.71,20,86449
20091130,ALL,28.32,28.47,27.91,28.41,57061
20091130,ALTR,20.83,21.1,20.73,21.03,53909
20091130,AMAT,12.25,12.34,12.12,12.31,142555
20091130,AMD,6.9,7.011,6.78,7.01,193882
20091130,AMGN,56.49,57,56.25,56.35,57403
20091130,AMP,37.14,38.21,37.05,38.12,24275
20091130,AMT,40.96,40.97,40.43,40.92,21304
20091130,AMZN,132.2,136.08,132.16,135.91,101271
20091130,AN,17.41,17.69,17.26,17.65,36092
20091130,ANF,40.78,40.78,39.35,39.93,48381
20091130,APA,95.22,96.56,94.54,95.28,25796
20091130,APC,60.43,61,58.7,59.53,70462
20091130,APD,82.14,83.16,81.46,82.93,13841
20091130,APH,41.25,41.32,40.555,41.2,11421
20091130,APOL,55.71,57.58,55.13,57.07,37740
20091130,ARG,46.13,46.67,45.74,46.25,5721
20091130,ATI,34.5,34.7,33.72,34.03,15966
20091130,AVB,69.54,72.45,69.04,72.24,24193
20091130,AVP,34.57,34.69,34.14,34.25,30136
20091130,AVY,37.61,37.71,37.01,37.56,9406
20091130,AXP,40.89,41.89,40.77,41.83,143748
20091130,AYE,21.86,22.1,21.84,21.98,24152
20091130,AZO,149.63,149.97,146.98,147.87,6651
20091130,BA,52.43,52.69,51.78,52.41,54346
20091130,BAC,15.59,15.89,15.54,15.85,1299734
20091130,BAX,54.79,54.95,54.4101,54.55,40351
20091130,BBBY,36.86,37.37,36.5,37.36,34737
20091130,BBT,24.27,24.93,24.27,24.9,46907
20091130,BBY,43.5,43.84,42.65,42.83,67910
20091130,BCR,82.14,82.43,81.43,82.21,11490
20091130,BDK,60.6,60.89,60.02,60.69,10510
20091130,BDX,74.84,74.9555,74.26,74.8,12117
20091130,BEN,107.2,108.1,105.4,108.03,19638
20091130,BF.B,50.26,51.24,50.01,51.17,4433
20091130,BHI,39.78,40.84,39.3,40.74,54855
20091130,BIG,23.98,24.13,23.04,23.06,28964
20091130,BIIB,47.3,47.59,46.93,46.94,34604
20091130,BJS,18.4,18.8,18.2,18.78,52927
20091130,BK,26.23,26.67,26.17,26.64,78986
20091130,BLL,49.72,49.84,49.12,49.41,7161
20091130,BMC,38.7,38.81,38.1,38.73,17034
20091130,BMS,28.69,29.31,28.65,29.3,8067
20091130,BMY,25.27,25.62,25.08,25.31,302429
20091130,BNI,98.23,98.39,98.19,98.3,40094
20091130,BRCM,29,29.31,28.61,29.2,57498
20091130,BSX,8.48,8.59,8.27,8.37,153184
20091130,BTU,44.65,45.44,43.96,44.46,43145
20091130,BXP,64.06,67.2,63.76,66.98,27554
20091130,C,4.08,4.16,4.06,4.11,2501691
20091130,CA,21.98,22.13,21.73,22.1,42714
20091130,CAG,22.25,22.3,22.09,22.19,22524
20091130,CAH,32.12,32.28,31.97,32.23,44772
20091130,CAM,37.15,37.9,37.02,37.8,32349
20091130,CAT,57.82,58.51,57.31,58.39,97184
20091130,CB,49.56,50.21,49.35,50.14,25853
20091130,CBG,10.88,11.48,10.77,11.43,60816
20091130,CBS,13.03,13.13,12.58,12.81,87788
20091130,CCE,19.91,19.98,19.59,19.65,59275
20091130,CCL,31.84,32.34,31.51,32.03,28390
20091130,CEG,32.12,32.44,31.79,31.82,16443
20091130,CELG,54.94,55.55,54.62,55.45,33451
20091130,CEPH,55.28,55.4,54.94,54.95,18202
20091130,CF,83.99,85.8,83.5,85.36,11578
20091130,CFN,25.92,25.94,25.31,25.83,14194
20091130,CHK,24,24.62,23.7,23.92,167220
20091130,CHRW,55.52,56,55.14,55.75,17189
20091130,CI,32.97,33,31.97,32.08,36208
20091130,CINF,25.2,25.54,25.11,25.52,12601
20091130,CL,83.68,84.68,83.14,84.19,28690
20091130,CLF,44.38,45.13,43.68,44.06,40506
20091130,CLX,60.04,60.49,59.78,60.27,8512
20091130,CMA,27.85,28.49,27.71,28.47,13105
20091130,CMCSA,14.78,14.84,14.55,14.66,165138
20091130,CME,323.8,329.26,321.01,328.23,6555
20091130,CMI,45.4,45.79,44.4,44.9,24838
20091130,CMS,14.18,14.34,14.12,14.24,22233
20091130,CNP,13.01,13.271,12.94,13.27,36682
20091130,CNX,45.6,46.66,45.31,45.92,25256
20091130,COF,37.5,38.46,37.11,38.36,49545
20091130,COG,38,38.98,37.75,38.3,9865
20091130,COH,35.29,35.29,34.36,34.75,54649
20091130,COL,53.76,53.76,52.94,53.46,7758
20091130,COP,51.77,52.23,51.29,51.77,84253
20091130,COST,60.13,60.29,59.41,59.91,33991
20091130,CPB,35.15,35.19,34.7,34.97,22880
20091130,CPWR,7.01,7.13,6.79,6.94,40289
20091130,CRM,62.84,62.9387,61.93,62.68,14389
20091130,CSC,54.21,55.311,53.93,55.31,13091
20091130,CSCO,23.3,23.54,23.19,23.4,343497
20091130,CSX,47.39,47.89,47.1,47.48,23355
20091130,CTAS,28.33,28.35,27.91,28.09,12317
20091130,CTL,35.99,36.14,35.26,35.59,47021
20091130,CTSH,43.42,44.01,43.21,43.93,32957
20091130,CTXS,37.66,38.22,37.42,38.18,19446
20091130,CVH,22.75,22.93,22.27,22.55,12156
20091130,CVS,31.11,31.21,30.91,31.01,108320
20091130,CVX,77.85,78.67,77.54,78.04,93004
20091130,D,36.2,36.46,36.06,36.38,28731
20091130,DD,34.47,34.65,34.01,34.58,51328
20091130,DE,53.82,53.82,52.81,53.51,70627
20091130,DELL,14.1,14.28,13.96,14.12,212286
20091130,DF,16.15,16.17,15.74,15.9,27355
20091130,DFS,15.21,15.5,15.09,15.46,67836
20091130,DGX,58.12,58.45,57.7,57.94,10544
20091130,DHI,10.45,10.61,10.17,10.28,76018
20091130,DHR,70.98,71.29,70.28,70.92,24369
20091130,DIS,30.23,30.37,29.95,30.22,102604
20091130,DNB,78.66,78.81,77.89,78.59,4269
20091130,DNR,13.36,13.58,13.1,13.27,72190
20091130,DO,99.16,100.83,98.69,99.54,15050
20091130,DOV,40.4,40.97,40.19,40.88,15209
20091130,DOW,27.64,28,27.25,27.78,98972
20091130,DPS,26.29,26.3,26.01,26.19,14389
20091130,DRI,31.11,31.5,30.95,31.43,19134
20091130,DTE,39.79,40.23,39.78,40.11,10233
20091130,DTV,31.25,32.145,31.05,31.63,129168
20091130,DUK,16.7,16.82,16.62,16.68,107367
20091130,DV,54.29,54.4,53.38,54.32,4882
20091130,DVA,59.25,59.32,58.27,59.24,7904
20091130,DVN,66.97,67.8,66.5,67.35,43339
20091130,EBAY,23.21,24.54,23.2,24.47,235099
20091130,ECL,44.5,44.94,44.12,44.91,10908
20091130,ED,42.54,42.97,42.43,42.91,21877
20091130,EFX,28.79,28.79,28.46,28.65,10301
20091130,EIX,33.73,34.08,33.61,34.05,18671
20091130,EK,4.09,4.1,3.99,4.05,27963
20091130,EL,47.12,47.12,46.42,46.83,15799
20091130,EMC,16.64,16.84,16.57,16.83,114142
20091130,EMN,59.83,60.2,58.81,60.12,9124
20091130,EMR,41.38,41.68,41.08,41.41,38591
20091130,EOG,86.2,87.59,85.48,86.49,29069
20091130,EP,9.44,9.7,9.44,9.56,73909
20091130,EQR,30.85,32.27,30.7,32.21,43021
20091130,EQT,40.85,41.18,40.66,41.15,9816
20091130,ERTS,17,17.09,16.74,16.89,55934
20091130,ESRX,85.6,85.995,84.95,85.8,16744
20091130,ETFC,1.62,1.64,1.57,1.64,492941
20091130,ETN,64.06,64.24,62.87,63.9,14432
20091130,ETR,78.57,79.23,78.25,78.65,11693
20091130,EXC,48.08,48.25,47.6701,48.18,45410
20091130,EXPD,32.02,32.09,31.46,31.93,14322
20091130,EXPE,25.01,25.5,24.72,25.48,47875
20091130,F,8.78,8.925,8.67,8.89,589000
20091130,FAST,37.04,37.2,36.56,37.08,10842
20091130,FCX,83.68,84.18,82.14,82.8,141407
20091130,FDO,30.84,31.05,30.4,30.51,31810
20091130,FDX,82.51,84.72,82.08,84.45,26054
20091130,FE,42.6,43.16,42.4,43.08,24693
20091130,FHN,13.37,13.61,13.26,13.55,25303
20091130,FII,25.66,25.87,25.51,25.78,12219
20091130,FIS,22.46,22.65,22.34,22.6,25390
20091130,FISV,46.05,46.33,45.55,46.24,13156
20091130,FITB,9.69,10.081,9.69,10.08,213316
20091130,FLIR,28.65,28.86,28.34,28.7,11512
20091130,FLR,43.21,43.34,42.37,42.48,32779
20091130,FLS,100.06,100.42,97.91,99.46,9193
20091130,FMC,55.3,56.08,55,55.99,6936
20091130,FO,38.59,38.59,37.82,38.41,9505
20091130,FPL,51.58,52.18,51.55,51.97,27978
20091130,FRX,30.57,30.7,30.37,30.66,22498
20091130,FSLR,120.79,121.99,118.06,119.11,16000
20091130,FTI,53.51,54.77,53.41,54.47,8338
20091130,FTR,7.99,8,7.83,7.9,41410
20091130,GAS,39.24,39.24,38.68,39.16,3542
20091130,GCI,10.26,10.38,9.72,9.89,109242
20091130,GD,67.25,67.25,65.46,65.9,28469
20091130,GE,15.82,16.06,15.81,16.02,701684
20091130,GENZ,51.7,51.82,50.61,50.7,37670
20091130,GILD,46.44,46.55,45.93,46.11,72722
20091130,GIS,68.22,68.23,67.67,68,16760
20091130,GLW,16.66,16.72,16.35,16.68,112629
20091130,GME,25.31,25.35,23.75,24.41,80625
20091130,GNW,10.91,10.91,10.45,10.77,361059
20091130,GOOG,579.97,583.67,577.11,583,17252
20091130,GPC,36.15,36.67,35.42,35.83,12402
20091130,GPS,22.23,22.23,21.25,21.42,100585
20091130,GR,59.96,59.98,58.87,59.34,11980
20091130,GS,165.47,169.99,164.77,169.66,107020
20091130,GT,13.7,13.89,13.54,13.71,23396
20091130,GWW,97.34,97.82,96.05,97.7,8431
20091130,HAL,28.89,29.49,28.78,29.36,144287
20091130,HAR,36.14,37.68,35.75,37.61,10844
20091130,HAS,29.49,29.67,29.25,29.65,26065
20091130,HBAN,3.62,3.83,3.6,3.82,277619
20091130,HCBK,12.99,13.33,12.98,13.29,80519
20091130,HCN,42.97,44.73,42.86,44.55,27437
20091130,HCP,29.87,31.45,29.67,31.3,54271
20091130,HD,27.59,27.75,26.96,27.36,167183
20091130,HES,57.6,58.8601,57.24,57.96,30206
20091130,HIG,23.92,24.5,23.8,24.46,97090
20091130,HNZ,42.53,42.58,42.17,42.45,21667
20091130,HOG,28.69,29.49,28.64,29.14,29109
20091130,HON,38.36,38.63,38.08,38.47,42495
20091130,HOT,31.68,32.06,31.2476,32.02,23769
20091130,HPQ,48.97,49.31,48.81,49.06,163605
20091130,HRB,20.42,20.485,20.17,20.3,31286
20091130,HRL,37.5,37.71,37.3,37.52,7613
20091130,HRS,43.89,44.03,43.23,43.9,10554
20091130,HSP,47.03,47.09,46.57,46.95,9393
20091130,HST,10.1,10.58,10,10.52,151981
20091130,HSY,35.62,35.62,35.3,35.37,22860
20091130,HUM,41.99,42.09,40.8101,41.51,15722
20091130,IBM,125.12,126.6,124.92,126.35,63029
20091130,ICE,105.07,106.96,104.48,106.79,7184
20091130,IFF,40.27,40.77,40.01,40.72,4917
20091130,IGT,19.32,19.5,18.46,18.89,66972
20091130,INTC,19.1,19.26,19,19.2,485969
20091130,INTU,29.14,29.28,28.85,29.21,24988
20091130,IP,24.8,25.53,24.69,25.45,44202
20091130,IPG,6.45,6.5,6.21,6.33,39586
20091130,IRM,24.44,24.54,23.91,24,14591
20091130,ISRG,279.24,281.14,276.82,280.54,3797
20091130,ITT,51.92,51.92,51.08,51.72,14265
20091130,ITW,48.51,48.77,47.77,48.64,32981
20091130,IVZ,21.83,22.3,21.37,22.25,33030
20091130,JAVA,8.52,8.55,8.5,8.51,74379
20091130,JBL,13.3,13.36,13.01,13.31,26205
20091130,JCI,26.88,27.051,26.52,27.05,63561
20091130,JCP,29.76,29.76,28.1301,28.74,65874
20091130,JDSU,7.43,7.55,7.3,7.39,44346
20091130,JEC,36.15,36.63,34.62,34.99,28985
20091130,JNJ,62.78,62.98,62.2375,62.84,108153
20091130,JNPR,25.68,26.16,25.58,26.13,66524
20091130,JNS,12.77,13.14,12.6,13.09,32103
20091130,JPM,41.55,42.65,41.49,42.49,382405
20091130,JWN,34.09,34.09,32.83,33.45,42904
20091130,K,52.59,52.64,52.15,52.58,28666
20091130,KEY,5.58,5.88,5.58,5.86,208094
20091130,KFT,26.66,26.68,26.46,26.58,75651
20091130,KG,11.99,12.1,11.78,11.83,17925
20091130,KIM,11.91,12.35,11.83,12.32,78094
20091130,KLAC,31.94,32.13,31.13,31.24,49739
20091130,KMB,65.69,66.27,65.16,65.97,23369
20091130,KO,57.29,57.32,56.8,57.2,94424
20091130,KR,22.91,22.92,22.56,22.74,64656
20091130,KSS,54.89,54.97,52.935,53.14,58802
20091130,L,35.12,35.45,34.88,35.42,23386
20091130,LEG,19.65,19.65,19.15,19.46,13823
20091130,LEN,12.88,13.0268,12.54,12.67,49704
20091130,LH,73.5,73.5,72.62,72.96,7146
20091130,LIFE,49.05,49.97,49.32,49.78,11223
20091130,LLL,78.37,78.71,77.56,78.37,8416
20091130,LLTC,26.92,27.03,26.54,26.97,26990
20091130,LLY,36.98,37,36.57,36.73,66806
20091130,LM,28.12,28.36,27.82,28.29,25060
20091130,LMT,76.98,77.42,76.13,77.23,29299
20091130,LNC,23.05,23.05,22.42,22.91,43988
20091130,LO,79.04,79.3,77.83,77.91,14876
20091130,LOW,21.95,22.14,21.55,21.81,106751
20091130,LSI,5.44,5.48,5.27,5.29,73631
20091130,LTD,17.04,17.04,16.28,16.59,47502
20091130,LUK,21.33,21.57,21.0142,21.52,16403
20091130,LUV,9.1,9.26,8.9,9.2,111705
20091130,LXK,25.16,25.31,24.95,25.17,10020
20091130,M,17.1,17.1,15.88,16.31,257914
20091130,MA,236.95,240.86,236.08,240.86,13920
20091130,MAR,25.19,25.72,24.98,25.72,38697
20091130,MAS,13.46,13.785,13.26,13.58,36401
20091130,MAT,19.65,19.79,19.39,19.46,37781
20091130,MCD,63.76,63.76,63.03,63.25,65662
20091130,MCHP,26.03,26.25,25.82,26.24,22878
20091130,MCK,62.87,62.87,61.98,62.02,16820
20091130,MCO,22.91,23.24,22.9,23.23,38004
20091130,MDP,27.27,27.44,26.25,26.35,6858
20091130,MDT,42.67,42.77,42.03,42.44,75829
20091130,MEE,37.78,38.84,37.18,37.66,44582
20091130,MET,33.53,34.27,33,34.19,72866
20091130,MFE,39.79,39.83,37.82,38.15,47099
20091130,MHP,30.38,30.42,29.54,29.96,29168
20091130,MHS,62.72,63.39,62.12,63.16,33530
20091130,MI,5.41,5.76,5.41,5.75,139702
20091130,MIL,67.99,68.15,67.5,68.1,3187
20091130,MJN,44.96,44.96,43.74,43.87,20467
20091130,MKC,35.74,35.92,35.53,35.68,6150
20091130,MMC,22.3,22.56,22.06,22.55,36833
20091130,MMM,76.89,77.82,76.47,77.44,39300
20091130,MO,19.1,19.1,18.75,18.81,176924
20091130,MOLX,18.87,18.91,18.43,18.59,10454
20091130,MON,80.34,80.94,79.5,80.75,50350
20091130,MOT,8.1,8.13,7.87,8.01,389790
20091130,MRK,36.16,36.33,35.87,36.21,183655
20091130,MRO,32.65,32.97,32.36,32.62,47306
20091130,MS,30.7,31.67,30.53,31.58,153138
20091130,MSFT,29.08,29.45,29,29.41,441746
20091130,MTB,64.22,65.62,64,65.58,6366
20091130,MU,7.39,7.53,7.3,7.52,154581
20091130,MUR,56.37,57.36,55.92,56.39,21428
20091130,MWV,26.34,27.44,26.28,27.37,23663
20091130,MWW,14.9,14.9,14.42,14.61,32440
20091130,MYL,17.97,18,17.77,17.87,47352
20091130,NBL,64.54,65.59,64.36,65.25,14205
20091130,NBR,20.48,21.01,20.36,20.65,54044
20091130,NDAQ,18.87,18.824,18.38,18.68,43924
20091130,NEM,53,54.06,52.8,53.64,64093
20091130,NI,14.22,14.31,14.17,14.25,24281
20091130,NKE,64.8,65.54,64.39,64.89,23152
20091130,NOC,55.1,55.1,54.385,54.8,19939
20091130,NOV,42.57,43.3,42.4,43.02,60560
20091130,NOVL,3.9,3.94,3.84,3.91,29943
20091130,NSC,51.31,51.64,50.76,51.4,22326
20091130,NSM,14.43,14.64,14.37,14.6,54085
20091130,NTAP,30.5,30.92,30.42,30.81,54131
20091130,NTRS,47.88,49.51,47.62,49.49,29842
20091130,NU,24.04,24.16,23.92,24.11,17883
20091130,NUE,42.7,42.7,41.95,42.41,53451
20091130,NVDA,12.85,13.07,12.7,13.06,127460
20091130,NVLS,20.77,20.8,20.4,20.69,13480
20091130,NWL,14.61,14.62,14.37,14.51,23511
20091130,NWSA,11.54,11.55,11.11,11.46,170945
20091130,NYT,8.7,8.78,8.34,8.44,17322
20091130,NYX,25.22,25.38,24.79,25.28,40759
20091130,ODP,6.2,6.36,6.1,6.14,58139
20091130,OI,31.74,32.03,31.06,31.27,25806
20091130,OMC,36.48,36.78,35.89,36.72,27522
20091130,ORCL,21.98,22.15,21.8,22.08,262917
20091130,ORLY,38.71,39,38.23,38.78,11838
20091130,OXY,80.77,81.66,80.01,80.79,43315
20091130,PAYX,31.24,31.53,31.06,31.35,26825
20091130,PBCT,16.43,16.5,16.19,16.29,42745
20091130,PBG,37.95,38.1,37.85,37.95,19956
20091130,PBI,23.25,23.32,22.77,23.04,24906
20091130,PCAR,37.17,37.3,36.48,37.08,23436
20091130,PCG,42.145,42.555,42.06,42.34,16766
20091130,PCL,33.62,34.56,33.43,34.49,27761
20091130,PCLN,206.56,214.57,206.25,214.12,11802
20091130,PCP,105.35,105.35,103.38,103.68,11756
20091130,PCS,6.29,6.43,6.26,6.3,58514
20091130,PDCO,25.83,25.85,25.53,25.71,9655
20091130,PEG,30.9,31.41,30.73,31.36,31325
20091130,PEP,62.64,62.83,62.15,62.22,72531
20091130,PFE,18.31,18.45,18.169,18.17,592631
20091130,PFG,25.09,25.43,24.72,25.39,28385
20091130,PG,62.37,63,62.12,62.35,123823
20091130,PGN,38.94,39.25,38.82,39.09,19588
20091130,PGR,16.67,16.8,16.48,16.77,34897
20091130,PH,53.39,53.99,52.8,53.96,11486
20091130,PHM,9.14,9.21,9.08,9.14,61014
20091130,PKI,19,19,18.53,18.87,12808
20091130,PLD,12.77,13.12,12.66,13.08,90284
20091130,PLL,32,32,31.31,31.83,12351
20091130,PM,49.96,49.99,48.01,48.09,173404
20091130,PNC,55.21,57.1,55.21,57.01,49196
20091130,PNW,34.96,35.31,34.83,35.09,11313
20091130,POM,16.09,16.35,16.04,16.3,35645
20091130,PPG,59.12,59.9,58.85,59.43,9181
20091130,PPL,30.4,30.66,30.34,30.52,15458
20091130,PRU,48.68,49.98,48.28,49.85,51405
20091130,PSA,76.69,79.96,76.18,79.58,21226
20091130,PTV,24.08,24.4,23.98,24.35,23244
20091130,PWR,19.02,19.02,18.61,18.75,22229
20091130,PX,81.7,82.48,80.75,82.03,12610
20091130,PXD,41.03,41.86,40.8,41.35,12508
20091130,Q,3.81,3.83,3.62,3.65,430447
20091130,QCOM,44.76,45.07,44.32,45,113602
20091130,QLGC,18.1,18.2,17.77,17.94,26322
20091130,R,40.5,41.23,40.13,40.54,10080
20091130,RAI,51.32,51.32,49.81,49.96,25647
20091130,RDC,24.22,24.8,24.13,24.69,31000
20091130,RF,5.59,5.87,5.59,5.86,316684
20091130,RHI,22.18,22.38,21.91,22.33,15855
20091130,RHT,26.79,26.79,25.92,26.7,23688
20091130,RL,77.99,78.6,76.09,76.85,13324
20091130,ROK,43.35,43.54,42.78,43.49,13336
20091130,ROP,52.01,52.18,51.31,52.04,4163
20091130,ROST,44.23,44.56,43.5,43.98,21015
20091130,RRC,47.32,48.39,46.53,47.13,30657
20091130,RRD,20.51,20.66,20.19,20.58,19238
20091130,RSG,28.055,28.255,27.94,28.2,14076
20091130,RSH,18.49,19.13,18.47,18.86,55333
20091130,RTN,51.51,51.995,51.12,51.53,32891
20091130,RX,21.33,21.41,21.3,21.36,41978
20091130,S,3.76,3.77,3.66,3.71,410337
20091130,SAI,17.96,18,17.7,17.82,20370
20091130,SBUX,21.31,21.94,21.11,21.9,119584
20091130,SCG,34.95,35.27,34.87,35.2,7142
20091130,SCHW,17.74,18.34,17.74,18.33,120950
20091130,SE,19.38,19.55,19.19,19.41,25361
20091130,SEE,22.24,22.42,22.07,22.29,9936
20091130,SHLD,71.38,71.79,69.9,70.95,14439
20091130,SHW,61.19,61.335,60.37,60.84,9508
20091130,SIAL,53.06,53.475,52.46,53.34,5929
20091130,SII,26.42,27.25,26.31,27.18,52028
20091130,SJM,58.6,59.12,58.35,59.08,10954
20091130,SLB,62.5,64.21,62.5,63.89,67016
20091130,SLE,12.19,12.2,12.01,12.14,78505
20091130,SLM,10.76,10.98,10.63,10.97,33977
20091130,SNA,36.4,36.5797,35.89,36.15,11842
20091130,SNDK,19.58,19.86,19.18,19.72,54999
20091130,SNI,39.85,39.86,39.3,39.55,4642
20091130,SO,31.62,32.15,31.6,32.09,89137
20091130,SPG,70.06,73.01,69.61,72.66,62844
20091130,SPLS,23.38,23.74,23.1,23.32,96731
20091130,SRCL,53.88,54.84,53.56,54.73,5830
20091130,SRE,52.61,53.21,52.3904,53.14,10701
20091130,STI,22.63,23.7,22.6,23.63,83508
20091130,STJ,36.59,36.99,35.94,36.71,52925
20091130,STR,39.38,39.81,39.17,39.67,12891
20091130,STT,40.36,41.43,40.22,41.3,66267
20091130,STZ,17.05,17.24,16.9,17.11,12939
20091130,SUN,25.36,25.62,25.06,25.2,21031
20091130,SVU,14.08,14.18,13.72,13.83,85740
20091130,SWK,48.66,48.78,48.12,48.57,11701
20091130,SWN,43.57,44.91,43.32,43.96,49268
20091130,SWY,22.82,22.82,22.43,22.5,43625
20091130,SYK,51.13,51.32,49.75,50.4,24355
20091130,SYMC,17.61,17.82,17.5,17.75,102728
20091130,SYY,27.2,27.21,26.9,27.04,45223
20091130,T,26.96,27,26.67,26.94,317743
20091130,TAP,45.18,45.44,44.77,45.21,8880
20091130,TDC,28.81,29.39,28.48,29.3,17036
20091130,TE,14.62,14.77,14.54,14.75,19252
20091130,TEG,38.21,38.54,38.06,38.54,5682
20091130,TER,8.83,9.1,8.67,8.86,60772
20091130,TGT,47.45,47.67,45.99,46.56,128686
20091130,THC,4.99,5.01,4.52,4.55,138362
20091130,TIE,9.9,9.98,9.67,9.77,19869
20091130,TIF,43.27,43.42,41.87,42.68,36301
20091130,TJX,38.74,38.74,37.83,38.38,53721
20091130,TLAB,5.6,5.69,5.57,5.61,76768
20091130,TMK,42.7,43.63,42.45,43.48,8728
20091130,TMO,48.17,48.22,46.74,47.23,33040
20091130,TROW,47.37,49,47.11,48.93,23928
20091130,TRV,51.87,52.54,51.68,52.39,50162
20091130,TSN,12.28,12.28,11.94,12.02,44096
20091130,TSO,12.69,12.97,12.64,12.78,42531
20091130,TSS,17.18,17.28,17.03,17.28,9917
20091130,TWC,42.33,42.34,41.31,41.89,16286
20091130,TWX,30.72,30.83,30.22,30.72,74954
20091130,TXN,25.35,25.39,25.03,25.29,124688
20091130,TXT,19.96,20.1,19.75,20.05,31018
20091130,UNH,29.44,29.49,28.5,28.67,126379
20091130,UNM,18.96,19.08,18.67,19.04,37793
20091130,UNP,63.41,64.24,62.7,63.26,36738
20091130,UPS,57.25,57.97,57,57.47,43213
20091130,USB,23.37,24.19,23.37,24.13,161306
20091130,UTX,67.17,67.46,66.52,67.24,43112
20091130,V,80.33,81.38,80.2,81,39266
20091130,VAR,46.97,47.61,46.64,46.74,14074
20091130,VFC,72.49,72.83,71.35,72.72,8812
20091130,VIA,31.77,31.77,30.89,31.32,423
20091130,VLO,16.05,16.07,15.8,15.89,115978
20091130,VMC,48.6,48.91,47.72,48.48,13626
20091130,VNO,62.39,65.66,61.94,65.46,33296
20091130,VRSN,22.18,22.62,22.17,22.44,54175
20091130,VTR,41.07,43.24,40.75,42.93,35104
20091130,VZ,31.83,31.9,31.43,31.46,194712
20091130,WAG,39.44,39.44,38.56,38.89,52943
20091130,WAT,59.26,59.26,58.45,58.78,8737
20091130,WDC,37.5,37.57,36.47,36.84,38141
20091130,WEC,45.06,45.36,44.83,45.1,8904
20091130,WFC,27.28,28.1,27.25,28.04,367440
20091130,WFMI,25.85,25.98,25.35,25.65,20950
20091130,WFR,12.01,12.15,11.78,12.04,47655
20091130,WHR,74.35,74.82,73.29,74.16,11583
20091130,WIN,10.15,10.18,9.9,9.92,74577
20091130,WLP,54.06,54.51,53.36,54.03,38333
20091130,WM,32.91,32.9885,32.54,32.84,18611
20091130,WMB,20.07,20.16,19.63,19.89,73719
20091130,WMT,54.53,54.7,54.095,54.55,119302
20091130,WPI,38.03,38.03,37.07,37.09,15120
20091130,WPO,409.67,413.93,407.75,413.61,440
20091130,WU,18.55,18.72,18.32,18.45,59024
20091130,WY,37.62,38.99,37.18,38.94,23302
20091130,WYN,18.52,18.795,18.42,18.57,24779
20091130,WYNN,62.87,64.63,62.02,64.54,25069
20091130,X,44.55,44.96,44.05,44.66,135085
20091130,XEL,20.14,20.41,20.14,20.32,22641
20091130,XL,17.79,18.34,17.51,18.31,48142
20091130,XLNX,22.62,22.8,22.43,22.64,39821
20091130,XOM,74.49,75.35,74.35,75.07,214365
20091130,XRAY,33.25,33.36,32.88,33.32,11456
20091130,XRX,7.75,7.8,7.64,7.7,104458
20091130,XTO,41.88,42.74,41.75,42.44,73788
20091130,YHOO,14.85,15.1,14.8,14.97,175892
20091130,YUM,35.48,35.6,35.16,35.27,31731
20091130,ZION,12.68,13.151,12.65,13.15,49371
20091130,ZMH,58.93,59.41,58.45,59.17,19577
