20090914,A,27.86,28.18,27.64,28.1,35156
20090914,AA,12.63,12.95,12.52,12.94,203262
20090914,AAPL,170.85,173.9,170.25,173.72,115003
20090914,ABC,21.59,21.77,21.43,21.74,28536
20090914,ABT,46.82,47.4599,46.71,47.33,102384
20090914,ACS,45.61,46.23,45.56,46.17,5659
20090914,ADBE,34.5,35.29,34.2832,35.19,82468
20090914,ADI,28.37,28.69,28.28,28.68,37581
20090914,ADM,28.72,28.96,28.56,28.65,38652
20090914,ADP,38.12,38.46,38.12,38.39,26321
20090914,ADSK,23.76,24.12,23.76,23.92,28085
20090914,AEE,25.42,25.65,25.3,25.65,22382
20090914,AEP,30.68,31.28,30.55,31.19,40200
20090914,AES,14.3,14.88,14.19,14.79,114000
20090914,AET,30.07,30.61,30.06,30.54,51995
20090914,AFL,40.57,41.82,39.94,41.76,34262
20090914,AGN,56.39,57.0525,56.02,56.92,13939
20090914,AIG,36.53,41.3,36.3,41.11,556658
20090914,AIV,12.94,13.56,12.83,13.56,22347
20090914,AIZ,29.48,30.33,29.33,30.31,4562
20090914,AKAM,18.13,18.5,18.12,18.49,26693
20090914,AKS,20.84,21.96,20.84,21.87,51584
20090914,ALL,28.64,29.02,28.3,28.99,29682
20090914,ALTR,20.39,20.5,20.27,20.45,43855
20090914,AMAT,13.39,13.49,13.14,13.3,264947
20090914,AMD,5.62,5.78,5.51,5.72,276290
20090914,AMGN,58.59,59.52,58.5,59.21,51121
20090914,AMP,29.86,31.66,29.83,31.63,29660
20090914,AMT,34.51,35.27,34.03,34.8,73663
20090914,AMZN,83.82,84.57,83.46,83.86,35721
20090914,AN,17.65,17.92,17.38,17.81,19710
20090914,ANF,31.37,31.65,30.69,31.5,30002
20090914,AOC,41.27,41.89,41.15,41.87,17284
20090914,APA,90.35,91.95,90.14,91.38,36450
20090914,APC,57.9,58.02,56.6,57.76,66451
20090914,APD,73.5,75.12,72.93,75.06,15387
20090914,APH,38.06,38.42,37.97,38.39,6886
20090914,APOL,66.01,66.75,65.55,66.6,19185
20090914,ATI,33.08,34.28,32.75,33.72,31532
20090914,AVB,67.64,70.45,67.26,70.45,14926
20090914,AVP,31.79,32.01,31.64,31.88,20714
20090914,AVY,32.73,34.77,32.59,34.55,28578
20090914,AXP,33.75,34.15,33.66,33.92,90606
20090914,AYE,25.16,26.31,25.07,26.28,23849
20090914,AZO,145.34,147.44,144.82,147.2,5787
20090914,BA,50.99,51.26,50.44,50.97,43926
20090914,BAC,16.68,17.09,16.51,16.99,1623716
20090914,BAX,56.87,56.95,56.535,56.9,28994
20090914,BBBY,36.56,36.99,36.08,36.88,23061
20090914,BBT,26.45,27.38,26.38,27.34,60652
20090914,BBY,39.74,40.68,39.25,40.41,85760
20090914,BCR,80.5,81.52,80.27,81.33,6909
20090914,BDK,46.45,47.55,46.34,47.47,10899
20090914,BDX,71.35,71.4856,70.66,70.76,11819
20090914,BEN,97.5,99.63,96.51,99.48,10634
20090914,BF.B,47.28,49.75,47.06,49.44,9518
20090914,BHI,36.95,38.37,36.75,38.3,75873
20090914,BIG,25.51,25.7,25.341,25.55,9381
20090914,BIIB,50.7,51.2,50.35,50.83,22948
20090914,BJS,17.07,17.64,16.86,17.56,124714
20090914,BK,28.29,29.17,27.95,29.02,147657
20090914,BLL,48.9,50.04,48.71,50.04,6893
20090914,BMC,37.2,37.73,36.87,37.66,31100
20090914,BMS,25.89,26.86,25.89,26.82,7866
20090914,BMY,22.31,22.45,22.24,22.39,67113
20090914,BNI,84.01,85.23,83.58,84.89,19363
20090914,BRCM,30.13,30.47,29.89,30.01,85083
20090914,BSX,11.11,11.36,10.95,11.35,132852
20090914,BTU,36,38.97,35.9,38.9,90954
20090914,BXP,62.9,65.81,62.45,65.66,17733
20090914,C,4.54,4.57,4.3629,4.52,7380088
20090914,CA,22.31,22.85,22.25,22.71,63234
20090914,CAG,22.17,22.31,22.05,22.27,50339
20090914,CAH,26.54,26.66,26.35,26.63,48170
20090914,CAM,36.97,38.32,36.57,38.26,30672
20090914,CAT,48.02,49.1,47.75,48.77,69104
20090914,CB,48.41,49.4,48.21,49.32,19422
20090914,CBE,36.62,36.75,36.26,36.63,31266
20090914,CBG,11.66,11.98,11.54,11.98,28695
20090914,CBS,11.6,11.94,11.49,11.86,97972
20090914,CCE,20.33,20.76,20.175,20.75,38161
20090914,CCL,32.15,32.6,32.15,32.44,31415
20090914,CEG,31.77,32.92,31.5,32.9,15251
20090914,CELG,51.75,52.6,51.71,52.06,30167
20090914,CEPH,58.44,58.79,58.25,58.78,7151
20090914,CF,86.55,87.7,86.04,87.25,7866
20090914,CHK,25.6,27.16,25.37,27.09,202867
20090914,CHRW,58.43,58.92,58.05,58.6,11317
20090914,CI,31.42,32.14,31.11,32.08,46094
20090914,CIEN,15.5,15.72,15.3103,15.6,41526
20090914,CINF,25.29,25.94,25.29,25.94,8627
20090914,CL,74.57,75.47,74.4,75.05,35168
20090914,CLX,57.41,57.965,57.05,57.82,12233
20090914,CMA,27.25,27.66,26.655,27.6,23221
20090914,CMCSA,17.07,17.44,16.92,17.44,215680
20090914,CME,272.32,278.26,270.6,277.96,6037
20090914,CMI,47,47.7,46.22,47.46,18522
20090914,CMS,12.93,13.23,12.93,13.22,22021
20090914,CNP,12.66,12.66,12.36,12.53,72567
20090914,CNX,40.51,43.5,40.51,43.43,35582
20090914,COF,37.5,38.36,36.6,38.32,66368
20090914,COG,36.91,37.29,36.53,37.27,12523
20090914,COH,31.24,31.94,30.86,31.85,29512
20090914,COL,48.34,48.72,48.04,48.52,10763
20090914,COP,45.36,46.67,45.32,46.59,111792
20090914,COST,56.24,57.02,56.16,56.99,30851
20090914,CPB,32.44,32.97,32.4,32.67,38513
20090914,CPWR,7.57,7.7,7.47,7.66,20278
20090914,CRM,57.53,57.92,56.82,57.47,15467
20090914,CSC,51.39,51.98,50.96,51.87,16191
20090914,CSCO,22.84,22.99,22.61,22.79,606227
20090914,CSX,46.47,47.32,46.19,47.08,52624
20090914,CTAS,28.24,28.88,28.14,28.82,9731
20090914,CTL,31.48,31.51,31.28,31.48,20215
20090914,CTSH,37.23,37.43,36.89,37.15,53376
20090914,CTXS,36,36.91,35.83,36.85,24679
20090914,CVG,10.98,11,10.84,10.95,5630
20090914,CVH,24.31,24.84,24.24,24.82,28608
20090914,CVS,36.24,36.63,36.23,36.53,69880
20090914,CVX,69.94,71.13,69.82,71.04,71947
20090914,D,32.76,33.22,32.75,33.19,31430
20090914,DD,31.74,32.28,31.38,32.28,79590
20090914,DE,42.51,43.31,42.1,43.26,43211
20090914,DELL,16.44,16.55,16.29,16.39,165648
20090914,DF,18.03,18.41,18.01,18.27,18133
20090914,DFS,14.64,15.07,14.52,15.03,86529
20090914,DGX,54.13,54.45,54.02,54.34,13063
20090914,DHI,12.6,12.8074,12.429,12.54,71402
20090914,DHR,66.8,68.16,66.37,67.94,29304
20090914,DIS,28.19,28.29,27.79,28.08,122993
20090914,DNB,73.93,74.9,73.74,74.67,5485
20090914,DNR,15.73,16,15.46,15.92,25971
20090914,DO,92.46,94.25,92.11,94.1,15287
20090914,DOV,37.27,38.18,37.14,37.97,21457
20090914,DOW,23.37,25.41,23.26,25.21,257242
20090914,DPS,26.9,27.26,26.9,27.09,21256
20090914,DRI,34.32,35.13,34.25,34.9,17231
20090914,DTE,35.16,35.78,35.1,35.73,11614
20090914,DTV,25.39,26.11,25.15,26.1,98393
20090914,DUK,15.49,15.66,15.46,15.65,63682
20090914,DV,50.34,51.14,50.34,51.02,5663
20090914,DVA,54.19,54.28,53.97,54.13,5561
20090914,DVN,64.78,66.25,64.568,66.18,29538
20090914,DYN,2.12,2.22,2.09,2.18,249834
20090914,EBAY,23.4,23.85,23.361,23.82,136955
20090914,ECL,43.8,45.99,43.8,45.89,41561
20090914,ED,39.63,40.31,39.63,40.26,24487
20090914,EFX,27.3,27.55,27.11,27.55,6673
20090914,EIX,33.49,33.99,33.43,33.92,17353
20090914,EK,6.05,6.36,5.86,6.33,93608
20090914,EL,34.03,34.68,33.891,34.62,11328
20090914,EMC,16.69,16.95,16.68,16.92,124849
20090914,EMN,52.34,52.96,51.91,52.93,11541
20090914,EMR,38.99,39.76,38.85,39.58,35673
20090914,EOG,75.23,77.22,74.88,77.09,20987
20090914,EP,9.67,10.14,9.63,10.11,100177
20090914,EQR,28.95,30.02,28.68,30.01,29567
20090914,EQT,41.98,42.76,41.98,42.55,9941
20090914,ERTS,18.29,18.43,17.99,18.11,89675
20090914,ESRX,78.14,79.26,77.75,79.03,19227
20090914,ESV,40.35,41.21,39.93,40.88,44765
20090914,ETFC,1.73,1.85,1.7,1.78,2057925
20090914,ETN,57.61,58.37,57.09,57.85,16076
20090914,ETR,77.56,78.59,77.33,78.49,14543
20090914,EXC,48.25,49.39,48,49.26,39656
20090914,EXPD,35.66,35.85,35.2,35.65,30581
20090914,EXPE,22.92,23.29,22.72,23.27,21226
20090914,F,7.3,7.4,7.18,7.39,345243
20090914,FAST,37.69,38.3601,37.46,38.33,9974
20090914,FCX,68.97,70.74,68.27,70.62,120242
20090914,FDO,27.24,27.39,26.91,26.98,33798
20090914,FDX,77,78.99,76.7,78.88,50650
20090914,FE,45.81,46.63,45.73,46.59,18344
20090914,FHN,13,13.08,12.77,13.08,16163
20090914,FII,25.47,26.33,25.41,26.31,8687
20090914,FIS,24.71,24.97,24.47,24.85,20690
20090914,FISV,47.72,48.21,47.47,48.16,13676
20090914,FITB,9.55,9.94,9.52,9.85,261419
20090914,FLIR,25.7,27.38,25.6736,27.31,54103
20090914,FLR,53.73,54.57,53.07,54.38,18418
20090914,FLS,94.66,97.49,93.38,97.35,9740
20090914,FO,40.81,41.36,40.3006,41.34,5330
20090914,FPL,53.31,55,53.3,54.94,30892
20090914,FRX,29.1,29.22,28.9,29.07,18139
20090914,FTI,51.1,53.06,50.52,53.05,14201
20090914,FTR,6.94,6.98,6.9,6.97,24225
20090914,GAS,35.81,36.23,35.56,36.23,2387
20090914,GCI,8.2,8.74,8.0503,8.68,95469
20090914,GD,63.2,63.2,62.43,63.1,20281
20090914,GE,14.55,15.41,14.4,15.35,1392840
20090914,GENZ,55.78,57,55.36,56.91,24587
20090914,GILD,46.04,46.71,45.9,46.53,54707
20090914,GIS,60.37,60.72,60.25,60.58,12652
20090914,GLW,15.76,15.86,15.54,15.82,110223
20090914,GME,24.51,25.9,24.25,25.59,68326
20090914,GNW,10.86,11.45,10.76,11.39,166012
20090914,GOOG,470.25,476.8,470.05,475.12,19776
20090914,GPC,35.44,35.78,35.21,35.6,5639
20090914,GPS,21.32,21.68,21.28,21.67,64367
20090914,GR,55.62,56.62,54.91,56.48,9428
20090914,GS,173.28,177.9,173.16,177.71,80310
20090914,GT,18.05,18.79,17.71,17.78,103276
20090914,GWW,88.46,89.67,88.03,89.3,3979
20090914,HAL,25.38,26.19,25.12,26.16,114056
20090914,HAR,28.35,28.74,27.86,28.4,18165
20090914,HAS,28.26,28.75,28.115,28.75,23285
20090914,HBAN,4,4.09,3.96,4.09,174752
20090914,HCBK,13.15,13.22,12.88,12.97,83393
20090914,HCN,40.88,41.98,40.62,41.97,15637
20090914,HCP,27.77,28.83,27.66,28.8,36669
20090914,HD,27.16,27.66,27.09,27.51,83494
20090914,HES,52.48,53.62,52.37,53.42,31855
20090914,HIG,24.42,25.82,24.05,25.75,115556
20090914,HNZ,39.61,39.95,39.55,39.9,18055
20090914,HOG,24.62,24.77,24.25,24.69,42595
20090914,HON,38.83,40,38.5,39.97,76470
20090914,HOT,30.55,31.29,30.14,31.23,22209
20090914,HPQ,45.33,46,45.32,45.7,129167
20090914,HRB,17.32,17.49,17.21,17.32,37521
20090914,HRL,37.56,37.57,37.16,37.55,5164
20090914,HRS,36.42,36.56,36.16,36.32,8503
20090914,HSP,40.82,41.14,40.57,41.07,5835
20090914,HST,10.43,10.91,10.24,10.91,96140
20090914,HSY,39.76,40.14,39.435,39.76,16362
20090914,HUM,39.55,39.85,38.54,39.45,24342
20090914,IBM,117,118.99,116.94,118.88,47602
20090914,ICE,87.43,90.22,86.66,90.22,10458
20090914,IFF,36.88,38.1,35.76,37.91,5439
20090914,IGT,22.36,23.08,22.29,23.05,27249
20090914,INTC,19.32,19.49,19.28,19.36,524168
20090914,INTU,27.725,28.1,27.66,27.86,28450
20090914,IP,23.17,24.18,23.16,24.16,62759
20090914,IPG,6.68,6.78,6.53,6.59,56535
20090914,IRM,28.29,29.03,28.18,28.86,7616
20090914,ISRG,238.75,242.66,237.81,242.66,4177
20090914,ITT,51,51.57,50.75,51.12,13563
20090914,ITW,43.67,44.455,43.4399,44.2,30814
20090914,IVZ,22.2,22.67,22.09,22.64,40467
20090914,JAVA,9.15,9.17,9.15,9.17,38134
20090914,JBL,11.67,11.91,11.45,11.91,26301
20090914,JCI,26.77,27.2373,26.62,27.09,33163
20090914,JCP,31.29,32.16,30.89,32.12,56231
20090914,JDSU,7.39,7.53,7.33,7.47,18974
20090914,JEC,46.03,46.99,45.52,46.74,8950
20090914,JNJ,60.34,60.73,60.21,60.34,66561
20090914,JNPR,26.24,26.51,26.03,26.44,49776
20090914,JNS,13.54,13.57,13.14,13.55,31265
20090914,JPM,42.08,43.85,42.01,43.75,289502
20090914,JWN,29.09,29.7898,28.65,29.75,39290
20090914,K,48.15,48.58,48.15,48.52,14012
20090914,KBH,18.47,19.03,18.22,18.99,30037
20090914,KEY,5.85,6.05,5.76,6.01,183557
20090914,KFT,26.1,26.2675,26.02,26.11,127477
20090914,KG,10.62,10.75,10.55,10.62,18556
20090914,KIM,12.83,13.35,12.72,13.35,100559
20090914,KLAC,34.05,34.87,33.83,34.84,46448
20090914,KMB,58.32,58.46,57.9,58.04,27903
20090914,KO,51.08,52.47,50.91,52.16,165834
20090914,KR,21.75,22.23,21.71,22.11,93563
20090914,KSS,54.7,54.99,53.64,54.87,45621
20090914,L,33.57,34.23,33.37,34.17,16238
20090914,LEG,18.58,18.81,18.34,18.81,11277
20090914,LEN,15.49,15.67,15.25,15.67,33348
20090914,LH,69.23,69.75,69.02,69.35,9942
20090914,LIFE,46.48,47.99,46.14,47.84,23318
20090914,LLL,77.37,78.07,77.37,77.84,7720
20090914,LLTC,27.22,27.51,27.05,27.48,33402
20090914,LLY,33.32,33.33,33.01,33.13,84767
20090914,LM,28.3,30.26,28.3,30.21,27404
20090914,LMT,74.91,76.45,74.46,75.59,28213
20090914,LNC,24.67,25.91,24.1318,25.9,36613
20090914,LO,74.34,75,74.21,74.55,13411
20090914,LOW,21.26,21.46,21.1,21.36,81440
20090914,LSI,5.42,5.59,5.38,5.58,56156
20090914,LTD,15.32,15.97,15.2,15.85,48106
20090914,LUK,25.11,25.8,24.98,25.77,6917
20090914,LUV,9.14,9.54,9.05,9.54,56877
20090914,LXK,20.98,21.26,20.8,21.23,20996
20090914,M,15.92,16.88,15.79,16.83,102200
20090914,MA,207.45,208.48,206.325,207.99,13930
20090914,MAR,24.37,24.75,24.14,24.73,37493
20090914,MAS,14.05,14.41,13.95,14.24,37554
20090914,MAT,18.09,18.32,17.91,18.3,32562
20090914,MBI,6.31,6.95,6.3,6.91,92220
20090914,MCD,54.1,54.34,53.88,54.23,102757
20090914,MCHP,27.38,27.52,27.16,27.37,20826
20090914,MCK,57.61,58.33,57.3,58.23,21379
20090914,MCO,24.98,25.19,24.58,25.18,40941
20090914,MDP,27.27,28.22,26.92,28.21,2318
20090914,MDT,37.86,38.68,37.3536,38.64,81627
20090914,MEE,29.4,30.93,29.13,30.85,43144
20090914,MET,38.29,39.58,37.71,39.56,52443
20090914,MFE,41.93,42,41.56,41.81,8635
20090914,MHP,27.31,27.73,27.02,27.55,31042
20090914,MHS,55.59,56,55.17,55.96,21548
20090914,MI,6.9,7.03,6.74,6.94,48569
20090914,MIL,69.08,70.4596,69.08,70.26,4250
20090914,MKC,33.32,33.63,33.26,33.63,4172
20090914,MMC,23.19,23.81,23.09,23.81,46993
20090914,MMM,73.72,74.64,73.42,74.56,34665
20090914,MO,18.15,18.23,17.93,17.99,214408
20090914,MOLX,19.19,19.25,18.89,19.19,8358
20090914,MON,77.17,78.29,77.12,78.08,64980
20090914,MOT,8.85,9.02,8.64,8.79,548982
20090914,MRK,32.34,32.93,32.3,32.89,184024
20090914,MRO,31.81,32.75,31.65,32.69,56240
20090914,MS,28.54,28.78,27.97,28.75,204727
20090914,MSFT,24.65,25.09,24.64,25,428101
20090914,MTB,58.965,59.6,58.965,59.32,5819
20090914,MTW,8.72,9.05,8.37,9.05,69256
20090914,MU,7.81,7.98,7.63,7.92,195773
20090914,MUR,59.09,60.92,58.99,60.75,16912
20090914,MWV,22.17,22.65,21.95,22.59,17550
20090914,MWW,17.06,17.51,17.04,17.28,23380
20090914,MYL,15.22,15.3,15.05,15.24,42432
20090914,NBL,65.15,66.97,64.72,66.94,15698
20090914,NBR,18.88,19.51,18.71,19.5,36885
20090914,NDAQ,20.88,20.88,20.57,20.83,18639
20090914,NEM,45.69,46.67,45.27,45.76,69468
20090914,NI,13.15,13.29,13.09,13.28,20136
20090914,NKE,54.48,55.22,53.52,54.91,35747
20090914,NOC,48.84,49.37,48.621,49.28,22242
20090914,NOV,38.58,41.09,38.5,41.01,72102
20090914,NOVL,4.37,4.57,4.35,4.54,30503
20090914,NSC,48.38,49.33,48,49.03,22395
20090914,NSM,14.91,15.16,14.79,14.92,108503
20090914,NTAP,24.28,24.55,24.07,24.49,82550
20090914,NTRS,58.06,59.47,58.01,59.31,10070
20090914,NU,23.63,24.02,23.61,24.01,7614
20090914,NUE,45.67,46.83,45.53,46.81,43789
20090914,NVDA,16.15,16.21,15.91,16.05,122636
20090914,NVLS,19.93,20.4,19.91,20.33,39249
20090914,NWL,15.02,15.21,14.8,15.2,37461
20090914,NWSA,11.62,11.86,11.55,11.83,113745
20090914,NYT,7.68,7.78,7.46,7.73,7965
20090914,NYX,27.51,28.36,27.27,28.32,28040
20090914,ODP,5.87,6.24,5.86,6.16,64847
20090914,OI,35.13,36.94,34.95,36.74,17408
20090914,OMC,37.07,37.39,36.86,37.33,10647
20090914,ORCL,22.8,22.93,22.6,22.72,240678
20090914,ORLY,36.6,36.75,36,36.68,17667
20090914,OXY,75.96,77.09,75.87,76.99,47121
20090914,PAYX,28.52,28.9,28.39,28.9,23741
20090914,PBCT,15.82,15.92,15.59,15.89,28666
20090914,PBG,36.26,36.55,36.26,36.52,16385
20090914,PBI,23.13,23.61,23.03,23.46,21577
20090914,PCAR,38.42,39.54,38.18,39.37,28824
20090914,PCG,39.92,40.56,39.92,40.33,24144
20090914,PCL,29.9,30.99,29.75,30.97,17011
20090914,PCP,97.1,97.16,95.46,95.96,12886
20090914,PCS,9.5,9.55,9.15,9.38,72741
20090914,PDCO,27.58,27.73,27.38,27.61,6524
20090914,PEG,30.81,31.53,30.71,31.52,26045
20090914,PEP,58.49,58.89,58.21,58.7,59492
20090914,PFE,16.21,16.44,16.1,16.36,342793
20090914,PFG,27.36,28.03,27.07,28,31701
20090914,PG,55.23,55.49,55.05,55.3,111408
20090914,PGN,38.65,39.27,38.65,39.25,21440
20090914,PGR,16.75,17.21,16.66,17.15,39058
20090914,PH,49.66,52.78,49.66,52.64,29560
20090914,PHM,12.14,12.23,11.98,12.11,56378
20090914,PKI,19.19,19.43,19.17,19.31,8935
20090914,PLD,11.49,12.1,11.33,12.09,123000
20090914,PLL,32.33,32.6,31.87,32.6,7886
20090914,PM,47.01,47.99,46.81,47.66,70441
20090914,PNC,41.68,42.75,41.43,42.7,36368
20090914,PNW,32.34,32.83,32.33,32.78,4367
20090914,POM,13.89,14.11,13.85,14.1,14755
20090914,PPG,56.94,57.95,56.52,57.91,10664
20090914,PPL,29.04,29.42,28.9,29.4,12561
20090914,PRU,47.92,51.13,47.7,50.89,63588
20090914,PSA,69.44,72.9,69.26,72.88,20291
20090914,PTV,25.28,25.72,25.13,25.72,9507
20090914,PWR,24.86,24.98,24.52,24.85,13438
20090914,PX,76.44,77.92,76.11,77.85,9576
20090914,PXD,32.83,34.16,32.66,34.15,20760
20090914,Q,3.7,3.74,3.58,3.6,381637
20090914,QCOM,46.16,46.48,45.8,46.23,119864
20090914,QLGC,17.1,17.5,17.04,17.46,33377
20090914,R,41.95,42.9,41.7,42.82,7310
20090914,RAI,45.67,46,45.55,45.86,13731
20090914,RDC,22.19,22.93,22.07,22.83,32498
20090914,RF,5.42,5.52,5.33,5.52,229163
20090914,RHI,26.61,26.92,26.23,26.87,17159
20090914,RHT,25.1,25.39,25.06,25.35,15058
20090914,RL,68.8,69.94,68.26,69.48,6780
20090914,ROK,43.18,43.83,42.89,43.72,11994
20090914,RRC,49.74,50.79,49.37,50.36,20080
20090914,RRD,19.09,19.83,18.88,19.79,24054
20090914,RSG,26.13,26.75,26.13,26.69,17793
20090914,RSH,16.37,16.67,16.24,16.63,37197
20090914,RTN,46.43,46.5,46.05,46.13,28931
20090914,RX,14.91,14.91,14.68,14.85,18035
20090914,S,4.25,4.6453,4.09,4.15,2444312
20090914,SBUX,19.66,20.19,19.58,20.08,92154
20090914,SCG,33.84,34.08,33.7,34.07,8986
20090914,SCHW,17.83,18.39,17.74,18.37,77349
20090914,SE,19.18,19.26,18.89,19.18,31569
20090914,SEE,19.51,20.23,19.38,20.16,17063
20090914,SGP,28.46,28.73,28.31,28.68,163595
20090914,SHLD,63.71,64.69,63,64.68,5302
20090914,SHW,58.8,60.11,58.64,59.92,11936
20090914,SIAL,50.55,51.61,50.31,51.61,6506
20090914,SII,26.74,27.45,26.51,27.42,38236
20090914,SJM,53.62,53.62,53.14,53.34,6518
20090914,SLB,59.02,60.27,58.5,59.81,91520
20090914,SLE,9.73,10.09,9.73,10.08,91350
20090914,SLM,9.12,9.15,8.72,8.77,89301
20090914,SNA,35.81,36.35,35.5665,36.26,4380
20090914,SNDK,19.52,20.43,19.38,20.38,95524
20090914,SNI,35.36,35.87,35.25,35.85,8008
20090914,SO,30.98,31.53,30.98,31.52,34336
20090914,SPG,66.84,69.26,66.06,69.12,30246
20090914,SPLS,22.18,23.11,22.11,22.97,96454
20090914,SRCL,48.46,49.41,48.24,49.19,7385
20090914,SRE,48.86,49.55,48.44,49.36,16082
20090914,STI,21.63,22.18,21.32,22.13,68593
20090914,STJ,39.03,39.09,38.59,39.04,25634
20090914,STR,34.01,35.42,33.76,35.25,11587
20090914,STT,52.25,53.56,52.05,53.3,48997
20090914,STZ,14.93,15.21,14.7,15.16,17466
20090914,SUN,27.18,27.75,26.8,27.75,17145
20090914,SVU,16.02,16.43,15.95,16.32,30919
20090914,SWK,40.5,41.04,40.2208,41,2697
20090914,SWN,41.02,42.15,40.69,42.05,39522
20090914,SWY,19.9,20.29,19.9,20.2,36075
20090914,SYK,46.14,46.82,45.6,46.82,28395
20090914,SYMC,15.95,16,15.62,15.83,116546
20090914,SYY,25.82,26,25.82,25.9,28717
20090914,T,26.46,26.65,26.37,26.53,266068
20090914,TAP,49.17,49.88,49.04,49.7,18269
20090914,TDC,26,26.33,25.84,26.2,10843
20090914,TE,13.18,13.51,13.15,13.51,17724
20090914,TEG,34.45,34.99,34.45,34.99,4297
20090914,TER,8.34,8.41,8.14,8.27,53948
20090914,TGT,47.69,48.04,47.32,47.42,66835
20090914,THC,5.83,6.07,5.71,5.75,390102
20090914,TIE,9.7,9.99,9.62,9.95,24213
20090914,TIF,37.09,38.18,36.69,38.18,25917
20090914,TJX,36.47,37,36.26,36.97,24854
20090914,TLAB,6.87,6.99,6.75,6.98,62797
20090914,TMK,41.78,43.97,41.67,43.83,6579
20090914,TMO,47.05,47.74,47,47.59,28982
20090914,TROW,43.48,44.95,42.89,44.76,28114
20090914,TRV,48.12,49.17,47.96,48.99,39382
20090914,TSN,12.43,12.87,12.18,12.45,34688
20090914,TSO,14.76,15.1,14.63,15.04,28757
20090914,TSS,15.33,15.59,15.32,15.59,7561
20090914,TWC,40.56,41.31,40.13,41.17,20702
20090914,TWX,29.02,29.36,28.93,29.15,58457
20090914,TXN,24.24,24.87,24.24,24.76,137482
20090914,TXT,18.84,19.33,18.65,19.27,80881
20090914,UNH,28.85,29.17,28.43,28.76,73561
20090914,UNM,21.6,21.93,21.15,21.92,35867
20090914,UNP,62.02,62.97,61.49,62.78,22975
20090914,UPS,58.54,59.27,58.23,59.19,46981
20090914,USB,21.64,21.98,21.43,21.98,112129
20090914,UTX,61.51,61.76,61.14,61.56,48382
20090914,VAR,43.7,44.3099,43.36,44.12,9755
20090914,VFC,70.77,72.36,70.42,72.3,6249
20090914,VIA,27.31,28.29,27.31,28.13,606
20090914,VLO,18.77,19.15,18.71,19.07,75506
20090914,VMC,54.85,55,54.03,54.78,10350
20090914,VNO,59.43,62.54,59.04,62.36,24354
20090914,VRSN,22.53,22.63,22.16,22.45,37622
20090914,VTR,37.33,38.17,36.86,38.08,26052
20090914,VZ,31,31.18,30.9,31.07,123003
20090914,WAG,34.03,34.34,33.96,34.24,35198
20090914,WAT,54.66,54.95,54.0906,54.4,7413
20090914,WDC,34.9,35.34,34.592,35.22,34298
20090914,WEC,44.34,45.17,44.34,45.07,6264
20090914,WFC,27.17,27.99,27.1,27.92,320561
20090914,WFMI,28.3,29.06,28.03,28.85,20951
20090914,WFR,17.03,17.35,16.95,17.3,34997
20090914,WHR,65.56,67.05,64.63,66.99,14048
20090914,WIN,9,9.04,8.94,9.01,41991
20090914,WLP,54.01,55,53.5703,54.12,36558
20090914,WM,29.58,30.67,29.58,30.66,34312
20090914,WMB,18.02,18.47,17.92,18.3,95009
20090914,WMT,50.37,50.53,50.2,50.38,165473
20090914,WPI,36.38,36.47,36.21,36.23,4856
20090914,WPO,454.5,462.05,450.22,460.77,412
20090914,WU,18.78,19.06,18.66,19.06,42000
20090914,WY,36.99,39.66,36.9,39.59,41352
20090914,WYE,47.69,48,47.66,47.93,99312
20090914,WYN,15.37,15.98,15.24,15.94,23416
20090914,WYNN,63.96,69.41,63.94,69.11,54375
20090914,X,44.81,46.8,44.61,46.72,102548
20090914,XEL,19.45,19.67,19.43,19.64,18807
20090914,XL,16.72,16.98,16.54,16.94,56831
20090914,XLNX,23.16,23.4,23.08,23.34,31855
20090914,XOM,69.11,70.29,69.04,70,174835
20090914,XRAY,34.1,34.44,34.005,34.36,7753
20090914,XRX,9.08,9.17,9,9.16,48545
20090914,XTO,40.11,40.7,39.73,40.6,63435
20090914,YHOO,15.44,15.58,15.28,15.57,194511
20090914,YUM,33.12,33.6,33.12,33.46,52276
20090914,ZION,15.8,16.36,15.68,16.36,45415
20090914,ZMH,50.58,50.65,49.83,50.62,12964
