20091224,A,30.27,30.39,30.2,30.33,7567
20091224,AA,16.02,16.37,16.01,16.34,143272
20091224,AAPL,203.43,209.35,203.35,209.04,178888
20091224,ABC,26.39,26.4552,26.32,26.34,4819
20091224,ABT,54.07,54.42,54.04,54.15,15193
20091224,ACS,59.96,60.83,59.79,60.54,1274
20091224,ADBE,36.95,37.17,36.81,37.17,13499
20091224,ADI,31.4,31.73,31.36,31.69,8624
20091224,ADM,31.43,31.685,31.27,31.57,10252
20091224,ADP,42.89,43.1,42.55,43.01,6145
20091224,ADSK,25.19,25.9,25.12,25.88,9282
20091224,AEE,28.19,28.54,28.19,28.53,3107
20091224,AEP,34.67,35.18,34.67,35.12,9638
20091224,AES,13.88,13.98,13.8,13.89,15239
20091224,AET,34.11,34.2,33.36,33.78,21711
20091224,AFL,46.77,47,46.38,46.79,6322
20091224,AGN,62.83,62.97,62.42,62.64,6154
20091224,AIG,29.69,30.73,29.01,30.12,53272
20091224,AIV,16.37,16.68,16.35,16.66,5264
20091224,AIZ,29.54,29.71,29.45,29.6,3224
20091224,AKAM,25.57,25.86,25.455,25.74,10436
20091224,AKS,22.15,22.51,22.08,22.35,23242
20091224,ALL,30.17,30.43,30.13,30.23,11149
20091224,ALTR,22.88,23.18,22.82,23.14,12363
20091224,AMAT,13.99,14.01,13.93,14,56635
20091224,AMD,9.79,9.95,9.775,9.91,113319
20091224,AMGN,57.26,57.45,56.9,57.42,12836
20091224,AMP,39.34,39.57,39.19,39.52,4143
20091224,AMT,43.18,43.55,43.07,43.42,7956
20091224,AMZN,139.19,139.7,137.54,138.47,51287
20091224,AN,19.7,19.89,19.58,19.88,8231
20091224,ANF,35.45,35.48,35.02,35.1,3650
20091224,AON,38.93,39.1,38.73,39.06,3891
20091224,APA,104.75,105.46,104.53,104.89,4774
20091224,APC,64.58,64.97,64.05,64.17,8459
20091224,APD,81.58,82.16,81.3,81.82,2348
20091224,APH,46.28,46.66,46.28,46.61,2738
20091224,APOL,58.47,59.74,58.11,59.27,7263
20091224,ARG,47.75,47.98,47.564,47.78,1017
20091224,ATI,44.61,45.94,44.52,45.73,9868
20091224,AVB,85.78,86.63,85.46,86.59,4810
20091224,AVP,31.93,32.41,31.92,32.3,5900
20091224,AVY,37.22,37.35,37.15,37.22,3211
20091224,AXP,41.35,41.7,41.28,41.68,20699
20091224,AYE,24.04,24.29,24.03,24.11,4207
20091224,AZO,160.01,160.28,159.62,159.91,1434
20091224,BA,55.26,55.56,55.11,55.48,10039
20091224,BAC,15.23,15.28,15.2,15.25,366117
20091224,BAX,58.97,58.97,58.64,58.81,6911
20091224,BBBY,39.54,39.62,39.18,39.47,9278
20091224,BBT,25.58,25.92,25.58,25.87,14528
20091224,BBY,40.89,41.12,40.63,40.7,20790
20091224,BCR,79.11,79.11,78.8,79.08,1925
20091224,BDK,66.54,66.929,66.33,66.71,2324
20091224,BDX,79.35,79.35,78.76,79.21,3992
20091224,BEN,105.55,105.83,104.25,105.43,4326
20091224,BF.B,53.15,53.48,53.03,53.42,780
20091224,BHI,40.94,41.27,40.94,41.02,11716
20091224,BIG,29.23,29.43,29.025,29.32,2645
20091224,BIIB,52.24,52.5,51.91,52.24,6308
20091224,BJS,18.91,19,18.87,18.92,5123
20091224,BK,27.49,27.76,27.49,27.76,15717
20091224,BLL,51.72,52.3,51.72,52.02,1352
20091224,BMC,39.8,40.72,39.49,40.6,12985
20091224,BMS,30.08,30.29,30.01,30.29,1713
20091224,BMY,25.78,25.87,25.4,25.76,152303
20091224,BNI,98.3,98.46,98.23,98.4,8554
20091224,BRCM,31.59,32.29,31.52,32.19,21427
20091224,BSX,8.8,8.9,8.8,8.85,18982
20091224,BTU,47.78,48,47.39,47.81,12596
20091224,BXP,70.34,70.98,70.09,70.8,5352
20091224,C,3.32,3.35,3.28,3.35,1454979
20091224,CA,22.85,23.24,22.74,23.21,19144
20091224,CAG,23.24,23.42,23.18,23.25,12923
20091224,CAH,32.76,32.82,32.57,32.6,8186
20091224,CAM,42.27,42.28,41.92,42.04,6043
20091224,CAT,58.35,58.63,58.19,58.33,15077
20091224,CB,48.75,49.21,48.7,49.11,5005
20091224,CBG,13.89,14,13.77,13.9,8051
20091224,CBS,13.98,14.07,13.86,13.88,12760
20091224,CCE,21.34,21.48,21.2,21.41,6565
20091224,CCL,32.52,32.7,32.41,32.48,6720
20091224,CEG,35.89,36.31,35.89,36.31,4101
20091224,CELG,56.61,56.95,56.09,56.38,7878
20091224,CEPH,59.95,59.97,59.39,59.88,5104
20091224,CF,89.19,90.15,88.99,89.2,3520
20091224,CFN,26.28,26.68,26.14,26.35,4381
20091224,CHK,27.57,28.08,27.53,27.83,90637
20091224,CHRW,58.77,58.94,58.19,58.8,2417
20091224,CI,36.58,36.65,35.54,36.33,16978
20091224,CINF,25.98,26.2,25.9,26.19,2745
20091224,CL,83.37,83.66,82.9,83.15,9464
20091224,CLF,47.33,48,46.94,47.41,10784
20091224,CLX,61.96,62.06,61.64,61.89,2506
20091224,CMA,29.62,30.16,29.61,30.16,4625
20091224,CMCSA,17.05,17.2,16.96,17.17,31368
20091224,CME,328.5,331.17,327.76,331.17,1265
20091224,CMI,47.26,47.71,47.12,47.53,3571
20091224,CMS,15.65,15.93,15.65,15.89,13848
20091224,CNP,14.72,14.7903,14.69,14.77,12474
20091224,CNX,52.92,53.28,52.264,52.66,12265
20091224,COF,38.25,39.19,38.12,38.89,16157
20091224,COG,45.62,45.83,45.29,45.73,2429
20091224,COH,37.1,37.29,36.87,37.15,4989
20091224,COL,55.67,55.85,55.46,55.73,3966
20091224,COP,50.49,50.95,50.41,50.87,22345
20091224,COST,60.28,60.6,60.09,60.4,16813
20091224,CPB,34.22,34.52,34.12,34.51,10436
20091224,CPWR,7.42,7.48,7.38,7.46,3346
20091224,CRM,72.93,72.93,72.17,72.66,7682
20091224,CSC,57.67,57.97,57.49,57.94,1531
20091224,CSCO,23.8,23.99,23.79,23.96,99005
20091224,CSX,49.99,50.8,49.95,50.4,9348
20091224,CTAS,26.35,26.52,26.2,26.37,11087
20091224,CTL,36.05,36.38,36.05,36.13,5304
20091224,CTSH,46.38,46.4,46.02,46.23,6847
20091224,CTXS,41.97,42.185,41.71,42.15,6394
20091224,CVH,25.28,25.4,25.02,25.24,4664
20091224,CVS,32.06,32.24,32.05,32.14,21848
20091224,CVX,77.02,77.5,77.02,77.43,25654
20091224,D,39.1,39.49,39.09,39.37,6895
20091224,DD,33,33.54,33,33.42,22524
20091224,DE,56.21,56.7,56.14,56.33,8692
20091224,DELL,14.32,14.8,14.27,14.79,128746
20091224,DF,18.37,18.48,18.24,18.27,6472
20091224,DFS,14.72,14.97,14.69,14.93,13420
20091224,DGX,61.35,61.59,61.2585,61.58,1920
20091224,DHI,11.09,11.14,11.05,11.12,15890
20091224,DHR,76.22,76.42,75.34,76.1,3498
20091224,DIS,32.02,32.34,31.94,32.29,35573
20091224,DNB,83.22,83.68,83.22,83.68,490
20091224,DNR,15.24,15.46,15.19,15.3,6259
20091224,DO,101,101.51,100.45,100.89,3226
20091224,DOV,42,42.7,42,42.55,3777
20091224,DOW,27.85,28.45,27.81,28.01,29675
20091224,DPS,29.13,29.29,28.93,29.1,2494
20091224,DRI,35.86,35.9601,35.54,35.93,6156
20091224,DTE,43.95,44.6,43.95,44.57,3873
20091224,DTV,33.66,34,33.65,33.97,30457
20091224,DUK,17.24,17.34,17.22,17.27,22290
20091224,DV,56.96,57.09,56.68,57.02,1945
20091224,DVA,60.13,60.13,59.585,59.7,1241
20091224,DVN,72.44,73.47,72.11,73.02,11627
20091224,EBAY,24.09,24.11,23.82,23.89,35414
20091224,ECL,45.06,45.22,44.93,45.22,4261
20091224,ED,45.56,45.86,45.54,45.86,4999
20091224,EFX,31.29,31.43,31.22,31.39,1587
20091224,EIX,35.41,35.67,35.33,35.67,4764
20091224,EK,4.35,4.35,4.24,4.26,12566
20091224,EL,48.43,49,48.43,48.79,1912
20091224,EMC,17.58,17.88,17.56,17.85,76883
20091224,EMN,61.13,61.38,60.47,60.91,2390
20091224,EMR,43.1,43.62,43.045,43.36,16500
20091224,EOG,99.98,101.45,99.52,100.58,10195
20091224,EP,10.11,10.21,10.11,10.2,17736
20091224,EQR,35.13,35.5,34.94,35.29,17554
20091224,EQT,44.45,45,44.4,45,2601
20091224,ERTS,17.73,17.98,17.7,17.98,21634
20091224,ESRX,87.65,87.66,87,87.17,4331
20091224,ETFC,1.8,1.83,1.79,1.81,126378
20091224,ETN,64.2,64.57,63.82,64.49,1830
20091224,ETR,82.98,83.58,82.98,83.45,2598
20091224,EXC,49.37,49.8,49.37,49.52,7425
20091224,EXPD,35.41,35.61,35.26,35.38,2901
20091224,EXPE,27.16,27.25,26.9,27,4191
20091224,F,10.17,10.2,10.06,10.13,248956
20091224,FAST,41.59,41.8,39.76,41.71,2642
20091224,FCX,81.97,82.19,81.4,81.81,37672
20091224,FDO,28.07,28.14,27.96,28.02,7475
20091224,FDX,84,84.39,82.35,82.57,14580
20091224,FE,47.34,47.54,47.3,47.46,3293
20091224,FHN,13.61,13.7,13.56,13.69,4640
20091224,FII,27.99,28.31,27.81,28.02,2815
20091224,FIS,23.79,24,23.75,23.98,4714
20091224,FISV,48.55,48.9,48.5,48.83,4132
20091224,FITB,10.02,10.23,9.94,10.23,54594
20091224,FLIR,32.03,32.25,31.92,32.24,2630
20091224,FLR,45,45.64,45,45.4,10721
20091224,FLS,97.02,97.24,96.65,97.12,1168
20091224,FMC,56.9,57.1033,56.58,56.93,902
20091224,FO,42.5,42.87,42.5,42.8,2730
20091224,FPL,53,53.35,52.87,52.91,8980
20091224,FRX,32.24,32.26,32.08,32.25,3473
20091224,FSLR,132.58,134.32,132.19,133.8,5836
20091224,FTI,58.66,59.3,58.66,58.77,1922
20091224,FTR,7.77,7.82,7.75,7.79,8112
20091224,GAS,42.88,43.19,42.84,43.09,1266
20091224,GCI,15.43,15.75,15.43,15.63,23133
20091224,GD,68.15,68.47,68.03,68.34,4468
20091224,GE,15.38,15.48,15.36,15.44,185801
20091224,GENZ,48.17,48.5,48.05,48.5,5720
20091224,GILD,42.95,43.0799,42.75,43,20140
20091224,GIS,70.71,71,70.66,70.95,6390
20091224,GLW,19.31,19.42,19.24,19.29,28627
20091224,GME,22,22.12,21.97,22.01,7613
20091224,GNW,11.78,11.94,11.78,11.9,17107
20091224,GOOG,612.95,619.52,612.2705,618.48,8586
20091224,GPC,38.6,38.77,38.36,38.64,2360
20091224,GPS,20.9,21,20.58,20.71,31435
20091224,GR,65.5,65.5,65.01,65.25,1704
20091224,GS,164,164.9,163.31,163.97,18580
20091224,GT,14.35,14.6,14.25,14.58,8718
20091224,GWW,98.07,98.49,98.04,98.31,771
20091224,HAL,30.5,30.64,30.19,30.27,33859
20091224,HAR,36.1,36.23,35.86,36,2333
20091224,HAS,32.1,32.19,31.89,32.17,3452
20091224,HBAN,3.7,3.72,3.69,3.72,21838
20091224,HCBK,13.74,13.79,13.68,13.78,12253
20091224,HCN,45.83,46.28,45.68,46.19,4654
20091224,HCP,31.58,31.89,31.45,31.82,8529
20091224,HD,29.18,29.24,28.99,29.17,37900
20091224,HES,59.35,60.69,59.19,60.37,17779
20091224,HIG,23.46,23.71,23.39,23.68,18453
20091224,HNZ,42.84,43.07,42.69,43.01,4021
20091224,HOG,25.74,26.01,25.68,25.9,6993
20091224,HON,40.04,40.04,39.81,39.88,9473
20091224,HOT,37,37.2,36.57,36.91,5469
20091224,HPQ,52.26,52.94,52.16,52.87,41617
20091224,HRB,20.76,21.72,20.67,21.59,20637
20091224,HRL,38.16,38.91,38.1,38.77,2727
20091224,HRS,47.11,47.5,47.11,47.3,1672
20091224,HSP,50.17,50.25,50.05,50.19,1969
20091224,HST,11.94,12.03,11.8,12.02,22646
20091224,HSY,36.32,36.5,36.2,36.48,1906
20091224,HUM,45.86,45.87,45.16,45.44,12196
20091224,IBM,129.89,130.57,129.48,130.57,42650
20091224,ICE,108.88,109.72,108.56,109.69,987
20091224,IFF,41.28,41.54,41.18,41.38,565
20091224,IGT,19.18,19.28,19,19.07,5226
20091224,INTC,20.19,20.35,20.18,20.33,121891
20091224,INTU,30.59,30.99,30.59,30.94,7277
20091224,IP,27.69,27.75,27.32,27.45,8359
20091224,IPG,7.28,7.41,7.21,7.4,17566
20091224,IRM,23.49,23.49,23.34,23.41,2059
20091224,ISRG,301.37,305.91,300.348,305.87,1530
20091224,ITT,50.12,50.79,50.12,50.7,3242
20091224,ITW,47.74,48.09,47.61,47.96,6130
20091224,IVZ,23.11,23.33,23.04,23.26,8489
20091224,JAVA,9.36,9.3605,9.34,9.35,23676
20091224,JBL,17.24,17.5,17.15,17.42,14158
20091224,JCI,27.78,28.1098,27.78,27.89,6349
20091224,JCP,27.28,27.49,26.96,27.02,12939
20091224,JDSU,8.295,8.56,8.29,8.51,20675
20091224,JEC,38.49,38.99,38.48,38.68,5965
20091224,JNJ,64.69,64.84,64.52,64.7,24338
20091224,JNPR,26.18,26.54,26.18,26.43,10333
20091224,JNS,13.34,13.54,13.3,13.5,3608
20091224,JPM,41.68,41.89,41.51,41.89,79564
20091224,JWN,37.55,37.81,37.22,37.37,7011
20091224,K,53.47,54.01,53.35,54,10351
20091224,KEY,5.63,5.76,5.63,5.76,30626
20091224,KFT,27.36,27.56,27.36,27.56,22250
20091224,KG,12.27,12.27,12.1,12.14,6881
20091224,KIM,13.79,13.99,13.62,13.97,20515
20091224,KLAC,36.85,37.42,36.68,37.4,7459
20091224,KMB,64.4,64.54,63.75,64.01,6561
20091224,KO,57.49,57.51,57.05,57.44,29070
20091224,KR,20.74,20.79,20.57,20.65,18868
20091224,KSS,55.26,55.33,54.54,54.65,7556
20091224,L,36.32,36.68,36.32,36.6,5897
20091224,LEG,20.43,20.49,20.33,20.45,1793
20091224,LEN,13.26,13.38,13.22,13.36,5173
20091224,LH,76.57,76.74,76.03,76.09,2267
20091224,LIFE,51.93,52.18,51.67,52.17,2244
20091224,LLL,85.35,85.88,85.35,85.63,1334
20091224,LLTC,30.32,30.77,30.28,30.77,9152
20091224,LLY,36,36.1,35.8,36.08,14104
20091224,LM,29.94,30.47,29.9308,30.39,4522
20091224,LMT,75.61,75.7,74.95,75.11,8287
20091224,LNC,25.49,25.62,25.01,25.23,10552
20091224,LO,78.84,79.16,78.64,78.91,4526
20091224,LOW,23.52,23.68,23.47,23.65,33385
20091224,LSI,5.97,6.14,5.97,6.03,26447
20091224,LTD,19.42,19.62,19.39,19.53,6306
20091224,LUK,24.09,24.58,24.09,24.51,2382
20091224,LUV,11.62,11.71,11.42,11.55,23245
20091224,LXK,26.16,26.34,26.09,26.3,1768
20091224,M,17.73,17.88,17.54,17.57,23123
20091224,MA,254.58,256.9,254.5,255.42,2751
20091224,MAR,28.1,28.14,27.55,27.93,7075
20091224,MAS,14.2,14.36,14.15,14.36,6984
20091224,MAT,20.03,20.22,19.98,20.06,18430
20091224,MCD,63.34,63.71,63.25,63.42,25772
20091224,MCHP,29.15,29.31,29.1,29.25,6090
20091224,MCK,63.15,63.23,62.55,62.82,5901
20091224,MCO,27.47,27.81,27.27,27.67,9735
20091224,MDP,31.09,31.16,30.73,31,1529
20091224,MDT,44.4,44.4,43.76,44.12,16155
20091224,MEE,44.25,44.25,43.4,43.76,9547
20091224,MET,35.48,35.67,35.14,35.39,17389
20091224,MFE,40.7,41,40.58,40.98,4658
20091224,MHP,34.25,34.41,33.98,34.32,4436
20091224,MHS,64.38,64.38,63.94,64.05,6779
20091224,MI,5.61,5.62,5.5,5.55,20444
20091224,MIL,72.5,72.63,72.16,72.5,478
20091224,MJN,43.38,43.4,42.72,43.11,15455
20091224,MKC,36.07,36.34,36.03,36.33,993
20091224,MMC,22.07,22.29,22.01,22.14,6737
20091224,MMM,82.31,83,82.31,82.55,9311
20091224,MO,20.34,20.47,20.25,20.37,85443
20091224,MOLX,21.56,21.67,21.48,21.64,4900
20091224,MON,82.26,82.78,82.0901,82.38,7539
20091224,MOT,7.99,8.1,7.95,7.98,152877
20091224,MRK,37.11,37.14,36.76,36.99,62851
20091224,MRO,31.6,31.74,31.5,31.65,11214
20091224,MS,29.5,29.63,29.45,29.6,26527
20091224,MSFT,30.82,31,30.76,31,110838
20091224,MTB,66.31,67,66.04,66.82,3520
20091224,MU,10.07,10.29,10.01,10.16,170881
20091224,MUR,55.52,55.99,55.39,55.99,4291
20091224,MWV,28.82,29,28.68,28.72,3089
20091224,MWW,17.55,17.69,17.38,17.42,2313
20091224,MYL,18.75,18.8,18.68,18.74,14338
20091224,NBL,73.07,73.14,72.4,72.83,3686
20091224,NBR,22.94,23.2,22.7804,22.96,6669
20091224,NDAQ,20.2,20.46,20.16,20.46,6542
20091224,NEM,48.41,48.71,47.87,47.98,20993
20091224,NI,15.74,15.79,15.58,15.64,7733
20091224,NKE,65.44,65.56,65,65.25,5755
20091224,NOC,55.93,56.29,55.93,56.04,2330
20091224,NOV,44.73,45.25,44.7,44.97,9035
20091224,NOVL,4.15,4.2,4.13,4.17,10902
20091224,NSC,53.76,54.55,53.76,54.24,5943
20091224,NSM,15.14,15.32,15.14,15.32,9341
20091224,NTAP,33.85,34.18,33.69,34.16,14368
20091224,NTRS,51.85,52.33,51.77,52.2,5851
20091224,NU,26.02,26.23,26.02,26.23,2086
20091224,NUE,46.63,47.25,46.51,47.1,20378
20091224,NVDA,18.1,18.21,18.02,18.09,34203
20091224,NVLS,23.58,23.6125,23.49,23.6,10032
20091224,NWL,15.28,15.37,15.24,15.32,3643
20091224,NWSA,13.57,13.7,13.46,13.65,30987
20091224,NYT,12.09,12.46,12.09,12.16,10373
20091224,NYX,25.84,25.99,25.6801,25.99,6007
20091224,ODP,7.1,7.18,7.05,7.05,10369
20091224,OI,33.61,34.07,33.58,33.95,6840
20091224,OMC,39.4,39.7,39.31,39.68,7450
20091224,ORCL,24.68,24.96,24.67,24.95,77827
20091224,ORLY,38.3,38.6799,38.2,38.54,3235
20091224,OXY,82.16,82.77,82.05,82.47,8694
20091224,PAYX,31,31.03,30.92,31.03,8523
20091224,PBCT,16.84,16.93,16.78,16.93,12737
20091224,PBG,37.53,37.6,37.42,37.56,1626
20091224,PBI,23.02,23.03,22.89,22.97,4123
20091224,PCAR,36.66,36.9,36.52,36.76,4380
20091224,PCG,44.92,45.67,44.84,45.51,9478
20091224,PCL,37.29,37.54,37.11,37.52,4402
20091224,PCLN,229.39,231.23,227.58,228,3128
20091224,PCP,113.65,114.92,113.65,113.99,2876
20091224,PCS,7.57,7.6,7.51,7.54,11122
20091224,PDCO,27.78,27.97,27.69,27.76,1533
20091224,PEG,33.31,33.69,33.3,33.62,8146
20091224,PEP,60.66,60.96,60.4,60.96,15028
20091224,PFE,18.67,18.69,18.51,18.6,129352
20091224,PFG,25.54,25.834,25.41,25.46,6575
20091224,PG,61.25,61.48,61.05,61.28,33569
20091224,PGN,41.2,41.44,41.15,41.36,6297
20091224,PGR,17.79,18.06,17.79,18.03,13272
20091224,PH,55.09,55.17,54.87,54.96,1508
20091224,PHM,10.15,10.19,10.04,10.15,18685
20091224,PKI,20.5,20.63,20.5,20.58,2548
20091224,PLD,14.55,14.83,14.42,14.7,26576
20091224,PLL,36.42,37.25,36.33,37.12,6214
20091224,PM,48.76,49.08,48.76,48.9,25143
20091224,PNC,53.76,54.36,53.55,54.36,13554
20091224,PNW,37.12,37.3,37.01,37.11,2667
20091224,POM,17.06,17.3,17.06,17.27,5622
20091224,PPG,59.35,59.74,59.25,59.57,1657
20091224,PPL,32.35,32.83,32.35,32.82,4571
20091224,PRU,52.57,52.62,51.6,51.71,9475
20091224,PSA,83.48,84.16,83.18,84.13,4314
20091224,PTV,23.82,23.97,23.8,23.9,2644
20091224,PWR,21.62,21.82,21.5179,21.6,6169
20091224,PX,79.79,80.09,79.7,79.83,7224
20091224,PXD,49.25,49.46,48.48,49.45,3656
20091224,Q,4.29,4.31,4.26,4.31,54226
20091224,QCOM,45.95,46.11,45.79,46.1,37600
20091224,QLGC,18.81,18.99,18.68,18.96,3196
20091224,R,43.5,43.86,43.37,43.46,564
20091224,RAI,53.57,53.73,53.4,53.63,2224
20091224,RDC,23.34,23.53,23.26,23.45,11805
20091224,RF,5.39,5.46,5.36,5.43,33051
20091224,RHI,27.19,27.33,27,27.1,1776
20091224,RHT,31.45,31.49,31.16,31.36,7479
20091224,RL,81.87,82.56,81.64,82.41,2649
20091224,ROK,47.57,48.18,47.44,48.15,3277
20091224,ROP,53.27,53.57,53.04,53.21,3773
20091224,ROST,42.89,43.15,42.4,42.51,5708
20091224,RRC,52.69,53.05,52.4905,53,5365
20091224,RRD,22.56,22.66,22.38,22.42,2008
20091224,RSG,28.47,28.73,28.45,28.5,2791
20091224,RSH,20.28,20.41,20.08,20.25,7906
20091224,RTN,52.15,52.47,52.15,52.25,10920
20091224,RX,21.04,21.08,21,21.08,9091
20091224,S,3.72,3.75,3.7,3.73,79129
20091224,SAI,19.16,19.16,18.97,19.03,11474
20091224,SBUX,23.69,23.76,23.5,23.66,20479
20091224,SCG,38,38.45,37.96,38.42,2448
20091224,SCHW,19.01,19.18,18.99,19.05,21750
20091224,SE,20.47,20.67,20.47,20.58,9047
20091224,SEE,21.91,22.24,21.9,22.2,2780
20091224,SHLD,81.37,84.36,81.29,83.86,13906
20091224,SHW,61.79,62.24,61.6225,62.02,1967
20091224,SIAL,51.07,51.36,50.8719,51.14,1707
20091224,SII,27.61,27.64,27.21,27.25,12107
20091224,SJM,61.01,61.74,61.01,61.74,1774
20091224,SLB,65.41,65.8,65.16,65.35,14923
20091224,SLE,12.43,12.47,12.35,12.45,8666
20091224,SLM,11.34,11.59,11.32,11.46,10633
20091224,SNA,43.5,43.83,43.38,43.57,1303
20091224,SNDK,28.38,30.14,28.27,30.13,100762
20091224,SNI,41.53,41.87,40.18,41.77,1440
20091224,SO,33.3,33.55,33.23,33.45,13268
20091224,SPG,81.55,82.93,81.365,82.74,11270
20091224,SPLS,24.93,25.03,24.87,24.94,16901
20091224,SRCL,55.7,55.95,55.53,55.72,1644
20091224,SRE,56.25,56.74,56.25,56.53,3673
20091224,STI,20.43,20.84,20.43,20.74,20084
20091224,STJ,37.02,37.18,36.655,36.86,10226
20091224,STR,42.49,42.83,42.43,42.8,2412
20091224,STT,44.65,45.16,44.371,44.99,15068
20091224,STZ,15.78,15.93,15.77,15.92,3494
20091224,SUN,25.63,25.86,25.29,25.83,6100
20091224,SVU,12.86,12.95,12.76,12.9,8650
20091224,SWK,53.25,53.28,52.81,53.13,4264
20091224,SWN,50.84,51.334,50.33,50.62,12820
20091224,SWY,21.3,21.59,21.27,21.59,16913
20091224,SYK,50.8,51.31,50.8,51.13,4738
20091224,SYMC,17.77,18.05,17.76,18.03,24427
20091224,SYY,28.48,28.72,28.44,28.53,9187
20091224,T,28.1,28.12,27.95,28.1,61083
20091224,TAP,44.57,44.75,44.47,44.65,3867
20091224,TDC,31.27,31.69,31.27,31.65,2661
20091224,TE,16.58,16.71,16.49,16.55,7123
20091224,TEG,42.09,42.5,42.08,42.47,882
20091224,TER,10.83,10.92,10.762,10.8,17272
20091224,TGT,48.82,49.22,48.52,48.65,15088
20091224,THC,5.78,5.8,5.46,5.62,58255
20091224,TIE,12.76,13,12.76,12.85,14053
20091224,TIF,43.84,43.98,43.52,43.8,3498
20091224,TJX,36.97,37.17,36.76,36.8,10113
20091224,TLAB,5.66,5.7,5.58,5.7,16314
20091224,TMK,44.14,44.19,43.67,44.09,1439
20091224,TMO,48.92,49.1995,48.66,48.79,4991
20091224,TROW,53.71,54.46,53.52,54.16,4956
20091224,TRV,49.16,50,49.16,49.94,12402
20091224,TSN,12.29,12.45,12.26,12.44,13405
20091224,TSO,13.35,13.48,13.3,13.39,12059
20091224,TSS,17.44,17.48,17.35,17.43,3800
20091224,TWC,41.51,42.04,41.4,41.84,4818
20091224,TWX,29.37,29.46,29.15,29.28,20894
20091224,TXN,25.36,25.85,25.32,25.83,39777
20091224,TXT,19.6,19.65,19.37,19.4,5227
20091224,UNH,31.89,31.9,31.25,31.68,49633
20091224,UNM,19.98,20.06,19.9,20.04,5016
20091224,UNP,66.04,66.39,65.76,66.23,6661
20091224,UPS,58.19,58.35,58.04,58.12,6847
20091224,USB,22.29,22.59,22.25,22.58,29466
20091224,UTX,69.69,70.5,69.68,70.36,12538
20091224,V,86.52,86.8,85.8,86.29,17280
20091224,VAR,46.71,46.92,46.51,46.89,2191
20091224,VFC,73.66,74.03,73.5125,73.76,1125
20091224,VIA,31.32,31.97,31.19,31.35,335
20091224,VLO,16.94,17.09,16.81,17.06,19694
20091224,VMC,53.26,53.67,52.94,53.53,3544
20091224,VNO,70.95,72.1,70.95,72.04,7873
20091224,VRSN,24.25,24.29,24.15,24.27,5466
20091224,VTR,43.89,44.17,43.67,44.14,4109
20091224,VZ,33.23,33.43,33.16,33.36,33922
20091224,WAG,37.44,37.51,37.3,37.48,17191
20091224,WAT,61.43,61.63,61.22,61.51,1694
20091224,WDC,44.12,44.74,44.08,44.64,9693
20091224,WEC,49.61,49.97,49.59,49.97,2873
20091224,WFC,26.96,27.14,26.87,27.09,104811
20091224,WFMI,28.42,28.64,28.34,28.41,3181
20091224,WFR,13.27,13.62,13.27,13.57,22458
20091224,WHR,82.73,83.2399,82.53,82.95,2291
20091224,WIN,11.39,11.49,11.36,11.48,20531
20091224,WLP,59.75,60.18,59.19,59.36,15768
20091224,WM,33.77,33.95,33.75,33.76,5396
20091224,WMB,21.21,21.4301,21.21,21.37,8227
20091224,WMT,53.42,53.74,53.37,53.6,44730
20091224,WPI,39.88,39.96,39.7115,39.91,2498
20091224,WPO,441.32,445.92,441.32,445.71,79
20091224,WU,19.51,19.51,19.19,19.25,15199
20091224,WY,44,44.23,43.86,44.15,2896
20091224,WYN,21.03,21.03,20.71,20.83,2927
20091224,WYNN,60.19,60.3,59.02,59.39,6286
20091224,X,55.26,57.02,55.14,56.86,61399
20091224,XEL,21.5,21.67,21.43,21.6,6623
20091224,XL,18.81,18.99,18.8,18.95,6217
20091224,XLNX,25.11,25.36,25.0902,25.36,9563
20091224,XOM,68.35,68.75,68.16,68.66,81491
20091224,XRAY,35.42,35.46,35.2,35.27,2033
20091224,XRX,8.59,8.71,8.54,8.65,24100
20091224,XTO,47.14,47.25,46.85,47.1,37742
20091224,YHOO,16.7,16.75,16.65,16.72,47365
20091224,YUM,35.45,35.57,35.32,35.38,10284
20091224,ZION,12.96,13.02,12.84,12.9,11454
20091224,ZMH,60.14,60.31,60.01,60.27,2344
