20091006,A,27.17,27.47,26.92,27.22,28873
20091006,AA,13.82,14.02,13.64,13.89,409203
20091006,AAPL,187.73,190.01,187.3,190.01,216101
20091006,ABC,22.03,22.23,21.76,22.15,27829
20091006,ABT,50.5,50.71,49.85,50.18,88380
20091006,ACS,52.49,52.58,51.71,51.89,30116
20091006,ADBE,32.78,33.75,32.63,33.51,71175
20091006,ADI,26.55,27.05,26.43,26.98,43479
20091006,ADM,28.89,29.5,28.84,29.47,54684
20091006,ADP,38.78,39.045,38.51,38.79,37106
20091006,ADSK,23.2,23.85,23.11,23.76,37170
20091006,AEE,24.85,25.18,24.7,25.18,19416
20091006,AEP,30.69,31,30.55,30.79,33969
20091006,AES,14.87,14.94,14.5,14.78,73835
20091006,AET,26.84,26.84,26.22,26.26,120039
20091006,AFL,42.38,43.72,42.21,43.02,39041
20091006,AGN,56.27,56.76,55.74,55.91,12995
20091006,AIG,44.03,46.5,43.06,44.83,450337
20091006,AIV,14.51,15.05,14.3,14.55,30726
20091006,AIZ,31.92,33.08,31.92,33.03,14544
20091006,AKAM,19.12,19.44,18.94,19.42,34085
20091006,AKS,19.41,19.69,18.48,18.66,101452
20091006,ALL,31.29,31.5,30.75,31.19,48655
20091006,ALTR,20.47,20.84,20.38,20.63,83490
20091006,AMAT,12.93,13.26,12.92,13.15,193661
20091006,AMD,5.67,5.78,5.53,5.64,219158
20091006,AMGN,58.37,59.37,58.17,58.86,53891
20091006,AMP,36.69,36.93,35.82,36.48,30943
20091006,AMT,36.5,37.365,36.46,37.25,54194
20091006,AMZN,89.33,91.08,88.4,90.91,69641
20091006,AN,17.8,18.25,17.71,17.95,23034
20091006,ANF,31.13,31.62,30.92,31.56,85187
20091006,AOC,40.94,41.18,40.5,41.01,21014
20091006,APA,93.85,97.36,93.73,96.5,68538
20091006,APC,64,65.57,63.68,65.38,86795
20091006,APD,77.07,77.96,76.52,77.69,13820
20091006,APH,36.27,37.39,36.25,37,11627
20091006,APOL,71.13,72.6,70.71,71.36,20557
20091006,ATI,35.02,35.85,34.8,35.24,18418
20091006,AVB,70.89,72.4,69.24,70.41,12044
20091006,AVP,32.81,33.6,32.81,33.33,50944
20091006,AVY,34.92,35.54,34.89,35.34,13757
20091006,AXP,33.54,33.75,32.88,33.52,125237
20091006,AYE,25.9,26.25,25.74,26.12,20282
20091006,AZO,146.24,147.66,145.33,147.08,9279
20091006,BA,51.54,52.57,51.15,52.29,62444
20091006,BAC,17.21,17.37,16.71,17,1959275
20091006,BAX,57.19,57.6,56.46,57.27,32863
20091006,BBBY,37.07,38,37.06,37.6,25985
20091006,BBT,27.12,27.41,26.28,26.63,100826
20091006,BBY,37.48,38.15,37.38,37.87,54344
20091006,BCR,77.2,77.83,76.29,77.27,6275
20091006,BDK,45.32,45.46,44.39,44.69,6144
20091006,BDX,67.63,67.91,67.2,67.56,21102
20091006,BEN,101.66,103.45,101.4,102.78,12544
20091006,BF.B,48.19,49.05,47.6,48.77,2826
20091006,BHI,42.64,43.5,42.46,42.68,60926
20091006,BIG,25.64,26.47,25.41,26.42,18024
20091006,BIIB,48.66,49.46,48.35,49.02,19700
20091006,BJS,19.38,19.72,19.32,19.39,64461
20091006,BK,27.92,28.27,27.78,28.17,107286
20091006,BLL,50.54,50.76,49.69,49.84,9347
20091006,BMC,36.81,37.27,36.73,37.19,25669
20091006,BMS,25.97,26.1,25.59,25.74,6731
20091006,BMY,22.35,22.52,22.275,22.46,92097
20091006,BNI,79.7,80.96,79.05,79.83,19951
20091006,BRCM,29.38,29.95,29.32,29.81,85410
20091006,BSX,9.73,10.07,9.73,9.95,326242
20091006,BTU,37.74,38.68,37.63,38.3,61857
20091006,BXP,64.61,65.15,62.35,63.4,13439
20091006,C,4.76,4.7992,4.64,4.67,4770943
20091006,CA,22.07,22.23,21.81,22.14,32455
20091006,CAG,21.4,21.49,21.17,21.32,51399
20091006,CAH,26.4,26.74,26.15,26.74,97086
20091006,CAM,37.86,38.715,37.72,38.4,27619
20091006,CAT,51.4,52.39,50.69,51.7,97792
20091006,CB,49.95,50.62,49.71,50.61,23118
20091006,CBE,36.56,37.5,36.56,37.26,22983
20091006,CBG,11.48,11.99,11.335,11.53,38049
20091006,CBS,11.85,12.26,11.85,12.16,95456
20091006,CCE,21,21.11,20.76,20.95,33732
20091006,CCL,33.04,33.09,32.56,32.63,53583
20091006,CEG,31.73,32.51,31.48,32.49,14755
20091006,CELG,53.61,54.79,53.24,54.04,32666
20091006,CEPH,56.09,56.86,55.53,56.09,15802
20091006,CF,85.34,87.39,84.6,86.93,9916
20091006,CHK,27.48,27.97,27.13,27.74,150919
20091006,CHRW,57.68,58.41,57.35,57.66,14749
20091006,CI,28.87,28.98,28.01,28.68,46372
20091006,CIEN,14.31,14.38,12.69,13.05,205268
20091006,CINF,25.87,25.92,25.53,25.89,8919
20091006,CL,77.13,78.12,77.08,77.92,21955
20091006,CLX,57.36,57.5801,56.92,57.1,15892
20091006,CMA,30.28,30.59,29.43,29.83,23943
20091006,CMCSA,15.4,15.74,15.3,15.46,262147
20091006,CME,295.83,296.67,286.18,287.59,12309
20091006,CMI,44.7,45.38,44.35,44.87,28143
20091006,CMS,13.31,13.43,13.24,13.35,22269
20091006,CNP,12.34,12.46,12.26,12.38,39265
20091006,CNX,45.66,48.17,45.41,47.55,39550
20091006,COF,35.61,36.75,34.73,35.96,70888
20091006,COG,35.36,36.41,35.35,36.12,12093
20091006,COH,32.4,33.12,32.4,32.95,39456
20091006,COL,49.1,50.0295,49.075,49.99,10131
20091006,COP,48.43,48.78,48.02,48.41,185269
20091006,COST,57.03,58.37,57.02,57.93,58691
20091006,CPB,31.81,32.5,31.81,32.24,29936
20091006,CPWR,7.2,7.35,7.13,7.18,19154
20091006,CRM,56.97,58.99,56.65,58.57,26547
20091006,CSC,50.44,52.18,50.44,51.76,9046
20091006,CSCO,23.15,23.57,23.07,23.35,413958
20091006,CSX,42.98,43.58,42.21,42.72,47495
20091006,CTAS,29.62,30.01,29.4,29.73,9625
20091006,CTL,33.61,33.92,33.32,33.58,28779
20091006,CTSH,39.11,39.61,38.87,39,42212
20091006,CTXS,39.16,40.18,39.1,40.08,29721
20091006,CVG,10.45,10.63,10.41,10.52,13528
20091006,CVH,19.48,19.51,18.87,19.26,17926
20091006,CVS,34.91,35.08,33.92,34.65,220722
20091006,CVX,70.14,70.85,69.53,70.56,84646
20091006,D,33.74,34.08,33.58,33.86,20196
20091006,DD,32,32.66,31.42,31.89,78817
20091006,DE,42.41,44.07,42.41,43.11,56231
20091006,DELL,15.33,15.51,15.16,15.51,208421
20091006,DF,18.97,19.12,18.56,18.61,41803
20091006,DFS,16.3,16.74,16.17,16.66,99461
20091006,DGX,52.64,53.24,52.17,52.97,9758
20091006,DHI,10.98,11.32,10.9,10.95,85082
20091006,DHR,65.55,66.5,65.34,65.52,21272
20091006,DIS,27.83,28.33,27.67,28.18,110163
20091006,DNB,73.98,74.86,73.59,74.58,2896
20091006,DNR,14.55,14.69,14.21,14.42,42910
20091006,DO,95.49,97.7,95.26,96.96,13312
20091006,DOV,38.17,38.92,37.79,37.95,16048
20091006,DOW,25.21,25.32,24.3627,24.96,173834
20091006,DPS,28.27,28.69,28.18,28.64,11106
20091006,DRI,34.06,34.06,33.09,33.45,42717
20091006,DTE,34.26,34.57,34,34.57,10976
20091006,DTV,27.11,27.75,26.84,27.5,140379
20091006,DUK,15.63,15.64,15.46,15.62,67205
20091006,DV,53.22,54.19,52.895,53.77,4753
20091006,DVA,56.37,56.97,55.98,56.56,6374
20091006,DVN,65.86,66.88,65.34,66.44,48019
20091006,DYN,2.51,2.56,2.35,2.38,223981
20091006,EBAY,23.29,23.96,23.24,23.95,287277
20091006,ECL,45.95,46.12,45.4675,45.86,10135
20091006,ED,40.81,41.17,40.7,40.96,13142
20091006,EFX,28.13,28.415,27.98,28.3,11850
20091006,EIX,32.95,33.59,32.9,33.47,21195
20091006,EK,4.66,4.74,4.51,4.61,123519
20091006,EL,36.82,37.55,36.805,36.92,15313
20091006,EMC,17.24,17.54,17.16,17.45,309474
20091006,EMN,53.24,53.91,52.03,52.7,7510
20091006,EMR,38.98,40.0749,38.83,39.22,69684
20091006,EOG,83.65,84.68,82.86,84.58,28184
20091006,EP,10.07,10.2,9.95,10.05,88364
20091006,EQR,29.67,29.88,28.53,29,39523
20091006,EQT,42.7,43.36,42.24,42.85,9255
20091006,ERTS,18.8,19.27,18.73,19.22,81930
20091006,ESRX,76.74,78.41,76.23,78.04,19130
20091006,ESV,42.1,43.31,42.02,43.22,23908
20091006,ETFC,1.74,1.76,1.67,1.7,832899
20091006,ETN,55.75,56.13,54.79,55.4,16568
20091006,ETR,78.9,79.61,78.35,79.22,14214
20091006,EXC,48.59,49.06,48.22,48.67,35534
20091006,EXPD,33.85,34.19,32.84,32.94,40373
20091006,EXPE,23.1,24.14,23.1,24.1,65189
20091006,F,7.18,7.22,7.04,7.14,485007
20091006,FAST,37.45,38.39,37.32,37.78,11219
20091006,FCX,69.02,70.37,68.55,69.61,132626
20091006,FDO,27.68,28.635,27.52,28.48,86142
20091006,FDX,75.57,76.97,74.4,75.08,30806
20091006,FE,46.83,46.83,45.04,46.04,21531
20091006,FHN,13.01,13.07,12.63,12.83,30381
20091006,FII,26.3,26.3,25.5,25.88,12591
20091006,FIS,24.01,24.49,23.93,24.28,45289
20091006,FISV,46.95,48.11,46.9,47.93,10180
20091006,FITB,9.64,9.91,9.59,9.87,223984
20091006,FLIR,27.23,27.75,27.19,27.41,13734
20091006,FLR,48.82,48.85,47.55,47.98,65421
20091006,FLS,100.43,101.91,99.1,100.62,6896
20091006,FO,41.4,42.27,41.4,41.89,7729
20091006,FPL,53.72,54.38,53.38,53.89,26506
20091006,FRX,29.05,29.45,28.87,29.39,20477
20091006,FTI,52.5,53.96,52.5,53.38,12309
20091006,FTR,7.5,7.68,7.41,7.61,61392
20091006,GAS,35.93,36.41,35.84,36.34,2780
20091006,GCI,12.7,13.18,12.48,12.89,165911
20091006,GD,65.12,66.05,65,65.92,26586
20091006,GE,16.14,16.4001,16,16.08,956979
20091006,GENZ,55.77,57.13,55.5,56.72,24666
20091006,GILD,45.12,45.8,44.64,45.72,69454
20091006,GIS,65.01,65.01,64.62,64.9,29926
20091006,GLW,15.35,15.81,15.28,15.5,265922
20091006,GME,26.29,26.8,25.51,26.62,25484
20091006,GNW,11.99,12.4,11.68,12.08,226473
20091006,GOOG,492.37,499.37,491.7001,498.74,27329
20091006,GPC,37.37,37.8,37.27,37.56,5461
20091006,GPS,21.38,22.18,21.175,22.13,215924
20091006,GR,53.75,53.75,52.42,53.09,19917
20091006,GS,188.46,189.44,184.6,186.98,139251
20091006,GT,16.11,16.455,16.07,16.34,33911
20091006,GWW,88.64,89.84,88.3215,88.62,5818
20091006,HAL,26.93,27.44,26.65,26.86,134913
20091006,HAR,33.13,34.21,33.07,34.03,11171
20091006,HAS,27.3,27.74,27.24,27.65,19624
20091006,HBAN,4.71,4.75,4.42,4.51,333366
20091006,HCBK,13.07,13.16,12.88,13.03,50160
20091006,HCN,42.72,43.05,41.87,42.31,14705
20091006,HCP,28.09,28.44,27.43,27.87,22046
20091006,HD,26.31,26.48,26.18,26.29,143547
20091006,HES,54.54,56.1,54.29,55.15,74638
20091006,HIG,27.38,28.84,27.2668,28.32,220928
20091006,HNZ,39.36,39.735,39.33,39.54,21740
20091006,HOG,22.03,22.59,21.77,22.13,37275
20091006,HON,36.52,37.22,36.43,36.6,62805
20091006,HOT,31.21,32.85,31.2,32.69,51105
20091006,HPQ,46.4,47.1,46.11,47.01,157065
20091006,HRB,18.18,18.54,18.1,18.38,42012
20091006,HRL,35.34,35.34,34.81,35.09,6537
20091006,HRS,37.21,37.63,37.13,37.32,9983
20091006,HSP,42.93,44,42.84,43.99,6364
20091006,HST,11.36,11.77,11.22,11.47,92469
20091006,HSY,39.3,39.68,39.1,39.48,9646
20091006,HUM,37.29,37.7399,36.65,37.26,23263
20091006,IBM,120.39,121.59,120.22,121.35,66591
20091006,ICE,95.96,96.44,94.31,95.49,10260
20091006,IFF,37.5,37.93,37.21,37.64,3043
20091006,IGT,20.68,20.97,20.3,20.79,35504
20091006,INTC,19.3,19.78,19.28,19.63,741853
20091006,INTU,28.18,28.34,28.03,28.27,59774
20091006,IP,22.11,22.3795,21.82,22.16,64058
20091006,IPG,6.95,7.21,6.92,7.11,52387
20091006,IRM,26.49,27.19,26.29,26.51,19172
20091006,ISRG,255.06,256.98,252,254.66,7345
20091006,ITT,49.65,50.2,49.64,49.94,8750
20091006,ITW,42.61,43.96,42.57,43.31,44671
20091006,IVZ,23.55,23.88,22.93,23.5,50078
20091006,JAVA,8.98,9.03,8.85,8.9,137016
20091006,JBL,13.7,14.06,13.64,13.88,71935
20091006,JCI,24.84,25.49,24.84,25.16,67223
20091006,JCP,34.88,35.33,34.34,34.87,58730
20091006,JDSU,6.92,7.03,6.78,6.82,36539
20091006,JEC,44.71,45.37,44.4,44.77,14485
20091006,JNJ,60.08,60.54,59.34,60.29,117660
20091006,JNPR,26.61,27.34,26.54,26.95,79450
20091006,JNS,14.09,14.18,13.48,13.87,44069
20091006,JPM,44.36,45,44.07,44.91,417053
20091006,JWN,31.99,32.285,31.67,32.09,52932
20091006,K,49.12,49.69,48.97,49.3,14834
20091006,KBH,15.25,15.83,15.08,15.43,50025
20091006,KEY,6.32,6.48,6.08,6.23,145217
20091006,KFT,26.11,26.22,26.02,26.09,129567
20091006,KG,10.37,10.52,10.23,10.43,35017
20091006,KIM,12.24,12.5,11.99,12.24,91927
20091006,KLAC,34.72,35.52,34.67,35.38,40226
20091006,KMB,58.49,58.93,58.34,58.82,31920
20091006,KO,53.81,54.65,53.66,54.32,95548
20091006,KR,21.15,21.32,21.07,21.31,93424
20091006,KSS,56.36,57.65,56.36,57.46,41124
20091006,L,34.35,34.91,34.271,34.73,16480
20091006,LEG,18.51,18.77,18.42,18.68,28470
20091006,LEN,13.59,14.11,13.54,13.68,61018
20091006,LH,65.36,66.25,65.09,65.88,9524
20091006,LIFE,46.3,47.39,45.91,47.15,24351
20091006,LLL,77.45,78.9,77.3525,78.78,8749
20091006,LLTC,26.77,27.32,26.77,27.17,38137
20091006,LLY,32.65,33.18,32.52,33.02,48289
20091006,LM,30.73,31.13,30.33,30.83,17096
20091006,LMT,75.36,76.34,74.99,76.18,27719
20091006,LNC,26.07,27.11,25.86,26.54,73011
20091006,LO,75.02,77.55,74.71,77.03,47227
20091006,LOW,20.65,20.87,20.36,20.68,187923
20091006,LSI,5.51,5.61,5.48,5.54,96440
20091006,LTD,17.42,18.19,17.41,17.92,101392
20091006,LUK,24.09,24.57,23.62,24.09,8825
20091006,LUV,9.11,9.29,9,9.16,78161
20091006,LXK,21.25,21.46,21.14,21.42,18712
20091006,M,18.48,19.06,18.35,18.53,100078
20091006,MA,202.04,203.85,199.91,200.75,18787
20091006,MAR,26.66,27.45,26.61,27,35899
20091006,MAS,12.76,13.04,12.51,12.63,29602
20091006,MAT,18.05,18.36,17.72,18.09,31067
20091006,MBI,6.61,6.64,6.12,6.25,132367
20091006,MCD,56.72,57.64,56.72,57.44,71675
20091006,MCHP,25.34,25.77,25.28,25.49,29552
20091006,MCK,57.96,58.71,57.44,58.04,20001
20091006,MCO,20.3,20.85,20.1,20.54,41134
20091006,MDP,28.65,29.41,28.6,29.25,3290
20091006,MDT,35.3,36.22,35.24,36.19,159857
20091006,MEE,29.19,30,29.01,29.77,61905
20091006,MET,37.56,38.531,36.78,37.73,61692
20091006,MFE,43.16,44.02,43.1,43.94,16216
20091006,MHP,25.45,26.04,25.33,25.98,40573
20091006,MHS,54.01,55,53.78,54.32,18143
20091006,MI,8.13,8.51,7.5,7.7,199060
20091006,MIL,70,71.1,69.4555,70.83,3447
20091006,MKC,33.27,33.89,33.27,33.6,5608
20091006,MMC,24.08,24.29,23.89,24.25,49186
20091006,MMM,73.46,74.75,73.32,73.93,27306
20091006,MO,17.75,17.885,17.5,17.81,169529
20091006,MOLX,20.25,20.59,20.06,20.42,15980
20091006,MON,76.33,76.92,74.33,75.63,81274
20091006,MOT,8.21,8.605,8.17,8.49,349282
20091006,MRK,31.94,32.56,31.67,32.51,206599
20091006,MRO,31.74,32.4,31.51,31.92,73860
20091006,MS,30.05,31.19,30,30.79,194538
20091006,MSFT,24.7,25.21,24.655,25.11,487952
20091006,MTB,61,62.39,60.72,62.31,9988
20091006,MTW,9.6,9.74,9.29,9.59,70884
20091006,MU,8.08,8.145,7.84,7.89,288888
20091006,MUR,58.12,59.42,57.68,58.99,20044
20091006,MWV,22.53,23.31,22.53,23.18,18545
20091006,MWW,17.03,17.44,16.86,17.33,20140
20091006,MYL,16.16,16.35,16,16.07,107443
20091006,NBL,66.94,68.08,66.67,67.63,14882
20091006,NBR,20.49,20.93,20.27,20.56,62264
20091006,NDAQ,20.44,20.8,20.13,20.32,22236
20091006,NEM,44.78,46.67,44.66,46.21,139698
20091006,NI,13.8,13.8,13.62,13.7,19598
20091006,NKE,62.91,64.42,62.84,63.09,36514
20091006,NOC,50.6,50.96,50.47,50.92,19167
20091006,NOV,42.85,44,42.8,43.45,47313
20091006,NOVL,4.51,4.58,4.43,4.46,27334
20091006,NSC,44.29,44.94,44.01,44.36,35813
20091006,NSM,13.55,13.76,13.47,13.58,77783
20091006,NTAP,26.81,27.08,26.5,26.83,97826
20091006,NTRS,58.11,58.5,57.09,57.85,12993
20091006,NU,23.29,23.4,23.12,23.31,17083
20091006,NUE,46.38,46.38,44.69,45.27,49741
20091006,NVDA,13.96,14.25,13.85,14.01,190340
20091006,NVLS,20.07,20.67,20.04,20.56,35150
20091006,NWL,15.19,15.32,14.91,15.03,49103
20091006,NWSA,11.59,11.8,11.5,11.63,151602
20091006,NYT,7.9,8.39,7.74,8.2,21294
20091006,NYX,28.3,28.39,27.54,28.05,23106
20091006,ODP,6.48,6.92,6.42,6.89,81620
20091006,OI,36.86,37.38,36.81,37.07,23373
20091006,OMC,36.29,36.92,36.041,36.48,19242
20091006,ORCL,20.45,20.6,20.3,20.54,372027
20091006,ORLY,35.82,36.4,35.77,36.08,20715
20091006,OXY,76.36,78.29,76.27,77.59,53356
20091006,PAYX,28.44,28.84,28.3,28.58,34432
20091006,PBCT,15.49,15.54,15.22,15.33,35437
20091006,PBG,37.44,37.44,37.11,37.34,15663
20091006,PBI,24.42,24.875,24.375,24.81,12474
20091006,PCAR,35.91,37.27,35.8,36.49,32116
20091006,PCG,40.64,40.86,40.39,40.47,18384
20091006,PCL,30.24,30.45,29.46,29.84,19662
20091006,PCP,101.13,102.49,100.4,101.03,12050
20091006,PCS,8.56,8.71,8.43,8.47,50730
20091006,PDCO,26.59,26.95,26.28,26.71,10920
20091006,PEG,30.64,31.1,30.48,31.09,23493
20091006,PEP,61.05,61.27,60.42,60.87,81288
20091006,PFE,16.6,16.975,16.5,16.78,551698
20091006,PFG,26.91,27.88,26.43,27.26,46957
20091006,PG,56.88,57.24,56.79,57.03,120001
20091006,PGN,38.79,38.83,37.8,38.03,37043
20091006,PGR,16.64,16.68,16.41,16.62,48050
20091006,PH,51.48,52.2297,51.18,51.51,14519
20091006,PHM,10.58,10.84,10.37,10.46,60506
20091006,PKI,19.28,19.62,18.67,19.33,10548
20091006,PLD,11.71,11.88,10.9,11.18,106312
20091006,PLL,31.9,32.32,31.7,31.99,11508
20091006,PM,49.17,50.03,49.13,49.91,89042
20091006,PNC,46.58,47.04,45.442,45.73,57512
20091006,PNW,32.59,32.83,32.48,32.74,7129
20091006,POM,14.54,14.79,14.49,14.78,30024
20091006,PPG,58.03,58.81,57,58.03,13972
20091006,PPL,29.69,29.88,29.38,29.83,25087
20091006,PRU,50.19,51.43,48.53,50.03,53950
20091006,PSA,72.89,73.82,71.28,72.31,11146
20091006,PTV,27.11,27.15,26.06,26.81,35485
20091006,PWR,21.87,22.43,21.69,22.18,27008
20091006,PX,79.91,81.22,79.68,80.9,16495
20091006,PXD,36.56,38.13,36.56,37.49,22191
20091006,Q,3.73,3.81,3.71,3.79,193960
20091006,QCOM,42.26,43.4,42.21,42.62,245798
20091006,QLGC,17.45,17.67,17.41,17.57,27734
20091006,R,38.31,38.74,37.62,37.83,4376
20091006,RAI,45.31,46.7,45.31,46.51,23748
20091006,RDC,23.05,24.09,23.05,23.74,39669
20091006,RF,6.11,6.23,5.83,5.9,389883
20091006,RHI,25.11,25.52,24.86,25.26,15336
20091006,RHT,27.87,28.07,27.3,27.96,25458
20091006,RL,76.2,76.58,74.19,74.82,12384
20091006,ROK,41.64,42.24,41.39,41.85,12896
20091006,RRC,48.69,50.52,48.62,50.47,26075
20091006,RRD,21.1,21.4,20.92,21.2,24512
20091006,RSG,25.98,26.21,25.78,26.18,20037
20091006,RSH,16.14,16.44,16.04,16.23,21425
20091006,RTN,46.42,46.62,46.12,46.55,36435
20091006,RX,14.96,14.964,14.76,14.83,13768
20091006,S,3.86,3.9,3.78,3.79,382236
20091006,SBUX,20.01,20.73,19.95,20.53,108923
20091006,SCG,34.79,34.81,34.46,34.66,7707
20091006,SCHW,18.57,19.33,18.52,19.24,142669
20091006,SE,19.09,19.18,18.95,19.15,43570
20091006,SEE,19.42,19.53,18.91,19.18,10580
20091006,SGP,28.27,28.71,28.17,28.67,150932
20091006,SHLD,64.86,67.5,64.79,65.89,11301
20091006,SHW,59.74,60.65,59.63,59.94,9163
20091006,SIAL,52.96,53.91,52.76,53.81,10360
20091006,SII,28.22,28.85,27.94,28.57,48597
20091006,SJM,53.75,54.25,53.56,54.21,8057
20091006,SLB,58.71,59.96,58.65,59.24,75742
20091006,SLE,10.91,11.08,10.9,10.97,59254
20091006,SLM,8.49,8.7,8.45,8.63,52131
20091006,SNA,34.21,34.85,34.08,34.76,5582
20091006,SNDK,21.21,21.45,20.89,21.42,69652
20091006,SNI,36.83,37.62,36.73,37.46,5770
20091006,SO,31.77,31.89,31.52,31.89,32014
20091006,SPG,68.34,69.45,67.02,68.26,30899
20091006,SPLS,22.8,23.21,22.73,23.07,80167
20091006,SRCL,48.01,48.49,47.53,48.39,6268
20091006,SRE,50.79,51.3,50.46,50.86,15949
20091006,STI,22.08,22.55,21.61,22.26,77976
20091006,STJ,32.7,34.46,32.5,33.4,518107
20091006,STR,37.32,37.99,37.17,37.58,12460
20091006,STT,52.66,53.48,52.01,52.81,34529
20091006,STZ,15.87,16.49,15.77,16.2,30152
20091006,SUN,28.42,28.6,27.63,27.89,23213
20091006,SVU,14.71,15.04,14.63,14.68,27463
20091006,SWK,42.49,43.19,42.4,42.72,6718
20091006,SWN,42.6,43.37,42.52,43.15,27094
20091006,SWY,19.89,20.35,19.81,20.32,54766
20091006,SYK,44.14,44.92,42.74,44.63,41147
20091006,SYMC,16.2,16.58,16.18,16.4,135584
20091006,SYY,24.49,24.77,24.37,24.59,43159
20091006,T,26.95,27.19,26.87,27.15,257833
20091006,TAP,48.74,49.61,48.6,49.33,11733
20091006,TDC,27.06,27.58,26.91,27.32,13936
20091006,TE,13.89,14.04,13.82,14.01,16788
20091006,TEG,35.62,35.96,35.6,35.9,4618
20091006,TER,9.4,9.7,9.32,9.59,82985
20091006,TGT,47.59,48.18,47.59,48.09,70758
20091006,THC,5.68,5.78,5.53,5.65,71170
20091006,TIE,9.64,9.89,9.5,9.73,25513
20091006,TIF,39.04,40.96,39.01,40.29,42659
20091006,TJX,38.08,38.59,38.08,38.45,45876
20091006,TLAB,6.87,7.07,6.82,7.01,117617
20091006,TMK,43.37,44.93,43.37,44.54,12552
20091006,TMO,44.59,45.55,44.58,45.26,27987
20091006,TROW,44.97,45.46,44.44,45.02,14039
20091006,TRV,49.22,50.16,48.87,49.53,61898
20091006,TSN,12.3,12.61,12.3,12.55,33511
20091006,TSO,14.83,14.93,14.25,14.51,45676
20091006,TSS,15.07,15.97,15.07,15.96,14524
20091006,TWC,42.13,43.09,41.92,42.14,41920
20091006,TWX,30.13,30.77,29.95,30.39,60530
20091006,TXN,22.85,23.24,22.79,23.1,169763
20091006,TXT,18.7,19.31,18.5,18.72,52483
20091006,UNH,24.46,24.59,23.82,24.38,111923
20091006,UNM,21.09,21.83,20.69,21.53,38515
20091006,UNP,59.2,59.55,58.25,58.81,28293
20091006,UPS,55.85,56.485,55.34,55.59,40884
20091006,USB,21.75,22.18,21.66,22.04,143288
20091006,UTX,60.88,61.921,60.69,61.49,37267
20091006,VAR,39.84,39.84,38.71,39.48,19143
20091006,VFC,71.23,72.32,71.06,71.7,5244
20091006,VIA,29.44,30.26,29.34,29.98,718
20091006,VLO,19.51,19.7,18.95,19.16,92796
20091006,VMC,51.08,52.27,51.03,51.88,10205
20091006,VNO,62.48,63.49,61.1,62.06,29693
20091006,VRSN,22.99,23.94,22.86,23.6,46107
20091006,VTR,38.38,39.04,37.4,37.79,22672
20091006,VZ,30.15,30.21,29.99,30.17,166451
20091006,WAG,38.34,38.5,38.11,38.31,74293
20091006,WAT,55.63,56.81,55.37,56.21,7824
20091006,WDC,36.8,36.81,36.11,36.6,37839
20091006,WEC,44.08,44.57,43.72,44.52,9782
20091006,WFC,28.34,29.05,28.31,28.66,590775
20091006,WFMI,30.38,31.1,30.29,31.01,30130
20091006,WFR,16.1,16.32,15.835,16.03,38770
20091006,WHR,69.71,70.45,66.85,67.79,16336
20091006,WIN,10.21,10.39,10.07,10.22,109603
20091006,WLP,46.82,46.97,46.11,46.59,39227
20091006,WM,29.11,29.17,28.76,28.78,28431
20091006,WMB,17.97,18.47,17.86,18.29,72731
20091006,WMT,49.23,49.64,49.13,49.48,175836
20091006,WPI,36.75,36.91,36.42,36.49,7129
20091006,WPO,456.19,466.03,456.19,460.92,242
20091006,WU,18.32,18.87,18.27,18.77,78295
20091006,WY,35.88,36.14,35.25,35.65,21610
20091006,WYE,48.45,48.965,48.42,48.67,143416
20091006,WYN,16,16.53,15.88,16.26,38025
20091006,WYNN,69.02,69.83,67.56,68.64,52741
20091006,X,43.62,43.8,42.2,42.65,130970
20091006,XEL,19.31,19.4,19.21,19.27,33138
20091006,XL,17.55,17.79,17.17,17.6,45595
20091006,XLNX,22.96,23.23,22.81,23.15,56606
20091006,XOM,68.01,69.1,67.78,68.66,211692
20091006,XRAY,33.79,35,33.7,34.64,15990
20091006,XRX,7.5,7.54,7.26,7.31,337167
20091006,XTO,40.7,41.305,40.56,41.02,51084
20091006,YHOO,16.95,17.35,16.95,17.3,214302
20091006,YUM,34.78,35.28,34.73,34.86,104634
20091006,ZION,17.37,18.76,17.2,17.36,78732
20091006,ZMH,50.61,51.52,49.14,51.45,45144
