20090922,A,28.96,28.96,28.39,28.53,47308
20090922,AA,14.23,14.35,14,14.26,367999
20090922,AAPL,185.1,185.38,182.85,184.48,127487
20090922,ABC,21.99,22,21.65,21.69,21562
20090922,ABT,46.67,46.93,46.4,46.73,82051
20090922,ACS,46.95,48.02,46.78,47.71,11477
20090922,ADBE,33.08,33.31,32.98,33.11,43693
20090922,ADI,27.29,27.42,26.92,27.28,43674
20090922,ADM,28.98,29,28.6,28.9,30112
20090922,ADP,39.36,39.95,39.01,39.82,29210
20090922,ADSK,24.23,24.3,23.72,23.9,20685
20090922,AEE,25.91,26,25.55,25.58,11539
20090922,AEP,32.07,32.07,31.45,31.45,36935
20090922,AES,14.73,15.19,14.58,15.18,94899
20090922,AET,31.1,31.2,30.41,30.86,53364
20090922,AFL,42.59,43.04,42.55,42.79,28762
20090922,AGN,57.19,57.958,57.19,57.75,12014
20090922,AIG,52.47,54.4,45.55,45.8,1234558
20090922,AIV,14.74,15.32,14.65,15.27,25512
20090922,AIZ,32.1,32.1,31.3,31.46,7957
20090922,AKAM,19.2,19.74,19.16,19.61,50398
20090922,AKS,23.49,23.5,22.895,23.06,65508
20090922,ALL,30.61,30.64,30.01,30.22,34592
20090922,ALTR,20.38,20.58,20.13,20.33,38367
20090922,AMAT,12.85,13.34,12.83,13.27,334899
20090922,AMD,5.91,6.3,5.84,6.08,399942
20090922,AMGN,62.4,62.515,60.58,60.83,91520
20090922,AMP,32.7,33.16,32.49,32.88,32003
20090922,AMT,37.67,37.7,37.25,37.32,26386
20090922,AMZN,91.66,94.19,91.1,93.75,82685
20090922,AN,18.29,18.57,18.12,18.18,19731
20090922,ANF,33.67,33.8,33.065,33.53,34114
20090922,AOC,41.85,41.85,40.87,41.06,17765
20090922,APA,93.6,93.6,92.3112,93.11,30739
20090922,APC,63.5,64.8,62.7,64.37,54465
20090922,APD,80.1,80.37,78.8,79.31,12026
20090922,APH,39.31,39.38,38.97,39.13,6973
20090922,APOL,73.28,73.5,70.7,71.32,48039
20090922,ATI,35.36,36.47,35.15,35.77,22113
20090922,AVB,75.2,77.14,75.12,76.85,14044
20090922,AVP,31.99,32.645,31.66,32.5,28550
20090922,AVY,35.2,35.68,35.15,35.65,16808
20090922,AXP,34.2,34.36,33.85,33.97,121462
20090922,AYE,27.56,27.7,27.31,27.33,14440
20090922,AZO,154.69,154.69,151.74,152.92,8698
20090922,BA,52.96,53.31,52.13,53.14,38982
20090922,BAC,17.68,18.08,17.54,17.61,1586506
20090922,BAX,58.3,58.78,57.86,58.15,26348
20090922,BBBY,39.99,40,39.24,39.46,49263
20090922,BBT,28.95,29.05,28.61,29.03,47908
20090922,BBY,38.77,39.02,38.28,38.32,57242
20090922,BCR,80.12,80.12,79.17,79.44,6232
20090922,BDK,48.5,48.84,48.1,48.44,4370
20090922,BDX,70.83,71.25,69.88,70.22,10138
20090922,BEN,102.21,102.97,101.72,102.19,10558
20090922,BF.B,48.84,49.28,48.82,49.02,5626
20090922,BHI,43.87,44.61,43.73,43.94,60294
20090922,BIG,25.32,25.58,25.01,25.18,16187
20090922,BIIB,50.55,50.95,49.9,50.53,18293
20090922,BJS,19.68,20.06,19.68,19.83,67517
20090922,BK,29.93,30,29.5,29.91,89605
20090922,BLL,51.51,51.54,50.51,50.63,3032
20090922,BMC,38.12,38.67,37.48,38.54,29778
20090922,BMS,27.01,27.07,26.63,26.66,4723
20090922,BMY,22.7,22.7,22.27,22.27,101772
20090922,BNI,83.5,84.62,83.41,83.57,16744
20090922,BRCM,30.45,31.12,30.25,30.77,66265
20090922,BSX,11.04,11.15,10.8,10.99,200745
20090922,BTU,39.42,40.8,39.01,40.22,83365
20090922,BXP,68.69,70.72,68.69,70.51,22072
20090922,C,4.555,4.68,4.54,4.65,6783810
20090922,CA,22.35,22.4,22.05,22.19,44896
20090922,CAG,22.35,22.5,21.58,22,78480
20090922,CAH,28.01,28.01,27.67,27.78,38674
20090922,CAM,39.49,39.53,38.61,39.12,29416
20090922,CAT,52.99,54.43,52.86,54.34,111811
20090922,CB,49.32,49.32,48.49,48.58,23018
20090922,CBE,37.4,37.66,36.85,36.93,21969
20090922,CBG,12.2,12.5,12.175,12.43,31288
20090922,CBS,12.52,12.76,12.42,12.65,77026
20090922,CCE,21.03,21.08,20.79,20.94,27478
20090922,CCL,33.87,34.95,33.41,33.52,105425
20090922,CEG,32.29,32.75,32.29,32.61,14273
20090922,CELG,55.31,55.54,54.11,54.47,28421
20090922,CEPH,59.48,60.9,59.36,59.63,23537
20090922,CF,89.99,89.99,88.42,88.89,15872
20090922,CHK,28.57,29.49,28.52,29.11,138463
20090922,CHRW,58.49,59.42,58.44,59.1,10385
20090922,CI,31.83,31.98,30.89,31.31,50765
20090922,CIEN,16.32,16.6267,16.27,16.5,20604
20090922,CINF,25.76,25.89,25.46,25.56,7847
20090922,CL,75.68,75.91,75.25,75.66,28741
20090922,CLX,57.88,60.14,57.39,59.14,53446
20090922,CMA,29.82,29.94,29.6,29.77,46941
20090922,CMCSA,17.25,17.44,17.14,17.21,167078
20090922,CME,305.07,313.42,302.52,311.27,8899
20090922,CMI,45.24,46.11,45.24,45.65,27919
20090922,CMS,13.45,13.56,13.33,13.38,21541
20090922,CNP,12.5,12.59,12.37,12.48,35703
20090922,CNX,48.09,49.84,47.86,49.28,43761
20090922,COF,36.75,37.65,36.52,37.23,65101
20090922,COG,38.12,38.56,37.65,38.42,11535
20090922,COH,33.28,33.28,32.59,32.7,39288
20090922,COL,50.93,51.3,50.54,51.14,7448
20090922,COP,46.66,46.85,46.36,46.64,79220
20090922,COST,58.62,58.86,58.34,58.4,28338
20090922,CPB,32.94,32.94,32.48,32.62,22210
20090922,CPWR,7.67,7.81,7.55,7.57,26284
20090922,CRM,57.36,57.77,56.77,56.87,14209
20090922,CSC,52.6,52.6,51.8,52,10541
20090922,CSCO,23.7,23.72,23.3,23.41,349284
20090922,CSX,46.26,46.46,45.61,45.85,45463
20090922,CTAS,29.68,30,29.67,29.78,11228
20090922,CTL,31.58,32.15,31.29,31.29,31983
20090922,CTSH,39.06,39.36,38.81,39.32,25383
20090922,CTXS,37.31,37.31,36.84,37.02,15812
20090922,CVG,11.08,11.32,11.05,11.22,6400
20090922,CVH,21.51,21.61,20.89,21.08,24977
20090922,CVS,36.17,36.27,35.775,36.09,97536
20090922,CVX,72.72,72.97,72.1501,72.63,70849
20090922,D,34.32,34.4,33.95,34.08,28082
20090922,DD,34.08,34.59,33.5,33.7,68332
20090922,DE,45,47.04,44.81,46.18,62901
20090922,DELL,15.75,15.9,15.66,15.73,337927
20090922,DF,18.36,18.36,18.05,18.08,16453
20090922,DFS,16.16,16.345,16.06,16.21,73940
20090922,DGX,51.58,55.78,51.04,53.22,76098
20090922,DHI,13.18,13.37,12.86,12.9,64575
20090922,DHR,67.9,68.58,67.71,68.33,20175
20090922,DIS,28.13,28.4,28.01,28.38,95788
20090922,DNB,73.83,74.41,73.78,74.32,3546
20090922,DNR,15.77,15.91,15.48,15.73,27080
20090922,DO,94.76,95.5,93.99,95.4,12498
20090922,DOV,38.9,39.13,38.535,38.87,13662
20090922,DOW,26.38,27,26.36,26.95,126436
20090922,DPS,27.8,27.95,27.53,27.86,14039
20090922,DRI,36.88,37,36.44,36.78,32376
20090922,DTE,35.24,35.44,34.68,34.7,9559
20090922,DTV,26.92,27.35,26.72,27.28,171095
20090922,DUK,15.8,15.8,15.62,15.71,67633
20090922,DV,55.74,56.0295,54.29,55.62,9076
20090922,DVA,56.04,56.48,55.22,56.23,8441
20090922,DVN,70.83,71.71,70.308,71.24,31541
20090922,DYN,2.24,2.28,2.21,2.22,96922
20090922,EBAY,24.46,24.49,24.06,24.45,139643
20090922,ECL,46.93,47.02,46.06,46.33,24063
20090922,ED,41.39,41.4,40.96,41.17,13498
20090922,EFX,29.06,29.1,28.81,29.06,17547
20090922,EIX,34.63,34.77,34.36,34.5,24464
20090922,EK,5.47,5.59,5.3,5.52,136193
20090922,EL,36.85,37.51,36.5,37.32,21833
20090922,EMC,17,17.2,16.94,17.16,189086
20090922,EMN,55.12,55.87,54.86,55.05,11523
20090922,EMR,40.29,40.75,40.23,40.58,39487
20090922,EOG,82.41,84.43,82.03,84.03,28411
20090922,EP,10.64,10.8,10.5,10.72,76445
20090922,EQR,32,33.06,32,32.86,42487
20090922,EQT,41.58,42.89,41.58,42.81,12800
20090922,ERTS,18.37,18.67,18.26,18.52,66134
20090922,ESRX,79.45,79.82,78.7,79.29,14944
20090922,ESV,41.95,42.85,41.63,42.64,24423
20090922,ETFC,2.07,2.08,1.9,1.92,2607910
20090922,ETN,58.81,59.08,58.13,58.52,9692
20090922,ETR,80.51,80.8,79.99,80.43,9244
20090922,EXC,50.55,51.6,50.55,51.22,36665
20090922,EXPD,36.475,36.61,35.73,36.45,17546
20090922,EXPE,24.36,24.99,24.1,24.92,31879
20090922,F,6.92,7.09,6.9,7.01,555819
20090922,FAST,39.28,40.21,39.12,40.13,15565
20090922,FCX,71.47,73.43,71.45,73.15,125524
20090922,FDO,27.17,27.2399,26.68,26.69,31853
20090922,FDX,76.125,76.83,76,76.16,29279
20090922,FE,47.18,47.4,46.78,47.13,19143
20090922,FHN,13.74,13.88,13.6,13.87,22245
20090922,FII,26.89,27.27,26.6,27.19,8415
20090922,FIS,24.97,24.99,24.68,24.73,15484
20090922,FISV,49.68,49.84,49.04,49.32,9436
20090922,FITB,10.26,10.34,10.08,10.2,136016
20090922,FLIR,28.33,28.52,28.01,28.1,19051
20090922,FLR,55.47,55.47,54.6,54.72,24112
20090922,FLS,99,101.72,98.99,100.86,7296
20090922,FO,44.94,44.94,44.05,44.2,12703
20090922,FPL,55.08,55.25,54.05,54.3,27008
20090922,FRX,28.96,29.01,28.45,28.88,27199
20090922,FTI,54.9,55.49,54.08,55.31,14094
20090922,FTR,7.25,7.31,7.22,7.22,24420
20090922,GAS,37.15,37.33,36.91,37.16,3081
20090922,GCI,9.66,10.37,9.47,10.14,101250
20090922,GD,63.87,64.24,63.49,63.86,24620
20090922,GE,17.06,17.19,16.91,17.01,959104
20090922,GENZ,57.06,57.36,56.39,57,21108
20090922,GILD,46.48,46.68,45.99,46.13,68045
20090922,GIS,60.88,61.17,60.4,60.97,35296
20090922,GLW,15.71,15.8,15.42,15.56,102050
20090922,GME,26.48,26.62,25.99,26.24,24311
20090922,GNW,13.57,13.62,13.12,13.34,194189
20090922,GOOG,500.35,501.99,497.81,499.06,30418
20090922,GPC,39.12,39.75,38.6799,39.15,15240
20090922,GPS,22.23,22.62,22.23,22.55,82663
20090922,GR,55.46,56.58,54.65,56.3,16738
20090922,GS,183.88,185.8,182.58,185.52,74747
20090922,GT,16.57,17.18,16.57,17.17,43024
20090922,GWW,90.72,91.5,90.28,90.87,5178
20090922,HAL,27.89,28.35,27.63,28.32,90518
20090922,HAR,32.27,32.93,32.14,32.62,10369
20090922,HAS,28.69,28.78,28.23,28.4,21288
20090922,HBAN,4.53,4.58,4.43,4.49,294201
20090922,HCBK,13.85,13.92,13.39,13.59,80069
20090922,HCN,43.45,44,43.27,43.98,18540
20090922,HCP,29.97,30.73,29.9,30.49,42094
20090922,HD,28.24,28.31,27.48,27.62,143298
20090922,HES,55.77,56.92,55.64,56.36,37138
20090922,HIG,27.49,27.98,27.12,27.3,108517
20090922,HNZ,39.78,39.78,39.32,39.59,20866
20090922,HOG,24.56,24.93,24.475,24.72,22805
20090922,HON,39.45,39.88,39.32,39.72,41582
20090922,HOT,33.06,34.37,33.06,34.06,28637
20090922,HPQ,46.95,47.17,46.8,47.01,143396
20090922,HRB,17.3,17.55,17.21,17.52,42284
20090922,HRL,37.17,37.21,36.64,36.94,4371
20090922,HRS,37.74,37.74,37.33,37.56,16106
20090922,HSP,44.5,44.69,43.63,43.74,11855
20090922,HST,11.32,11.9,11.31,11.84,90985
20090922,HSY,39.45,39.49,39,39.25,13757
20090922,HUM,39.69,39.8,38.78,39.51,18656
20090922,IBM,122.09,122.11,120.98,121.61,55646
20090922,ICE,98.11,99.39,95.5,98.85,12694
20090922,IFF,39.18,39.19,38.56,38.89,3090
20090922,IGT,21.62,22.06,21.43,21.65,30420
20090922,INTC,19.63,19.7301,19.45,19.53,381734
20090922,INTU,27.58,28,27.27,27.87,53065
20090922,IP,22.8,23.26,22.5196,22.86,76088
20090922,IPG,7.18,7.45,7.16,7.2,51463
20090922,IRM,27.97,27.97,27.56,27.68,9010
20090922,ISRG,249.36,250.14,243.24,246.51,3190
20090922,ITT,52.2,52.71,51.701,52.45,12664
20090922,ITW,44.07,44.29,43.37,43.98,27964
20090922,IVZ,22.66,23.03,22.56,22.99,32470
20090922,JAVA,9.06,9.1,9.02,9.06,216157
20090922,JBL,12.47,12.4901,12.33,12.34,27170
20090922,JCI,26.59,26.87,26.38,26.65,43078
20090922,JCP,33.67,34.1,33.41,33.86,36098
20090922,JDSU,7.44,8.38,7.44,7.9,117485
20090922,JEC,47.69,48.12,47.43,47.58,10856
20090922,JNJ,60.87,61.17,60.35,61.08,99973
20090922,JNPR,27.75,27.98,27.49,27.7,58742
20090922,JNS,14.45,15.09,14.45,14.9,36407
20090922,JPM,44.81,46.49,44.48,46.47,411577
20090922,JWN,31.85,32.81,31.69,32.23,30295
20090922,K,49,49,48.32,48.51,14377
20090922,KBH,20.08,20.2,19.52,19.85,38473
20090922,KEY,6.78,6.87,6.56,6.85,167184
20090922,KFT,26.9,26.9,26.38,26.49,105941
20090922,KG,10.94,10.9502,10.64,10.71,46789
20090922,KIM,14.59,14.94,14.39,14.89,89363
20090922,KLAC,35.83,36.1191,35.36,35.77,28305
20090922,KMB,57.75,57.84,57.38,57.63,18599
20090922,KO,53.31,53.31,52.73,52.85,97133
20090922,KR,20.38,20.54,20.13,20.5,125214
20090922,KSS,55.74,56.21,55.25,55.39,53106
20090922,L,34.9,35.11,34.49,34.68,23393
20090922,LEG,19.76,19.98,19.75,19.96,19359
20090922,LEN,16.16,16.41,15.76,15.89,52681
20090922,LH,63.96,68.49,63.66,66.73,69233
20090922,LIFE,48.01,48.45,47.21,47.82,14113
20090922,LLL,81.8,81.8,81,81.15,7391
20090922,LLTC,27.13,27.28,26.76,26.85,28007
20090922,LLY,32.94,33.0165,32.69,32.77,67373
20090922,LM,31.91,32.25,31.35,31.49,35487
20090922,LMT,79.82,79.86,79.15,79.56,25687
20090922,LNC,25.92,26.33,25.24,25.4,55608
20090922,LO,75.24,75.36,73.6304,73.75,12087
20090922,LOW,21.71,21.82,20.93,21.07,239274
20090922,LSI,5.43,5.52,5.32,5.47,58321
20090922,LTD,17.2,17.525,17.09,17.28,71143
20090922,LUK,25.68,25.88,25.2,25.54,9121
20090922,LUV,9.84,9.92,9.48,9.5,79294
20090922,LXK,21.9,22.31,21.58,22.26,18534
20090922,M,18.81,19.16,18.54,18.77,169467
20090922,MA,224.78,225,221.89,224.58,11805
20090922,MAR,27.08,27.79,27,27.24,45414
20090922,MAS,13.94,14.03,13.59,13.65,38864
20090922,MAT,18.39,18.44,17.95,18.07,38130
20090922,MBI,6.9,8.54,6.82,8.24,407117
20090922,MCD,56.5,56.5,55.58,55.81,80152
20090922,MCHP,27.42,27.6,27.16,27.5,19703
20090922,MCK,59.55,59.55,58.11,58.41,18971
20090922,MCO,22.21,22.79,22,22.36,69515
20090922,MDP,31.68,32,31.27,31.47,2298
20090922,MDT,37.53,37.565,36.8802,37.35,81855
20090922,MEE,32.05,33.45,32.05,33.18,42427
20090922,MET,38.78,39.43,38.45,38.84,63109
20090922,MFE,41.84,42.24,41.11,41.17,23371
20090922,MHP,26.22,26.8911,26.22,26.31,27988
20090922,MHS,56.24,56.51,55.32,56.34,43440
20090922,MI,8.61,8.96,8.54,8.93,97615
20090922,MIL,71.59,71.64,70.6,71.1,2891
20090922,MKC,34.91,34.91,34.09,34.17,8171
20090922,MMC,23.95,23.97,23.6,23.76,31699
20090922,MMM,74.82,75.15,74.09,74.97,22098
20090922,MO,18.05,18.06,17.81,17.89,165494
20090922,MOLX,21.56,21.62,21.16,21.32,17910
20090922,MON,79.49,80.36,78.6,78.82,59950
20090922,MOT,8.97,8.99,8.66,8.72,179616
20090922,MRK,31.83,31.83,31.29,31.33,137572
20090922,MRO,33.6,33.74,33.19,33.49,36960
20090922,MS,31.94,32.98,31.85,32.98,253047
20090922,MSFT,25.42,25.82,25.29,25.77,613783
20090922,MTB,66.15,66.33,64.5,65.18,6180
20090922,MTW,10.05,10.48,10,10.45,53671
20090922,MU,8.42,8.66,8.25,8.63,220497
20090922,MUR,60.93,62.12,60.53,61.46,15577
20090922,MWV,23.09,23.3,22.83,23.06,16406
20090922,MWW,18.78,19.28,18.77,18.83,32028
20090922,MYL,16.07,16.43,15.96,16.13,69532
20090922,NBL,69.28,69.31,68.31,68.79,10188
20090922,NBR,20.49,21.09,20.319,21,47463
20090922,NDAQ,22.18,22.5401,22.07,22.43,22325
20090922,NEM,45.63,46.39,45.11,45.22,94925
20090922,NI,13.55,13.62,13.425,13.48,20309
20090922,NKE,58.97,59.5,58.44,58.57,30935
20090922,NOC,51.45,51.53,50.89,51.31,20884
20090922,NOV,44,44.5,43.65,44.21,47399
20090922,NOVL,4.75,4.77,4.7,4.73,16993
20090922,NSC,46.4,47.12,46.22,46.47,25199
20090922,NSM,14.76,14.8,14.54,14.63,48064
20090922,NTAP,25.85,26.15,25.56,25.99,66266
20090922,NTRS,58.55,58.99,58.34,58.85,13573
20090922,NU,24.51,24.51,23.77,23.93,14902
20090922,NUE,49.87,50,49.15,49.72,41115
20090922,NVDA,15.25,15.35,15.06,15.18,90355
20090922,NVLS,21.33,21.4,21,21.32,43750
20090922,NWL,15.69,15.93,15.63,15.82,57836
20090922,NWSA,12.3,12.37,12.14,12.29,129410
20090922,NYT,8.23,8.6801,8.16,8.37,19439
20090922,NYX,29.93,29.93,29.39,29.82,33211
20090922,ODP,6.28,6.43,6.1701,6.4,64898
20090922,OI,37.94,38.21,37.44,37.96,12542
20090922,OMC,38.08,38.21,37.79,37.81,17660
20090922,ORCL,21.59,21.7075,21.35,21.41,341593
20090922,ORLY,37.6,37.66,36.98,37.51,15394
20090922,OXY,78.01,78.99,77.91,78.32,36459
20090922,PAYX,30.01,30.75,29.77,30.7,41548
20090922,PBCT,16.02,16.14,15.86,16.03,19086
20090922,PBG,36.73,36.83,36.38,36.43,19765
20090922,PBI,25.52,25.56,25.26,25.44,15712
20090922,PCAR,38.85,39.3,38.31,38.35,42404
20090922,PCG,41.06,41.12,40.23,40.46,26078
20090922,PCL,31.57,32.54,31.57,32.49,26434
20090922,PCP,102.97,103.36,101.45,103.06,5177
20090922,PCS,10.15,10.4,9.9,10.04,95589
20090922,PDCO,27.69,27.87,27.51,27.73,5245
20090922,PEG,31.5,31.55,30.96,31.06,33521
20090922,PEP,59.1,59.2,58.3,58.58,68021
20090922,PFE,16.85,16.93,16.6,16.8,599590
20090922,PFG,28.03,28.29,27.5,27.76,39663
20090922,PG,57.3,57.51,56.96,57.24,115173
20090922,PGN,39.33,39.46,39.06,39.27,16359
20090922,PGR,17.02,17.11,16.81,16.89,32283
20090922,PH,54.53,54.59,53.33,53.68,17148
20090922,PHM,12.7,12.78,12.3,12.41,54568
20090922,PKI,19.84,19.93,19.63,19.82,17024
20090922,PLD,12.36,12.95,12.25,12.86,98410
20090922,PLL,34.01,34.54,33.77,34.2,4523
20090922,PM,48.65,48.93,48.22,48.93,74840
20090922,PNC,47.02,47.62,46.69,46.86,51118
20090922,PNW,32.96,33.04,32.82,32.99,3940
20090922,POM,15.32,15.32,15.13,15.13,16372
20090922,PPG,60.43,60.44,59.85,60.12,13268
20090922,PPL,30.62,31,30.39,30.83,22130
20090922,PRU,52.55,52.67,51.884,52.02,33717
20090922,PSA,77.33,79.47,77.021,79.36,16276
20090922,PTV,26.61,26.71,26.33,26.38,16884
20090922,PWR,23.97,24.04,23.46,23.51,11259
20090922,PX,82.02,82.25,81.11,81.84,14907
20090922,PXD,35.3,36.38,35.26,36.15,17162
20090922,Q,3.5,3.56,3.49,3.53,206615
20090922,QCOM,44.93,44.99,44.33,44.59,147343
20090922,QLGC,17.68,17.77,17.26,17.62,23801
20090922,R,41.58,41.99,40.87,41.34,4489
20090922,RAI,45.33,45.3492,44.63,44.71,21265
20090922,RDC,23.15,23.43,22.77,23.26,46323
20090922,RF,6.71,6.86,6.61,6.81,388858
20090922,RHI,27.35,27.35,26.98,27.09,12996
20090922,RHT,25.82,25.95,25.12,25.4,25603
20090922,RL,76.66,78.44,76.47,77.4,14413
20090922,ROK,43.95,44.68,43.81,44.4,11652
20090922,RRC,51.42,52.46,51.05,52.37,18326
20090922,RRD,20.96,21.72,20.81,21.71,37530
20090922,RSG,26.91,27.16,26.62,26.91,19871
20090922,RSH,16.21,16.37,16.08,16.31,21767
20090922,RTN,47.95,47.95,47.36,47.64,21611
20090922,RX,15.61,15.61,15.31,15.44,12790
20090922,S,4.29,4.48,4.22,4.29,635993
20090922,SBUX,20.67,20.77,20.38,20.47,71516
20090922,SCG,35.36,35.46,35,35.1,5939
20090922,SCHW,18.16,18.75,18.01,18.64,141983
20090922,SE,19.72,19.72,19.42,19.67,30795
20090922,SEE,20.48,20.5,20.27,20.36,4014
20090922,SGP,27.89,27.97,27.66,27.72,137207
20090922,SHLD,70.91,70.91,67.37,67.68,10053
20090922,SHW,61.68,61.77,61.08,61.13,9145
20090922,SIAL,53.1,53.64,53.06,53.48,5104
20090922,SII,28.7,29.9,28.47,29.79,64466
20090922,SJM,53.73,53.73,52.94,53.26,9559
20090922,SLB,61.74,61.85,61,61.57,63510
20090922,SLE,10.64,10.65,10.56,10.6,47456
20090922,SLM,8.9,8.9,8.6199,8.84,52478
20090922,SNA,37.3,37.33,36.81,37.17,2093
20090922,SNDK,23.07,23.2,22.8,22.88,60057
20090922,SNI,37,37.54,37,37.41,7061
20090922,SO,32.15,32.15,31.67,31.79,32584
20090922,SPG,72.44,73.66,71.63,73.41,59001
20090922,SPLS,23.35,23.48,23.05,23.2,69536
20090922,SRCL,48.49,48.49,47.71,47.91,5948
20090922,SRE,50.97,50.97,50.18,50.28,8927
20090922,STI,23.41,23.75,23.19,23.68,62463
20090922,STJ,39.38,39.7,39.16,39.23,50520
20090922,STR,36.66,37.49,36.46,37.24,16446
20090922,STT,53.03,53.35,52.48,53.27,37154
20090922,STZ,15.52,15.84,15.34,15.73,23668
20090922,SUN,28.25,28.31,27.54,27.93,26577
20090922,SVU,15.43,15.5,15.25,15.4,18041
20090922,SWK,42.98,42.98,42.41,42.55,5177
20090922,SWN,44.09,44.51,43.48,44.39,32129
20090922,SWY,19.4,19.56,19.17,19.47,45194
20090922,SYK,47.12,47.22,46.43,46.65,22767
20090922,SYMC,15.77,15.85,15.53,15.54,75365
20090922,SYY,25.64,25.65,25.38,25.56,41773
20090922,T,26.95,27,26.49,26.5,276895
20090922,TAP,47.75,47.91,47.24,47.69,8876
20090922,TDC,26.39,26.64,26.08,26.43,14271
20090922,TE,14.16,14.43,14.12,14.43,19179
20090922,TEG,36.06,36.31,36.04,36.13,3609
20090922,TER,9.14,9.41,8.99,9.36,47945
20090922,TGT,48.92,48.96,48.04,48.16,69677
20090922,THC,5.81,5.98,5.77,5.9,68500
20090922,TIE,10.16,10.41,10.09,10.24,25595
20090922,TIF,38.5,38.58,38,38.15,14861
20090922,TJX,38.37,38.62,38.11,38.41,40850
20090922,TLAB,7.49,7.7,7.23,7.25,251988
20090922,TMK,44.2,44.3,43.01,43.91,13581
20090922,TMO,46.06,46.34,45.93,46.07,34228
20090922,TROW,46.38,47.37,45.82,47.18,19416
20090922,TRV,47.91,48.07,47.1404,47.59,45341
20090922,TSN,12.8,12.9,12.69,12.87,33452
20090922,TSO,15.47,15.58,15.23,15.47,39895
20090922,TSS,16.17,16.28,16.02,16.07,9330
20090922,TWC,42.28,42.69,42.01,42.33,22037
20090922,TWX,30.22,30.485,29.94,30.14,65641
20090922,TXN,24.2,24.2,23.57,23.76,161261
20090922,TXT,19.51,19.6517,19.1,19.37,61233
20090922,UNH,28.72,28.78,27.51,27.58,129499
20090922,UNM,22.34,22.79,22.215,22.46,32085
20090922,UNP,61.85,62.62,61.66,62,27423
20090922,UPS,58.95,58.95,58.3,58.63,36193
20090922,USB,22.59,22.65,21.98,22.34,178195
20090922,UTX,63.21,63.3,62.8,63.23,45841
20090922,VAR,43.32,43.47,42.75,43.33,10155
20090922,VFC,72.42,72.7,71.58,71.77,5427
20090922,VIA,29.37,29.85,29.31,29.48,438
20090922,VLO,20.49,20.82,20.14,20.35,124991
20090922,VMC,55.48,56.83,54.76,56.69,13843
20090922,VNO,67.26,69.48,67.16,69.24,27069
20090922,VRSN,23.26,23.44,23.07,23.29,19793
20090922,VTR,39.04,39.84,38.876,39.83,25309
20090922,VZ,29.61,29.62,29.31,29.51,159159
20090922,WAG,34.65,34.74,34.38,34.63,46825
20090922,WAT,56.37,56.37,55.1,55.76,5614
20090922,WDC,36.19,36.31,35.42,36.25,43408
20090922,WEC,45.09,45.34,44.76,44.81,9194
20090922,WFC,28.63,29.54,28.32,29.39,452302
20090922,WFMI,28.76,29.5,28.69,29.39,32314
20090922,WFR,18.71,19.27,18.67,19.03,52056
20090922,WHR,71.76,72.2,71.04,71.71,8474
20090922,WIN,9.69,9.69,9.57,9.59,49732
20090922,WLP,54.94,55,53.44,53.7,46402
20090922,WM,30.05,30.18,29.73,29.88,27504
20090922,WMB,18.68,19.02,18.66,18.98,45753
20090922,WMT,51.03,51.3,50.92,50.99,145420
20090922,WPI,36.61,36.72,35.74,35.85,8027
20090922,WPO,465.78,465.99,447.91,461.6,595
20090922,WU,19.63,20.64,19.53,20.56,89045
20090922,WY,38.94,39.28,38.62,38.85,13928
20090922,WYE,48.56,48.71,48.38,48.54,183017
20090922,WYN,15.85,16.135,15.76,16.06,28301
20090922,WYNN,70.43,73.86,69.8,72.94,80066
20090922,X,49.56,50.33,49.22,50.24,99316
20090922,XEL,19.82,19.98,19.48,19.57,32187
20090922,XL,16.94,17.06,16.8,16.98,55433
20090922,XLNX,22.98,23.14,22.63,22.72,37027
20090922,XOM,70.03,70.14,69.7,69.83,145636
20090922,XRAY,34.53,34.94,34.43,34.57,8788
20090922,XRX,9.45,9.52,9.2,9.21,67420
20090922,XTO,42.92,43.24,42.61,42.83,51370
20090922,YHOO,17.14,17.22,16.75,16.86,305928
20090922,YUM,33.89,33.98,33.49,33.53,31084
20090922,ZION,18.37,19.25,18.27,19.07,60231
20090922,ZMH,52.67,53.04,52.17,52.43,25050
