20091120,A,28.94,29.05,28.67,28.91,19779
20091120,AA,13.04,13.15,12.92,13.13,223225
20091120,AAPL,198.33,200.39,197.76,199.92,145317
20091120,ABC,24.19,24.7,24.17,24.49,49072
20091120,ABT,53.25,53.74,52.84,53.64,63979
20091120,ACS,54.96,55.48,54.94,55.3,8470
20091120,ADBE,35.71,36.07,35.49,35.81,33444
20091120,ADI,27.65,27.75,27.24,27.48,35890
20091120,ADM,31.43,31.7542,31.26,31.62,39271
20091120,ADP,43.13,43.64,43.11,43.45,23895
20091120,ADSK,23.95,24.05,23.48,23.81,46332
20091120,AEE,25.27,25.36,25.1,25.28,21149
20091120,AEP,30.93,31.42,30.78,31.27,48381
20091120,AES,12.79,12.85,12.56,12.65,105992
20091120,AET,28.55,28.82,28.25,28.4,53483
20091120,AFL,44.61,45.1,43.97,44.1,47537
20091120,AGN,58.13,58.82,58.13,58.62,12395
20091120,AIG,35.62,35.8,35,35.1,59468
20091120,AIV,13.23,13.43,13.03,13.38,23126
20091120,AIZ,30.58,30.85,30.33,30.72,6831
20091120,AKAM,24.07,24.32,23.78,23.94,28854
20091120,AKS,17.97,18.83,17.86,18.69,68022
20091120,ALL,28.57,29.27,28.5,29.12,48364
20091120,ALTR,20.61,20.79,20.5,20.67,53916
20091120,AMAT,12.38,12.42,12.2,12.28,224108
20091120,AMD,6.9,6.995,6.8,6.95,282266
20091120,AMGN,55.69,55.79,55.12,55.38,94932
20091120,AMP,37.49,37.91,37.36,37.57,21704
20091120,AMT,40.11,40.79,39.76,40.64,27582
20091120,AMZN,127.51,129.99,127.41,129.66,66555
20091120,AN,17.92,18.33,17.64,17.78,25369
20091120,ANF,39.9,40.78,39.22,39.73,35822
20091120,APA,96.4,96.84,95.3,96.47,24987
20091120,APC,61.39,61.51,60.49,61.29,41915
20091120,APD,81.85,82.53,80.89,82.34,10442
20091120,APH,42,42.25,41.62,42.04,7385
20091120,APOL,55.34,55.69,54.89,55.1,18953
20091120,ARG,46.64,47.1,46.53,47.05,5377
20091120,ATI,33.39,34.07,32.95,34.01,14653
20091120,AVB,71.75,72.5,71.37,71.99,11902
20091120,AVP,34.2,34.35,33.78,34.03,37423
20091120,AVY,38.32,38.37,37.76,38.03,9678
20091120,AXP,40.84,41.09,40.49,40.93,106646
20091120,AYE,22.05,22.2,21.94,22.09,26083
20091120,AZO,145.02,147.89,144.63,147.42,7718
20091120,BA,51.12,51.89,51.07,51.7,46971
20091120,BAC,16.03,16.19,15.97,16.09,1283297
20091120,BAX,54.71,54.95,54.16,54.33,57329
20091120,BBBY,36.99,37.52,36.76,37.24,23503
20091120,BBT,24.58,24.75,24.43,24.6,49022
20091120,BBY,42.82,43.5,42.62,43.3,62137
20091120,BCR,81.88,81.88,80.45,80.72,9399
20091120,BDK,60.84,61.35,60.32,61,9126
20091120,BDX,73.52,74.98,73.25,73.7,16494
20091120,BEN,112.7,112.7,110.95,111.36,8145
20091120,BF.B,50.28,51.06,49.01,50.91,3009
20091120,BHI,40.91,41.49,40.31,40.49,46145
20091120,BIG,24.57,24.73,24.04,24.15,16454
20091120,BIIB,45.56,46.52,45.56,46.38,28290
20091120,BJS,18.82,19.1,18.62,18.7,41512
20091120,BK,26.14,26.66,26.01,26.19,89032
20091120,BLL,50.4,50.59,50,50.39,4546
20091120,BMC,39,39.36,38.56,38.65,11742
20091120,BMS,28.41,28.72,28.41,28.53,8328
20091120,BMY,23.92,24.495,23.89,24.46,246646
20091120,BNI,98.09,98.29,98.06,98.1,69413
20091120,BRCM,28.87,29.03,28.3,28.76,93076
20091120,BSX,8.23,8.23,8.03,8.09,233081
20091120,BTU,45.17,45.47,44.12,45.39,63645
20091120,BXP,65.56,65.8,65.19,65.5,19020
20091120,C,4.19,4.23,4.19,4.2,1244406
20091120,CA,21.92,22.08,21.77,21.86,57447
20091120,CAG,22.38,22.5,22.21,22.35,27226
20091120,CAH,31.56,31.96,31.32,31.77,54034
20091120,CAM,38.51,38.71,37.21,37.48,41915
20091120,CAT,58.1,58.24,57.04,57.95,86984
20091120,CB,49.85,50.23,49.73,50.04,15828
20091120,CBG,10.98,11.15,10.89,11.13,42772
20091120,CBS,13.08,13.14,12.74,12.84,79730
20091120,CCE,20.17,20.49,20.12,20.42,27789
20091120,CCL,31.78,32.15,31.575,32.09,30800
20091120,CEG,31.07,31.46,30.91,31.29,14866
20091120,CELG,54.42,55.12,54.28,54.91,31465
20091120,CEPH,59.63,60,59.38,59.61,19414
20091120,CF,82.35,84.18,80,82.73,42184
20091120,CFN,25.11,25.38,25.04,25.06,8862
20091120,CHK,23.2,23.37,22.77,23.03,130400
20091120,CHRW,57.09,57.54,56.89,57.2,11648
20091120,CI,29.47,30.17,29.46,30.03,29704
20091120,CINF,25.37,25.67,25.3,25.43,10199
20091120,CL,84.12,85.02,83.88,83.97,40951
20091120,CLF,41.48,43.24,41.27,43.02,31162
20091120,CLX,59.89,60.07,59.53,59.65,10301
20091120,CMA,27.93,28.21,27.62,27.91,13591
20091120,CMCSA,15.02,15.09,14.94,15.01,336351
20091120,CME,320.23,325.45,316.85,322.99,5655
20091120,CMI,46.76,46.93,45.85,46.5,16441
20091120,CMS,13.94,14.09,13.85,14.05,34073
20091120,CNP,12.69,12.8,12.64,12.77,41255
20091120,CNX,47.14,47.16,44.95,46,42079
20091120,COF,38.01,38.62,37.58,37.7,73340
20091120,COG,38.5,38.51,37.49,38.22,12918
20091120,COH,33.72,34.24,33.4,33.79,58950
20091120,COL,52.2,53.14,52.12,53.08,11992
20091120,COP,52.28,52.55,51.63,52.08,118538
20091120,COST,60.3,60.84,59.8,60.06,26963
20091120,CPB,34.07,34.34,33.95,34.12,26914
20091120,CPWR,7.34,7.4,7.3,7.38,21815
20091120,CRM,62.07,62.73,61.75,62.56,14249
20091120,CSC,54.73,54.79,53.9565,54.33,6555
20091120,CSCO,23.49,23.57,23.3,23.46,363226
20091120,CSX,48.29,48.75,48.15,48.62,42869
20091120,CTAS,28.07,28.29,27.79,27.96,9297
20091120,CTL,34.85,35.75,34.8,35.61,45440
20091120,CTSH,43.76,44.13,43.38,43.68,27705
20091120,CTXS,37.97,38.12,37.31,37.84,24911
20091120,CVH,22.39,22.76,22.38,22.54,17029
20091120,CVS,31.14,31.71,31.1,31.64,272794
20091120,CVX,76.85,77.23,76.4,76.77,106315
20091120,D,36.03,36.41,35.81,36.37,54685
20091120,DD,34.42,34.73,34.22,34.51,58932
20091120,DE,50.69,51.05,49.78,50.83,56968
20091120,DELL,14.59,14.69,14.24,14.29,945279
20091120,DF,15.88,16.22,15.77,16.12,33306
20091120,DFS,15.19,15.38,15.08,15.35,42354
20091120,DGX,58.06,58.47,57.95,58.15,13319
20091120,DHI,11.47,11.63,10.24,10.37,358884
20091120,DHR,71.54,71.84,71.16,71.68,16517
20091120,DIS,30.07,30.25,29.85,30.01,92057
20091120,DNB,79.94,80,79.44,79.87,2348
20091120,DNR,13.11,13.29,12.89,13.27,52069
20091120,DO,99.01,99.8,97.07,97.66,19218
20091120,DOV,41.04,41.65,40.97,41.37,7969
20091120,DOW,27.83,28.36,27.72,27.93,93466
20091120,DPS,26.69,27.59,26.28,27.3,26545
20091120,DRI,31.4,31.82,31.06,31.44,20995
20091120,DTE,39.7,39.92,39.55,39.68,16407
20091120,DTV,31.35,32.07,30.88,31.54,376111
20091120,DUK,16.05,16.28,16.05,16.22,87629
20091120,DV,54.13,54.19,53.77,54.03,6276
20091120,DVA,58.22,59.21,58.02,58.95,9347
20091120,DVN,68.51,68.78,67.06,67.5,47422
20091120,EBAY,23.06,23.15,22.75,22.79,167503
20091120,ECL,45.16,45.42,44.95,45.29,10521
20091120,ED,41.7,42.05,41.67,41.9,20487
20091120,EFX,28.83,29,28.61,28.78,7138
20091120,EIX,32.84,33.13,32.84,33.04,20449
20091120,EK,4.03,4.12,3.91,4.01,47147
20091120,EL,47.41,47.94,46.94,47.86,20812
20091120,EMC,17.08,17.15,16.79,17.04,163512
20091120,EMN,58.22,58.95,57.77,58.76,8702
20091120,EMR,41.74,41.83,41,41.68,42679
20091120,EOG,86.27,86.73,85.19,86.47,32189
20091120,EP,9.49,9.66,9.49,9.56,76780
20091120,EQR,31.97,32.1,31.66,31.95,24672
20091120,EQT,40.46,40.79,40.02,40.54,15993
20091120,ERTS,17.21,17.55,17.15,17.3,64539
20091120,ESRX,83.44,85.43,83.3,85.09,21831
20091120,ETFC,1.64,1.7,1.59,1.64,673742
20091120,ETN,63.03,63.5,62.77,63.19,17948
20091120,ETR,77.52,78.14,77.21,77.79,8706
20091120,EXC,46.38,46.98,46.18,46.81,48172
20091120,EXPD,32.08,32.32,31.995,32.18,13632
20091120,EXPE,24.45,25.05,24.44,24.95,42975
20091120,F,8.63,8.78,8.58,8.64,593146
20091120,FAST,37.27,37.45,36.7,37.01,8184
20091120,FCX,84.08,84.87,83.1,84.57,114197
20091120,FDO,30.25,30.65,30.17,30.38,19376
20091120,FDX,81.93,82.6,80.6,81.78,24225
20091120,FE,42.16,42.31,41.91,41.95,22818
20091120,FHN,12.64,13.145,12.52,13.12,40314
20091120,FII,26.83,26.85,26.59,26.64,10392
20091120,FIS,22.85,23,22.64,22.73,29178
20091120,FISV,47.61,47.81,47.05,47.25,13366
20091120,FITB,9.97,10.1,9.86,9.97,180058
20091120,FLIR,29.56,30.5,29.21,29.57,10283
20091120,FLR,43.91,44.47,43.56,44.32,31356
20091120,FLS,101.45,101.89,100.34,101.57,4252
20091120,FMC,55.88,56.44,55.75,56.33,4228
20091120,FO,38.52,38.74,37.74,38.53,7992
20091120,FPL,50.85,51.17,50.58,51.11,18568
20091120,FRX,29.19,29.62,28.93,29.57,34444
20091120,FSLR,119.89,121.79,118.9,121.18,16559
20091120,FTI,55.31,55.31,54.04,54.37,9583
20091120,FTR,7.47,7.53,7.38,7.49,41447
20091120,GAS,38.8,38.84,38.24,38.57,3616
20091120,GCI,10.74,10.83,10.33,10.38,43022
20091120,GD,66.23,66.7,65.96,66.47,18601
20091120,GE,15.66,15.72,15.45,15.59,639159
20091120,GENZ,49.33,50.26,48.77,50.05,29743
20091120,GILD,46.27,46.64,46.045,46.39,49362
20091120,GIS,67.3,68,67.3,67.94,23039
20091120,GLW,16.5,16.54,16.37,16.41,94845
20091120,GME,24.41,25.65,24.41,25.49,60483
20091120,GNW,10.93,11.17,10.85,11.01,123427
20091120,GOOG,569.99,571.6,569.4,569.964,20062
20091120,GPC,36.3,36.58,36.28,36.4,5647
20091120,GPS,21.42,22.06,21.42,21.95,122737
20091120,GR,60.42,60.92,59.9,60.85,9080
20091120,GS,171.4,172.44,170.01,170.01,88253
20091120,GT,14.33,14.48,13.805,14.11,39920
20091120,GWW,96.78,97.5,96.04,97.16,9190
20091120,HAL,30.22,30.46,29.72,29.88,154943
20091120,HAR,35.82,36.28,35.82,36.17,6596
20091120,HAS,29.4,29.4,28.95,29.1,20705
20091120,HBAN,3.8,3.86,3.74,3.78,186795
20091120,HCBK,13.3,13.37,13.2,13.3,31478
20091120,HCN,43.62,44.22,43.51,43.84,13813
20091120,HCP,29.62,30.24,29.53,30.03,38642
20091120,HD,26.98,27.27,26.74,27.18,176025
20091120,HES,57.93,59.11,57.6,58.84,58242
20091120,HIG,25.14,25.33,24.75,25,56143
20091120,HNZ,41.87,42.36,41.87,42.23,23633
20091120,HOG,27.27,27.85,27.18,27.84,31029
20091120,HON,38.01,38.34,37.72,38.04,57734
20091120,HOT,32.3,32.43,31.52,32.05,29163
20091120,HPQ,49.58,50.27,49.51,50.04,143910
20091120,HRB,20.36,20.525,20.295,20.38,20549
20091120,HRL,38.27,38.72,38.26,38.29,8054
20091120,HRS,43.05,43.26,42.72,43.07,7719
20091120,HSP,46.86,47.12,46.7,46.88,6088
20091120,HST,10.07,10.21,10.04,10.06,62103
20091120,HSY,37.21,37.58,37.025,37.18,16112
20091120,HUM,40.86,40.86,40.15,40.44,15636
20091120,IBM,127.17,127.69,126.46,126.96,53547
20091120,ICE,106.1,107.31,105.09,106.77,6043
20091120,IFF,40.27,40.64,40.2,40.46,3914
20091120,IGT,19.48,19.75,19.01,19.44,59296
20091120,INTC,19.15,19.31,19.08,19.24,491375
20091120,INTU,29.6,29.995,29.27,29.66,45156
20091120,IP,24.5,25.07,24.45,24.89,41551
20091120,IPG,6.71,6.89,6.63,6.83,42567
20091120,IRM,24.39,24.61,24.19,24.33,12108
20091120,ISRG,277.25,281.68,273.15,276.44,7916
20091120,ITT,50.34,50.98,49.68,50.84,21744
20091120,ITW,49.42,49.65,49.15,49.51,24554
20091120,IVZ,22.08,22.46,21.88,22.1,31098
20091120,JAVA,8.64,8.66,8.49,8.61,82052
20091120,JBL,13.6,13.77,13.5,13.63,22447
20091120,JCI,27.1,27.32,26.74,26.86,31279
20091120,JCP,29.19,30.15,29.12,29.43,66568
20091120,JDSU,7.33,7.4,7.21,7.29,41125
20091120,JEC,36.38,36.9,35.78,36.59,47568
20091120,JNJ,61.82,62.62,61.72,62.31,163001
20091120,JNPR,25.04,25.32,24.865,25.2,53026
20091120,JNS,13.35,13.42,13.06,13.21,16535
20091120,JPM,42.47,42.74,42.15,42.46,253324
20091120,JWN,34.03,34.78,33.5,33.95,32741
20091120,K,53.03,53.47,52.89,53.12,19322
20091120,KEY,5.77,5.9,5.69,5.73,109242
20091120,KFT,27.59,27.84,27.11,27.17,113966
20091120,KG,12,12,11.78,11.8,40186
20091120,KIM,12.37,12.48,12.21,12.4,50031
20091120,KLAC,31.79,32.09,31.64,31.89,28939
20091120,KMB,64.7,64.9,64.29,64.75,17526
20091120,KO,56.69,57.69,56.69,57.48,103493
20091120,KR,22.88,23.13,22.71,22.86,67870
20091120,KSS,54.12,54.93,53.74,53.96,36852
20091120,L,35.62,35.74,35.29,35.5,19545
20091120,LEG,19.5,19.63,19.415,19.53,13153
20091120,LEN,13.83,13.96,13.49,13.67,49796
20091120,LH,73.13,73.88,73.13,73.66,5652
20091120,LIFE,49.56,50.25,49.06,49.48,12621
20091120,LLL,76.81,77.76,76.81,77.53,7450
20091120,LLTC,26.57,26.77,26.32,26.44,39220
20091120,LLY,36.04,36.7,36,36.59,73207
20091120,LM,29.2,29.615,29.05,29.53,18805
20091120,LMT,74.92,76.35,74.66,76.1,28441
20091120,LNC,23.49,23.9,23.15,23.53,35211
20091120,LO,79.05,79.79,78.83,79.48,15400
20091120,LOW,21.39,21.61,21.15,21.35,125947
20091120,LSI,5.48,5.51,5.3505,5.47,53060
20091120,LTD,17.6,17.92,17.15,17.25,45886
20091120,LUK,22.23,22.27,21.56,21.91,13484
20091120,LUV,8.87,9.1,8.84,9,55499
20091120,LXK,25.42,25.53,25.1,25.28,12591
20091120,M,17.2,17.53,16.66,17.11,104669
20091120,MA,229.74,231.74,228.44,231.16,18118
20091120,MAR,26.37,26.52,25.89,26.13,35454
20091120,MAS,14.21,14.3,13.8,14.04,36736
20091120,MAT,20.25,20.32,19.84,20.01,45649
20091120,MCD,63.36,64.19,63.25,63.97,88508
20091120,MCHP,25.59,25.629,25.36,25.53,20159
20091120,MCK,62.72,63.6,62.42,63.12,20231
20091120,MCO,23.06,23.22,22.56,22.95,49040
20091120,MDP,28.25,28.3,27.41,27.75,2290
20091120,MDT,39.59,39.94,39.38,39.62,50527
20091120,MEE,37.49,38.01,36.47,37.99,41559
20091120,MET,33.94,34.09,33.62,33.9,63934
20091120,MFE,40.88,41.12,40.36,40.62,11159
20091120,MHP,31.59,31.83,30.76,30.99,39369
20091120,MHS,61.25,61.9,61.08,61.61,27518
20091120,MI,5.37,5.44,5.31,5.36,83732
20091120,MIL,67.67,67.95,67.52,67.73,6560
20091120,MJN,44.64,44.64,43.26,44.31,25053
20091120,MKC,35.89,36.15,35.8301,35.96,6998
20091120,MMC,22.52,22.68,22.39,22.57,57470
20091120,MMM,77.22,77.22,76.25,76.64,30274
20091120,MO,19.16,19.17,18.88,18.98,199128
20091120,MOLX,18.75,19.22,18.75,18.97,11449
20091120,MON,79.05,80.22,78.39,80.08,64146
20091120,MOT,8.4,8.43,8.23,8.28,227425
20091120,MRK,35.45,36.67,35.33,36.46,363694
20091120,MRO,33.24,33.31,32.46,33.02,99413
20091120,MS,32.42,32.8,32.06,32.1,118957
20091120,MSFT,29.67,29.77,29.43,29.62,426480
20091120,MTB,65.14,65.98,64.05,65.85,11451
20091120,MU,7.05,7.31,6.94,7.26,229817
20091120,MUR,57.13,57.45,56.81,57.06,23097
20091120,MWV,26.21,26.44,26.02,26.28,14442
20091120,MWW,15.41,15.7141,15.36,15.4,16608
20091120,MYL,17.41,17.63,17.31,17.55,40932
20091120,NBL,63.83,65.14,63.49,64.77,26991
20091120,NBR,20.86,20.89,19.83,19.83,107431
20091120,NDAQ,19.14,19.28,18.9,18.97,28653
20091120,NEM,52.01,52.6,51.55,52.26,69945
20091120,NI,13.77,13.84,13.64,13.74,22996
20091120,NKE,63.34,64.08,62.7,63.92,31536
20091120,NOC,54.49,55.08,54.3,55,17596
20091120,NOV,43.27,43.68,42.35,42.79,50618
20091120,NOVL,3.97,4.07,3.97,3.98,20884
20091120,NSC,50.58,51.55,50.57,51.4,34446
20091120,NSM,13.64,13.71,13.42,13.61,60718
20091120,NTAP,30.43,30.62,30.01,30.44,55196
20091120,NTRS,47.54,47.68,47.02,47.24,29017
20091120,NU,23.61,23.97,23.61,23.95,11836
20091120,NUE,40.8,41.24,40.46,41.13,39635
20091120,NVDA,12.7,12.96,12.65,12.9,106731
20091120,NVLS,20.8,21.035,20.66,20.96,46268
20091120,NWL,14.38,14.5,14.22,14.45,25251
20091120,NWSA,12.17,12.3119,11.89,11.98,122505
20091120,NYT,8.86,8.86,8.36,8.65,10192
20091120,NYX,25.84,25.93,25.47,25.76,30373
20091120,ODP,6.5,6.59,6.31,6.36,39388
20091120,OI,31.77,32.44,31.61,32.31,17305
20091120,OMC,36.18,36.2,35.66,36.14,16080
20091120,ORCL,22.28,22.39,22.18,22.34,244939
20091120,ORLY,38.62,39.15,38.51,38.9,13547
20091120,OXY,81.12,81.12,79.08,79.99,64464
20091120,PAYX,30.7,31.12,30.69,31.05,21744
20091120,PBCT,16.41,16.6,16.41,16.47,18765
20091120,PBG,37.74,38.03,37.62,37.87,13803
20091120,PBI,23.95,24.06,23.6,23.64,18883
20091120,PCAR,38.71,39.39,38.04,38.49,25522
20091120,PCG,41.64,42.18,41.52,42.1,33123
20091120,PCL,33.92,34.35,33.89,34.2,12986
20091120,PCLN,205.52,209.8,204.37,208.75,13927
20091120,PCP,103.24,104.64,102.4,103.2,8336
20091120,PCS,6.1,6.73,6.05,6.52,227170
20091120,PDCO,26.2,26.2,25.69,25.87,18595
20091120,PEG,30.77,31.19,30.62,31.05,27594
20091120,PEP,61.67,62.31,61.43,62.08,53151
20091120,PFE,18.15,18.48,18.12,18.36,609763
20091120,PFG,25.15,25.89,25.15,25.78,29212
20091120,PG,62,62.22,61.48,61.8,123536
20091120,PGN,38.23,38.57,38,38.51,18614
20091120,PGR,16.66,16.92,16.63,16.85,30899
20091120,PH,53.41,54.34,53.41,53.98,14367
20091120,PHM,9.42,9.61,9.3,9.46,91378
20091120,PKI,19.2,19.27,18.87,19.04,13356
20091120,PLD,13.12,13.57,13.07,13.3,79086
20091120,PLL,32.02,32.41,32.02,32.25,9611
20091120,PM,50.01,50.28,49.63,49.73,77723
20091120,PNC,54.78,55.03,54.37,54.84,33040
20091120,PNW,34.06,34.21,33.99,34.03,10630
20091120,POM,15.48,15.62,15.41,15.54,24777
20091120,PPG,59.09,59.53,58.67,59.25,10925
20091120,PPL,29.8,30.35,29.75,30.14,26182
20091120,PRU,47.9,48.32,47.45,47.67,43789
20091120,PSA,78.75,78.96,78.5,78.6,22495
20091120,PTV,23.18,23.52,23.12,23.5,13739
20091120,PWR,19.65,19.85,19.47,19.61,26339
20091120,PX,81.81,82.84,81.74,82.61,12856
20091120,PXD,41,41.18,40.27,40.91,11428
20091120,Q,3.64,3.8,3.64,3.74,260037
20091120,QCOM,44.83,45.25,44.76,45.1,125581
20091120,QLGC,18.82,18.89,18.55,18.81,10386
20091120,R,42,42.47,40.94,41.16,10576
20091120,RAI,50.64,50.89,50.5,50.88,12620
20091120,RDC,25.23,25.3,24.12,24.55,54381
20091120,RF,5.31,5.52,5.29,5.45,350998
20091120,RHI,23.17,23.39,23.02,23.23,7113
20091120,RHT,27.71,27.78,26.87,27.09,20180
20091120,RL,78.39,79.29,77.91,78.57,11728
20091120,ROK,44.58,44.59,43.26,44.1,10759
20091120,ROP,52.2,53,52.12,52.88,5284
20091120,ROST,44.89,44.95,43.71,43.81,31318
20091120,RRC,46.09,47.21,46.01,46.49,44827
20091120,RRD,20.53,20.68,20.22,20.39,20422
20091120,RSG,27.49,27.57,27.24,27.4,10895
20091120,RSH,18.6,19.2,18.6,19.11,28831
20091120,RTN,49.8,50.69,49.8,50.59,30390
20091120,RX,21.36,21.49,21.35,21.45,72897
20091120,S,3.82,3.86,3.74,3.76,609982
20091120,SAI,18.2,18.23,17.93,17.98,13117
20091120,SBUX,21.39,21.72,21.2,21.41,64760
20091120,SCG,34.37,34.64,34.28,34.62,7824
20091120,SCHW,18.26,18.33,18.04,18.25,58991
20091120,SE,19.06,19.18,18.9,19.1,28241
20091120,SEE,21.88,22.28,21.83,22.15,9008
20091120,SHLD,72.96,74.23,72.19,72.64,16674
20091120,SHW,59.81,60.12,59.47,59.94,10440
20091120,SIAL,53.49,54.15,53.3,53.94,7792
20091120,SII,26.59,27.025,26.48,26.97,91259
20091120,SJM,55.83,56.86,55.13,56.35,34560
20091120,SLB,64.22,64.53,62.85,63.34,85224
20091120,SLE,12.19,12.49,12.19,12.49,81664
20091120,SLM,10.86,11,10.71,10.89,36196
20091120,SNA,36.77,37.06,36.51,36.83,3018
20091120,SNDK,19.9,20.29,19.81,20.24,58212
20091120,SNI,40.04,40.4,39.89,40.24,5713
20091120,SO,31.5,31.57,31.33,31.4,61892
20091120,SPG,73.53,73.75,72.55,72.56,29744
20091120,SPLS,22.68,22.88,22.49,22.72,41018
20091120,SRCL,54.15,54.44,53.87,54.1,4661
20091120,SRE,52.04,52.05,51.61,51.96,13092
20091120,STI,21.67,22.07,21.57,22.04,72183
20091120,STJ,34.38,34.66,34.25,34.32,36137
20091120,STR,39.83,40.15,39.18,39.59,19016
20091120,STT,41.44,41.96,40.45,40.8,59975
20091120,STZ,17.03,17.17,16.87,17.09,20344
20091120,SUN,25.53,26.11,25.38,25.93,58230
20091120,SVU,15.09,15.15,14.9,14.94,37522
20091120,SWK,49.07,49.41,48.55,48.95,13546
20091120,SWN,41,41.64,41,41.49,54875
20091120,SWY,22.49,22.83,22.39,22.62,53263
20091120,SYK,48.79,48.84,48.05,48.73,14274
20091120,SYMC,17.71,18,17.61,17.72,81234
20091120,SYY,27.01,27.3,26.93,27.04,37976
20091120,T,26.1,26.29,26,26.02,237389
20091120,TAP,45.73,45.83,45.4,45.57,7509
20091120,TDC,29.37,29.48,28.861,29.43,18352
20091120,TE,14.45,14.55,14.38,14.54,19980
20091120,TEG,38.09,38.39,38.05,38.15,6451
20091120,TER,8.72,8.91,8.66,8.76,27216
20091120,TGT,47.73,48.18,47.2,47.46,77295
20091120,THC,5.17,5.3,5.16,5.27,35835
20091120,TIE,9.79,9.98,9.6,9.96,27008
20091120,TIF,40.96,41.71,40.56,41.3,20050
20091120,TJX,39,39.3375,38.53,38.8,42077
20091120,TLAB,5.65,5.755,5.55,5.72,63618
20091120,TMK,42.44,42.56,41.97,42.32,5386
20091120,TMO,46.33,46.65,45.96,46.56,36205
20091120,TROW,49,49.22,48.21,48.71,12359
20091120,TRV,52.58,52.66,52.24,52.38,41071
20091120,TSN,13.02,13.18,12.79,13.07,51533
20091120,TSO,13.2,13.42,13,13.25,48039
20091120,TSS,17.23,17.29,17.13,17.18,16239
20091120,TWC,42.61,42.75,41.91,42.39,19885
20091120,TWX,32.19,32.19,31.54,31.64,56011
20091120,TXN,24.75,25,24.65,24.74,132528
20091120,TXT,20,20.01,19.41,19.64,53983
20091120,UNH,28.3,28.77,28.3,28.56,90091
20091120,UNM,19.02,19.19,18.87,19.08,39376
20091120,UNP,64.54,65.25,64.3,65.05,36354
20091120,UPS,56.83,57.64,56.83,57.51,42277
20091120,USB,22.95,23.4,22.9,23.29,112209
20091120,UTX,67.73,68.11,67.49,67.97,33613
20091120,V,79.72,80.4397,79.6309,80,31345
20091120,VAR,45.57,45.79,45.39,45.61,6881
20091120,VFC,73.07,73.49,72.06,72.46,11711
20091120,VIA,31.98,32.12,31.45,31.52,594
20091120,VLO,16.6,16.74,16.36,16.47,127119
20091120,VMC,50.7,50.7,49.18,49.77,13919
20091120,VNO,64.76,65.14,64.25,64.34,28121
20091120,VRSN,21.49,21.76,21.28,21.56,65810
20091120,VTR,41.64,42.18,41.6,41.74,14249
20091120,VZ,30.38,30.53,30.3,30.43,113790
20091120,WAG,38.75,39.05,38.59,38.97,63745
20091120,WAT,59.24,59.5,58.57,59.04,11101
20091120,WDC,36.96,37.37,36.63,37.05,31963
20091120,WEC,44.22,45.14,44.22,45.1,11513
20091120,WFC,28.21,28.28,27.66,27.87,418810
20091120,WFMI,26.65,26.9,26.275,26.36,24111
20091120,WFR,12.25,12.27,12.02,12.08,64355
20091120,WHR,70.38,70.8199,68.9,69.66,18264
20091120,WIN,10.03,10.06,10,10.05,37635
20091120,WLP,51.94,52.255,51.5,52.14,34594
20091120,WM,32.13,32.42,32.02,32.3,15255
20091120,WMB,19.67,19.91,19.45,19.85,72659
20091120,WMT,54.53,54.87,54,54.28,150504
20091120,WPI,35.4,35.5,35.08,35.15,9498
20091120,WPO,422.04,423.05,411.59,414.3,407
20091120,WU,19.21,19.25,18.71,18.83,93199
20091120,WY,38.39,38.74,37.5,37.86,19817
20091120,WYN,18.87,19.225,18.62,18.99,17672
20091120,WYNN,63.38,65.21,63.01,63.88,20780
20091120,X,40.45,41.4,40.15,41.32,77563
20091120,XEL,19.96,20.09,19.89,20.02,25785
20091120,XL,17.78,18.04,17.51,18,43424
20091120,XLNX,22.42,22.44,22.1,22.28,38237
20091120,XOM,74.38,74.81,74.03,74.38,192698
20091120,XRAY,32.75,33,32.68,32.86,11135
20091120,XRX,7.76,7.87,7.73,7.83,100247
20091120,XTO,41.35,41.56,40.82,41.11,94410
20091120,YHOO,15.5,15.74,15.36,15.38,161299
20091120,YUM,35.51,35.765,35.35,35.73,33232
20091120,ZION,12.68,12.92,12.5,12.55,40300
20091120,ZMH,56.61,57.055,55.64,56.92,21451
