20090209,A,19.14,19.41,18.69,19.04,33427
20090209,AA,8.52,8.9,8.36,8.5,234726
20090209,AAPL,100,103,99.5,102.51,255357
20090209,ABC,38.75,38.76,38.11,38.68,11073
20090209,ABT,57.2,57.36,56.28,57.25,112108
20090209,ACAS,2.73,3.44,2.68,3.33,68394
20090209,ACS,46.73,48.32,46.52,48.19,15152
20090209,ADBE,21.99,22.01,21.1,21.42,72464
20090209,ADI,22.19,22.48,22,22.31,37959
20090209,ADM,27.43,29.26,27.35,29.03,125199
20090209,ADP,39.2,39.64,39.03,39.25,37930
20090209,ADSK,18.55,18.638,18,18.2,29848
20090209,AEE,33.54,33.83,33.06,33.62,11776
20090209,AEP,33.06,33.2,32.37,32.94,21007
20090209,AES,8.65,8.65,8.2,8.26,43776
20090209,AET,34.12,34.67,33.63,34.21,42237
20090209,AFL,22.66,24.02,22.33,23.69,99656
20090209,AGN,41.29,41.84,40.3,41.37,18453
20090209,AIG,1.05,1.07,1,1.04,287892
20090209,AIV,7.3,7.36,7.01,7.34,34947
20090209,AIZ,25.78,27.06,25.25,26.52,21835
20090209,AKAM,17.49,17.65,17.16,17.53,53696
20090209,AKS,9.97,10.33,9.42,9.78,83162
20090209,ALL,22.86,23.12,22.03,22.32,53767
20090209,ALTR,16.74,16.8,16.15,16.4,86259
20090209,AMAT,10.32,10.56,10.12,10.2,270479
20090209,AMD,2.36,2.41,2.33,2.36,99220
20090209,AMGN,58.06,58.89,57.85,58.74,74020
20090209,AMP,21.66,22.61,21.13,21.83,40514
20090209,AMT,29.91,30.17,29.35,30.04,27906
20090209,AMZN,66.82,67.36,65.38,66.71,94459
20090209,AN,11.5,11.63,11.05,11.33,11332
20090209,ANF,20.95,21.28,20.33,20.97,21871
20090209,AOC,40.32,41.49,39.92,41.46,36124
20090209,APA,77.39,80.29,77.03,79.39,45339
20090209,APC,41.85,43,40.97,41.42,75369
20090209,APD,55.33,56.98,53.8,55.85,23779
20090209,APH,29.65,29.79,28.35,28.65,16856
20090209,APOL,83.9,85.75,83.14,84.23,27165
20090209,ATI,25.69,26.34,24.82,25.55,18117
20090209,AVB,50.72,51.1,49.27,51.01,17659
20090209,AVP,22.69,22.69,22.24,22.45,29315
20090209,AVY,24.65,25.13,24.37,24.72,10168
20090209,AXP,17.91,17.94,17.32,17.75,109528
20090209,AYE,34.47,34.8,33.86,34.1,11887
20090209,AZO,144.15,144.99,141.47,142.46,8293
20090209,BA,42.8,43.42,42.44,42.8,50919
20090209,BAC,6.57,7.05,6.31,6.89,4614300
20090209,BAX,60.24,60.24,58.07,58.92,40345
20090209,BBBY,23.94,24.25,23.37,24.09,41056
20090209,BBT,19.43,20.13,18.89,19.58,92661
20090209,BBY,29.78,30.3,28.88,30.14,57469
20090209,BCR,86.5,86.57,85.12,86.16,6931
20090209,BDK,29.64,30.11,29.3,29.59,16040
20090209,BDX,74.2,74.23,71.8,72.82,15638
20090209,BEN,56.08,56.53,54.3732,55.88,13157
20090209,BF.B,47.75,48.14,46.499,46.84,3347
20090209,BHI,36.53,37.55,35.38,35.93,45852
20090209,BIG,14.62,15.36,14.42,15.21,27284
20090209,BIIB,51.16,52.24,50.5,52.16,37438
20090209,BJS,12.39,12.64,11.89,12.08,59402
20090209,BK,28.65,28.89,27.61,28.26,73972
20090209,BLL,41,42.04,40.6,41.81,10547
20090209,BMC,28.71,29.67,28.5,29.49,40986
20090209,BMS,22.96,23.2,22.67,22.9,8575
20090209,BMY,23.09,23.22,22.62,23.08,85205
20090209,BNI,73.04,73.88,70.95,73.26,28436
20090209,BRCM,18.1,18.4,17.75,18.21,161435
20090209,BSX,9.38,9.49,9.07,9.18,99972
20090209,BTU,29.53,30.95,28.81,29.37,74480
20090209,BXP,45.25,47.9,45.14,47.71,34216
20090209,C,4.06,4.1,3.87,3.95,1744828
20090209,CA,18.48,18.741,18.34,18.74,48421
20090209,CAG,17.41,17.61,16.85,16.95,75388
20090209,CAH,39.02,39.52,38.49,39.11,14216
20090209,CAM,23,24.22,22.53,22.96,41755
20090209,CAT,33.47,33.6,32.4,32.72,90676
20090209,CB,43.1,43.41,42.36,43.08,31836
20090209,CBE,28.85,29.37,28.44,28.86,19556
20090209,CBG,4.22,4.5,4.19,4.37,32123
20090209,CBS,6.4,6.46,6.15,6.22,100688
20090209,CCE,12.59,12.67,12.23,12.41,28680
20090209,CCL,20.59,21.63,20.24,21.45,70331
20090209,CEG,26.89,27.13,26.2,26.4,14750
20090209,CELG,55.06,55.35,53.77,54.29,35377
20090209,CEPH,78.32,80.24,77.4,79.68,19570
20090209,CF,54.81,56.72,52.17,53.44,35933
20090209,CHK,18.74,19.3,18.6,18.87,161196
20090209,CHRW,49.67,50.14,48.68,49.7,22701
20090209,CI,21.58,23.06,21.37,22.25,41287
20090209,CIEN,6.69,6.8,6.51,6.57,24454
20090209,CINF,22.42,22.82,21.93,22.36,12914
20090209,CIT,3.28,3.39,3.15,3.28,93224
20090209,CL,65.42,65.99,63.6154,64.15,37207
20090209,CLX,54.01,54.17,53.56,53.82,13061
20090209,CMA,18.77,19.62,18.26,19.06,26722
20090209,CMCSA,14.1,14.5,13.88,14.41,227232
20090209,CME,187.45,192.51,184.32,187.98,11175
20090209,CMI,28.27,28.59,27.09,27.45,37463
20090209,CMS,12.15,12.15,11.818,11.97,19483
20090209,CNP,14.5,14.53,14.03,14.21,25415
20090209,CNX,33.38,34.79,32.2,33.18,46916
20090209,COF,14.49,15.67,14.12,14.95,121086
20090209,COG,29.83,31.04,29.83,30.76,30354
20090209,COH,15.89,16.01,14.98,15.13,79814
20090209,COL,38.67,39.2795,38.34,38.99,15008
20090209,COP,48.03,49.17,47.62,48.53,127601
20090209,COST,44.78,45.41,44.57,45.17,53369
20090209,COV,39.71,39.8,38.89,39.3,26795
20090209,CPB,30.57,31.15,30.21,31.01,21224
20090209,CPWR,6.86,6.93,6.6,6.77,17677
20090209,CRM,28.8,29.96,28.75,28.92,23180
20090209,CSC,40.47,40.48,39.52,40.27,8814
20090209,CSCO,17.01,17.05,16.62,16.85,376334
20090209,CSX,32.7,33.49,32.02,32.78,39283
20090209,CTAS,23.5,24.09,23.4,23.98,18786
20090209,CTL,27.41,28.14,27.41,27.7,15742
20090209,CTSH,20.1,20.6,19.98,20.35,36138
20090209,CTX,10.75,10.97,10.02,10.55,92286
20090209,CTXS,23.8,24,23.43,23.75,18479
20090209,CVG,8.35,8.35,7.92,8.02,8704
20090209,CVH,16.76,16.95,16.42,16.87,16008
20090209,CVS,28.97,28.97,27.96,28.68,84637
20090209,CVX,74.41,75.56,73.59,74.42,148956
20090209,D,37.02,37.18,35.83,36.19,27587
20090209,DD,24.52,25.19,24.17,24.84,70747
20090209,DDR,5.04,5.15,4.68,4.82,42150
20090209,DE,41.95,42,39.87,40.62,42291
20090209,DELL,9.43,9.73,9.21,9.64,406346
20090209,DF,19.34,19.42,18.89,19.11,25662
20090209,DFS,7.71,8.035,7.56,7.96,79388
20090209,DGX,52.01,52.27,51.27,52.12,13204
20090209,DHI,9.59,9.6,8.7,9.03,123537
20090209,DHR,58.39,58.93,57.49,57.92,24412
20090209,DIS,19.82,19.82,19.1,19.44,154062
20090209,DNB,81,81.49,79.99,81.21,3111
20090209,DOV,30.34,31.68,30.34,31.17,21302
20090209,DOW,10.79,10.96,10.4,10.65,205527
20090209,DPS,16.6,16.64,16.13,16.31,9286
20090209,DRI,28.65,28.72,27.77,28.6,18790
20090209,DTE,34.91,34.93,34.34,34.88,9738
20090209,DTV,22.52,22.93,22.41,22.58,80745
20090209,DUK,15.7,15.75,15.38,15.66,80610
20090209,DVA,46.96,47.2,45,45.94,24107
20090209,DVN,58.33,60.12,58.3,59.35,64029
20090209,DYN,1.99,1.99,1.92,1.95,74457
20090209,EBAY,13.59,13.98,13.4,13.85,94658
20090209,ECL,35.85,36,34.96,35.18,14823
20090209,ED,41.27,41.34,40.57,41.19,21620
20090209,EFX,24.5,25.29,24.37,24.59,16632
20090209,EIX,33.24,33.48,32.81,33.04,25669
20090209,EK,4.6,4.85,4.54,4.65,56389
20090209,EL,28.15,28.9,28.15,28.73,22694
20090209,EMC,11.93,12.59,11.77,12.51,343393
20090209,EMN,26.17,26.63,25.81,26.16,11306
20090209,EMR,33.4,35.4625,33,34.97,88640
20090209,EOG,69.26,71.16,68.25,70.74,40168
20090209,EP,9.05,9.3,9.02,9.14,102762
20090209,EQ,36.89,37.31,36.46,36.55,10875
20090209,EQR,23.15,23.53,22.49,23.46,47360
20090209,EQT,38.86,39.69,38.13,38.36,18298
20090209,ERTS,19.1,19.1,18.46,18.58,101327
20090209,ESRX,58.15,58.3,56.61,57.74,15138
20090209,ESV,28.99,29.52,27.94,28.43,35328
20090209,ETFC,1.26,1.35,1.2,1.33,98903
20090209,ETN,44.58,45.43,44.27,45.01,14690
20090209,ETR,73.9,74.28,72.29,72.55,18328
20090209,EXC,57.69,58.66,56.78,57.43,26543
20090209,EXPD,30.46,30.79,29.96,30.44,36862
20090209,EXPE,9.96,9.96,9.67,9.79,26865
20090209,F,1.96,1.96,1.84,1.9,272668
20090209,FAST,36.73,37.72,36.2,37.53,11946
20090209,FCX,30.2,31.25,28.86,29.32,290713
20090209,FDO,26.92,27.67,26.65,27.47,29682
20090209,FDX,55.35,56.72,54.88,55.66,27578
20090209,FE,52.68,53.38,51.92,52.81,23638
20090209,FHN,10.06,10.82,9.86,10.63,33776
20090209,FII,22.81,22.92,22.11,22.57,14684
20090209,FIS,17.55,17.76,17.29,17.66,13143
20090209,FISV,36.14,36.82,35.7,36.38,13832
20090209,FITB,3.15,3.16,2.71,2.89,526565
20090209,FLIR,23.2,24.02,23.2,23.6,32382
20090209,FLR,42.06,42.99,41.16,41.86,27278
20090209,FLS,56.65,58.2,55.64,56.73,9189
20090209,FO,33.9,33.9,32.87,33.13,18600
20090209,FPL,52.28,52.66,51.4,52.06,30123
20090209,FRX,26.19,26.35,25.8,26.12,16011
20090209,FTR,8.63,8.63,8.35,8.53,19395
20090209,GAS,36.14,36.34,35.52,35.94,3907
20090209,GCI,4.85,4.99,4.68,4.85,45599
20090209,GD,56.96,57.54,56.35,56.75,24471
20090209,GE,11.34,12.9,11.12,12.64,2329373
20090209,GENZ,71.18,72.12,70.4,71.71,20643
20090209,GILD,52.28,52.29,50.91,51.51,69750
20090209,GIS,59.21,59.21,58.25,58.8,24155
20090209,GLW,11.93,12.3,11.67,11.91,194716
20090209,GM,2.92,2.92,2.77,2.83,67102
20090209,GME,27.61,28.25,27.21,27.42,15905
20090209,GNW,2.75,2.8,2.52,2.68,210866
20090209,GOOG,372,381,367.3,378.77,49832
20090209,GPC,33.56,34.51,33.56,34.32,13525
20090209,GPS,11.98,11.99,11.58,11.82,68345
20090209,GR,40.64,41.09,40.1401,41,17004
20090209,GS,97.02,98.66,94.63,97.89,187455
20090209,GT,7.15,7.38,6.96,7.24,37846
20090209,GWW,75.04,76.26,74.35,75.31,7771
20090209,HAL,20,20.51,19.35,19.68,108545
20090209,HAR,13.89,14.05,13.56,13.82,14363
20090209,HAS,23.57,25.49,23.57,25.07,53207
20090209,HBAN,2.83,3.05,2.55,2.61,256482
20090209,HCBK,12.47,13.04,12.4,12.89,102020
20090209,HCP,24.9,25.58,24.54,25.47,39254
20090209,HD,23.47,23.63,22.56,23.09,163151
20090209,HES,61.49,63.39,60.2,60.72,47425
20090209,HIG,14.56,15.87,14.24,15.03,315528
20090209,HNZ,36.81,37.2,36.68,37.01,26570
20090209,HOG,14.2,14.74,13.91,14.3,48269
20090209,HON,33.48,33.6773,32.91,33.55,46370
20090209,HOT,15.32,15.6,14.55,14.99,52472
20090209,HPQ,36.45,36.76,36.1,36.33,140838
20090209,HRB,22.66,22.79,22.13,22.7,25861
20090209,HRS,44.77,45.25,43.56,44.01,18075
20090209,HSP,26.26,26.4,25.71,25.96,5608
20090209,HST,5.34,5.59,5.25,5.57,117462
20090209,HSY,37.43,37.6,36.39,36.7,20584
20090209,HUM,44.35,46,44.35,45.8,26523
20090209,IBM,95.93,96.98,94.72,96.82,81659
20090209,ICE,62.91,64.47,61.03,62.26,29428
20090209,IFF,30.83,31.07,30.22,30.61,9524
20090209,IGT,11,11.34,10.77,10.98,33305
20090209,INTC,14.65,15.05,14.54,14.91,647354
20090209,INTU,24.48,24.84,24.35,24.77,25486
20090209,IP,8.1,8.27,8.01,8.12,87171
20090209,IPG,3.55,3.79,3.27,3.58,68526
20090209,IR,16.46,17.06,16.37,16.99,46005
20090209,IRM,21.3,21.75,21.1,21.31,11900
20090209,ISRG,114.51,115.5,110.39,114.19,11575
20090209,ITT,44.28,45.3276,44.1,45.01,22690
20090209,ITW,35.73,36.26,35.5,35.97,22463
20090209,IVZ,14.48,14.48,13.64,13.95,26826
20090209,JAVA,5.73,5.85,5.55,5.76,162684
20090209,JBL,6.62,6.62,6.3,6.45,15662
20090209,JCI,14.2,14.39,13.7,14.13,48171
20090209,JCP,15.79,16.38,15.47,16.14,64719
20090209,JDSU,3.7,3.9,3.6,3.7,58356
20090209,JEC,42.31,43.49,41.16,42.33,29287
20090209,JNJ,58.46,58.7,57.96,58.5,93570
20090209,JNPR,15.74,16.13,15.57,15.88,140965
20090209,JNS,6.68,6.79,6.32,6.59,28624
20090209,JNY,3.7,3.73,3.42,3.51,23848
20090209,JPM,26.65,27.97,26.3,27.28,544029
20090209,JWN,13.99,14.22,13.7,13.85,25191
20090209,K,43.53,43.71,42.86,43.23,21327
20090209,KBH,13.53,13.95,12.96,13.5,40159
20090209,KEY,8.56,9.31,8.44,9.03,129597
20090209,KFT,26.31,26.34,25.82,25.88,86873
20090209,KG,8.81,8.98,8.01,8.21,84240
20090209,KIM,12.96,13.5,12.69,13.45,53671
20090209,KLAC,20.54,21.02,20.03,20.72,61551
20090209,KMB,51.22,51.64,50.52,50.98,24774
20090209,KO,43.32,43.36,42,42.31,98451
20090209,KR,22.86,23.005,22.5,22.91,51601
20090209,KSS,38.37,38.75,37.72,38.36,42606
20090209,L,23.66,25.83,23.66,25.07,18101
20090209,LEG,13.57,13.99,13.25,13.78,21790
20090209,LEN,9.25,9.25,8.485,8.71,83949
20090209,LH,61.71,62,60.85,61.52,7313
20090209,LIFE,27.97,28.8825,27.97,28.5,18639
20090209,LLL,78.65,79.82,78.52,79.34,11138
20090209,LLTC,25.87,25.95,25.07,25.34,87787
20090209,LLY,38.22,38.23,37.4,38.12,41329
20090209,LM,16.57,16.77,16.004,16.39,19809
20090209,LMT,79.37,81.62,79.1,81.5,37515
20090209,LNC,18.1,18.89,17.28,17.77,59329
20090209,LO,64.26,65.19,63.5,64.3,28772
20090209,LOW,19.2,19.44,18.64,19.01,120407
20090209,LSI,3.61,3.7,3.38,3.53,95528
20090209,LTD,8.78,8.87,8.56,8.75,33269
20090209,LUK,16.39,17.61,16.23,16.96,20392
20090209,LUV,7.38,7.38,7.01,7.18,122778
20090209,LXK,22.84,23.15,22.7,22.95,13954
20090209,M,9.7,9.85,9.165,9.46,81176
20090209,MA,162.24,163.26,157.5,162.02,33263
20090209,MAR,16.36,16.5,15.78,16.21,35861
20090209,MAS,8.22,8.22,7.98,8.03,61485
20090209,MAT,12.9,13.36,12.8,13.11,37119
20090209,MBI,4.73,4.78,4.53,4.66,38031
20090209,MCD,59.03,59.43,58.05,59.02,123595
20090209,MCHP,20.5,20.75,20.2,20.6,39351
20090209,MCK,45.71,45.71,44.57,45.06,29894
20090209,MCO,24.84,25.3,24.45,24.98,33917
20090209,MDP,15.75,15.9,15.5,15.8,8256
20090209,MDT,33.41,33.79,32.87,33.13,68296
20090209,MEE,15.39,16.32,15,15.52,57167
20090209,MET,31.59,32.37,30.42,31.28,90423
20090209,MFE,30.04,30.68,30.01,30.49,18474
20090209,MHP,24.84,25.54,24.57,25.34,29228
20090209,MHS,47.18,47.63,46.37,47.44,28079
20090209,MI,5.42,5.84,5.3,5.42,89258
20090209,MIL,58.3,59.0596,57.87,58.88,5849
20090209,MKC,33.15,33.27,32.47,32.68,5200
20090209,MMC,19.94,19.94,19.36,19.79,31606
20090209,MMM,52.46,54.66,52.3,54.11,71472
20090209,MO,16.92,16.94,16.71,16.81,123590
20090209,MOLX,13.89,14.11,13.75,13.95,12551
20090209,MON,84.39,85.77,82.39,83.66,62495
20090209,MOT,4.03,4.21,4,4.15,310768
20090209,MRK,30.66,30.87,30.17,30.65,87280
20090209,MRO,27.32,28.9,27.15,27.96,70208
20090209,MS,22.75,23.95,21.61,23.61,396619
20090209,MSFT,19.72,19.77,19.26,19.44,521961
20090209,MTB,40.57,43.23,40.37,41.43,17926
20090209,MTW,5.74,5.8,5.45,5.51,37292
20090209,MU,4.1,4.4,4.05,4.32,320674
20090209,MUR,47.5,48.41,46.12,47.36,25384
20090209,MWV,11.82,12.13,11.78,11.99,16899
20090209,MWW,8.88,9.12,8.74,8.86,12300
20090209,MYL,11.75,12,11.62,11.89,52129
20090209,NBL,54,56.85,54,55.41,23225
20090209,NBR,11.98,12.7,11.68,11.92,65276
20090209,NDAQ,24.49,24.52,23.01,23.34,34939
20090209,NE,28.57,29.26,27.35,28.06,82784
20090209,NEM,40.45,41.43,39.865,40.36,74821
20090209,NI,10.84,10.84,10.64,10.79,34905
20090209,NKE,48.74,48.74,47.14,47.77,28453
20090209,NOC,46.87,46.89,45.77,46.4,31444
20090209,NOV,29.42,31.77,29.41,30.09,116549
20090209,NOVL,3.66,3.72,3.57,3.6,66772
20090209,NSC,41.13,41.61,39.86,41.22,41538
20090209,NSM,11.97,11.97,11.5,11.72,52380
20090209,NTAP,16.4,16.7425,15.85,16.3,142121
20090209,NTRS,61.78,63.08,61.02,62.32,20320
20090209,NUE,46.86,46.86,44.34,45.37,60735
20090209,NVDA,9.83,9.97,9.47,9.74,179043
20090209,NVLS,14.27,14.56,13.98,14.25,24912
20090209,NWL,8.43,8.6,8.2,8.38,23192
20090209,NWSA,6.97,7.08,6.571,6.78,212484
20090209,NYT,5.1,5.1,4.72,4.72,8564
20090209,NYX,21.3,22.03,20.16,21.71,98363
20090209,ODP,1.9,1.9,1.71,1.74,54312
20090209,OI,18.39,18.87,18.35,18.67,31066
20090209,OMC,28.04,28.25,27.44,28.11,28328
20090209,ORCL,18,18.09,17.82,18.05,233146
20090209,OXY,57.08,59.03,56.85,58.61,90881
20090209,PAYX,26.6,26.8,26.35,26.53,41744
20090209,PBCT,17.29,17.78,17.18,17.7,37848
20090209,PBG,20.83,21.06,20.4,20.71,22285
20090209,PBI,24.95,24.95,24.065,24.75,27926
20090209,PCAR,30.55,31.18,30.26,31.02,56273
20090209,PCG,38.9,39.26,38,38.21,33061
20090209,PCL,33.4,33.87,32.76,33.75,25775
20090209,PCP,66.71,68.64,66.18,68.18,13079
20090209,PDCO,19.77,19.99,19.57,19.7,8963
20090209,PEG,32.54,32.88,31.92,32.26,22424
20090209,PEP,53.26,53.26,50.78,51.43,90060
20090209,PFE,15.12,15.12,14.61,14.71,478192
20090209,PFG,17.55,18.83,16.9,17.03,77329
20090209,PG,53.89,53.98,52.67,52.94,134243
20090209,PGN,40.15,40.2,39.29,39.92,12311
20090209,PGR,13.1,13.35,12.91,13.23,41572
20090209,PH,41.53,42.12,40.72,41.42,18893
20090209,PHM,12.34,12.34,11.14,11.36,152006
20090209,PKI,14.03,14.34,13.97,14.3,14662
20090209,PLD,9.85,9.895,9.3,9.46,95131
20090209,PLL,28.07,28.67,28.04,28.49,7178
20090209,PM,36.75,37.03,36.53,36.72,87070
20090209,PNC,32.78,33.52,31.87,33.51,81769
20090209,PNW,34.56,34.75,33.9,34.29,10261
20090209,POM,18.56,18.65,18.2,18.59,26197
20090209,PPG,39.05,40.15,38.68,39.26,14412
20090209,PPL,33.17,33.24,32.32,32.76,13710
20090209,PRU,30.96,31.87,29.66,30.3,66072
20090209,PSA,64.91,65.94,63.51,65.75,19283
20090209,PTV,22.02,22.18,21.7,21.91,16273
20090209,PX,69.51,70.58,69.11,70.13,44494
20090209,PXD,15.8,17.74,15.8,17.14,52202
20090209,Q,3.3,3.4,3.23,3.37,255051
20090209,QCOM,36.24,36.9,36,36.65,168535
20090209,QLGC,11.46,11.59,11.16,11.39,12003
20090209,R,33.78,34.6,32.85,33.78,14369
20090209,RAI,39.285,40.27,39.08,40.06,13830
20090209,RDC,14.25,15.19,13.95,14.11,46630
20090209,RF,4.7,5.04,4.34,4.64,328899
20090209,RHI,18.14,18.43,17.96,18.12,15064
20090209,RL,41.85,41.95,39.67,40.14,30979
20090209,ROH,55.79,57.12,55.07,56.28,18090
20090209,ROK,26.15,26.56,25.35,25.4,21570
20090209,RRC,39.78,41.02,39.76,40.13,31435
20090209,RRD,10.21,10.38,9.82,9.94,25500
20090209,RSG,24.38,24.61,23.955,24.54,28224
20090209,RSH,12.67,12.95,12.33,12.79,24204
20090209,RTN,47.87,48.5,47.32,48.41,27604
20090209,RX,15.34,15.34,14.93,15,15538
20090209,S,2.47,2.52,2.4,2.45,308401
20090209,SBUX,10.5,10.77,10.21,10.72,100617
20090209,SCG,35.1,35.32,34.27,34.68,8932
20090209,SCHW,14.6,14.67,14.11,14.35,171934
20090209,SE,15,15.22,14.75,14.86,64146
20090209,SEE,14.02,14.1,13.78,13.9,13301
20090209,SGP,19.72,20.15,19.25,20.09,123497
20090209,SHLD,41.48,41.74,40.42,40.84,10170
20090209,SHW,49.86,50.38,49.19,49.6,17689
20090209,SIAL,39.78,40.37,39.3,39.62,16445
20090209,SII,25.64,26.16,24.32,24.75,59073
20090209,SJM,44.53,44.64,42.59,43.14,15252
20090209,SLB,46.61,47.88,45.31,46.12,133575
20090209,SLE,9.5,9.63,9.34,9.49,42183
20090209,SLM,10.2,10.3,9.28,9.62,75464
20090209,SNA,31.48,31.74,30.9,31.22,8299
20090209,SNDK,11,11.5,10.82,11.12,73188
20090209,SNI,22.06,22.26,21.64,22.01,7846
20090209,SO,33.57,33.61,32.75,33.06,48764
20090209,SPG,45.19,47.19,44.58,46.86,46960
20090209,SPLS,16.85,16.98,15.98,16.64,123355
20090209,SRCL,48.43,48.43,47.25,48.38,11936
20090209,SRE,46.3,46.53,45.49,46.3,17768
20090209,STI,12.41,13.65,11.82,12.44,153063
20090209,STJ,37.3,37.49,36.39,36.95,30917
20090209,STR,35.99,37.13,35.99,36.77,28003
20090209,STT,30.92,31.29,29.39,30.53,69446
20090209,STZ,15.64,15.83,15.5,15.61,15272
20090209,SUN,40.37,41.18,39.98,40.27,34700
20090209,SVU,19.5,19.9,19.42,19.55,22459
20090209,SWK,34.57,34.62,33.78,34.48,6795
20090209,SWN,33.02,33.76,32.62,33,67086
20090209,SWY,21.28,22.03,21.07,21.91,33328
20090209,SYK,43.02,43.02,41.7,42,20760
20090209,SYMC,16.02,16.06,15.43,15.64,142497
20090209,SYY,24.62,24.68,24.12,24.44,25318
20090209,T,26.12,26.23,25.7,25.89,222550
20090209,TAP,41.42,41.43,40.2,40.5,22211
20090209,TDC,13.5,13.53,13.17,13.46,11204
20090209,TE,12.49,12.49,11.83,11.88,28779
20090209,TEG,43.83,44.09,43.41,43.93,6572
20090209,TEL,14.59,14.82,14.5,14.63,25253
20090209,TER,5.25,5.47,5.19,5.28,39167
20090209,TGT,32.9,33.35,32.175,32.73,119962
20090209,THC,1.23,1.23,1.12,1.14,31291
20090209,TIE,8.17,8.55,8.12,8.25,17318
20090209,TIF,22.68,23.06,22.26,22.75,12645
20090209,TJX,22.88,22.94,22.1,22.5,48232
20090209,TLAB,4.14,4.27,4.06,4.24,66593
20090209,TMK,30.42,32.29,30.4,31.51,13832
20090209,TMO,40.03,40.34,39.07,39.51,34080
20090209,TROW,28.84,29.24,28.15,29.07,49474
20090209,TRV,39.85,40.81,39.59,40.61,38241
20090209,TSN,9.66,9.94,9.39,9.45,51786
20090209,TSO,17.94,18.83,17.81,18.48,66253
20090209,TSS,13.58,13.72,13.371,13.48,9122
20090209,TWX,9.6,9.82,9.26,9.35,278930
20090209,TXN,17.35,17.51,17.0399,17.3,184858
20090209,TXT,6.99,7.56,6.88,7.33,123112
20090209,TYC,24.15,25.31,23.99,24.46,64683
20090209,UNH,29.62,29.7,28.91,29.52,126647
20090209,UNM,14.93,15.38,14.45,14.7,33564
20090209,UNP,49.33,49.6,47.5,49.3,51735
20090209,UPS,47.63,47.63,46.44,47.26,47705
20090209,USB,16.39,17.23,15.91,16.71,252047
20090209,UTX,49.09,49.87,48.6,49.62,69831
20090209,VAR,38.73,39,37.9,38.65,21173
20090209,VFC,58.32,58.44,56.32,57.07,14028
20090209,VIA.B,16.62,17.98,16.18,16.55,29720
20090209,VLO,23.81,24.88,23.79,24.47,102587
20090209,VMC,50.8,51.17,48.53,49.29,19675
20090209,VNO,52.8,54.11,51.74,53.79,30543
20090209,VRSN,20.1,20.745,19.925,20.63,67347
20090209,VZ,31.97,31.98,31.28,31.39,145700
20090209,WAG,28.16,28.31,27.4,28,64692
20090209,WAT,41.95,41.96,40.9,41.03,12483
20090209,WEC,44.77,44.96,43.85,44.37,10146
20090209,WFC,19.16,19.6,18.57,19.06,745939
20090209,WFMI,10.88,11.25,10.88,11.07,19748
20090209,WFR,15.48,15.9,15.04,15.65,60052
20090209,WFT,12.55,12.93,11.93,12.17,134259
20090209,WHR,33.95,37.5,32.15,37.13,91890
20090209,WIN,8.97,9,8.74,8.89,37305
20090209,WLP,45.16,46.49,45,46.1,39419
20090209,WMB,15.8,16,15.41,15.62,76377
20090209,WMI,29.68,30.02,29,29.5,44669
20090209,WMT,49.56,49.56,48.77,49.28,162775
20090209,WPI,28.43,28.68,27.93,28.57,13882
20090209,WPO,420,425.47,413.98,418.5,716
20090209,WU,12.76,12.88,12.49,12.67,81739
20090209,WY,28.05,29.84,27.75,28.67,29499
20090209,WYE,43.78,43.9,43.31,43.31,141663
20090209,WYN,6.24,6.25,5.98,6.17,17483
20090209,WYNN,30,31.5,29.2,30.85,17545
20090209,X,35,36.7,34.16,35.05,146247
20090209,XEL,19.02,19.03,18.65,18.81,20485
20090209,XL,3.1,3.5,3.09,3.39,95963
20090209,XLNX,18.6,18.7,18.16,18.37,65211
20090209,XOM,80.39,80.5,78.7,79.48,277663
20090209,XRAY,27.03,27.15,26.58,26.7,11617
20090209,XRX,7.03,7.05,6.91,7.02,41583
20090209,XTO,39.36,40.82,39.07,39.59,77509
20090209,YHOO,13.59,14,13.47,13.9,156861
20090209,YUM,30.12,30.45,29.32,30.29,33839
20090209,ZION,14.93,15.41,13.85,14.84,73532
20090209,ZMH,40.04,40.29,39.3,40.18,16802
