20091002,A,26.41,26.47,25.95,26.31,35743
20091002,AA,12.6,13.1,12.51,12.82,344827
20091002,AAPL,181.38,185.94,181.35,184.9,197655
20091002,ABC,21.9,21.92,21.57,21.62,24508
20091002,ABT,48.41,50,48.41,49.84,128175
20091002,ACS,51.96,52.42,51.5,52,37556
20091002,ADBE,31.7,32.54,31.59,32.35,59229
20091002,ADI,26.43,26.87,26.22,26.26,49453
20091002,ADM,28.72,28.78,27.66,28.43,38555
20091002,ADP,38.89,39.35,38.55,38.79,44638
20091002,ADSK,22.64,22.75,22.33,22.62,41186
20091002,AEE,24.73,24.74,24.27,24.52,20987
20091002,AEP,30.72,30.78,30.33,30.37,32485
20091002,AES,13.69,13.94,13.41,13.78,63962
20091002,AET,27.33,27.5,26.5,26.73,62374
20091002,AFL,40.08,41.52,39.82,41.1,40434
20091002,AGN,55.4,55.79,54.25,54.96,25495
20091002,AIG,39.05,43.33,36.86,43.08,470580
20091002,AIV,13.7,14.52,13.5,14.09,39082
20091002,AIZ,30.46,31.32,30.05,30.85,10788
20091002,AKAM,18.36,19.04,18,18.82,40028
20091002,AKS,17.88,18.51,17.57,18.05,122141
20091002,ALL,29.97,31.25,29.79,30.76,51493
20091002,ALTR,19.98,20.27,19.83,19.97,93643
20091002,AMAT,12.76,12.839,12.63,12.68,245659
20091002,AMD,5.22,5.45,5.05,5.31,318270
20091002,AMGN,58.88,59.26,58.36,58.58,45201
20091002,AMP,36.23,37.8,36.12,36.43,54990
20091002,AMT,35.09,36.1278,35.03,35.65,39378
20091002,AMZN,90.05,91.14,89.58,89.85,50407
20091002,AN,17.16,17.41,16.68,17.25,38445
20091002,ANF,31.1,31.65,30.52,30.62,42554
20091002,AOC,40.43,40.74,40.29,40.35,24641
20091002,APA,88.51,90.9,88.058,89.95,38843
20091002,APC,58.99,60.06,58.17,59.73,54697
20091002,APD,74.7,76.33,73.76,75.53,17669
20091002,APH,35.75,35.91,35.16,35.47,12145
20091002,APOL,71,72,70.75,71,22987
20091002,ATI,32.5,34.04,31.8,33.67,26252
20091002,AVB,67.71,70.38,67.13,67.99,15446
20091002,AVP,32.49,32.94,32.01,32.61,44777
20091002,AVY,32.87,34.09,32.87,33.95,20668
20091002,AXP,31.95,33.23,31.69,32.49,122154
20091002,AYE,25.36,25.6,25.07,25.4,17742
20091002,AZO,144.21,147.32,143.82,146.05,11320
20091002,BA,51.19,51.76,50.1,51.4,60429
20091002,BAC,15.9,16.49,15.62,16.34,2263029
20091002,BAX,55.69,56.85,55.56,56.7,39265
20091002,BBBY,36.35,37.245,36.22,36.65,29847
20091002,BBT,25.35,27.06,25.29,26.71,135944
20091002,BBY,36.39,36.81,36.3,36.41,38081
20091002,BCR,77.35,77.66,76.75,77.39,6563
20091002,BDK,43.42,43.71,42.514,42.98,15218
20091002,BDX,68.06,68.52,66.861,67.3,20649
20091002,BEN,96.22,99.43,95.86,98.21,17395
20091002,BF.B,48.75,49.27,48.04,48.2,5013
20091002,BHI,40.89,41.34,40.18,40.66,51689
20091002,BIG,25.33,25.48,24.81,24.83,18117
20091002,BIIB,49.21,49.48,48.69,48.89,24534
20091002,BJS,18.61,18.81,18.38,18.58,66667
20091002,BK,27.41,28.31,27.41,27.6,101372
20091002,BLL,48.57,49.77,48.25,48.86,9452
20091002,BMC,35.69,36.66,35.65,36.37,28244
20091002,BMS,25,25.39,24.92,25.12,6579
20091002,BMY,22.05,22.35,22,22.26,97267
20091002,BNI,77.44,79.01,77.04,78.85,25869
20091002,BRCM,28.45,29.52,28.3,28.63,132522
20091002,BSX,10.11,10.17,9.98,10.01,218173
20091002,BTU,34.92,35.93,34.54,35.2,53060
20091002,BXP,61.15,63.96,60.51,61.6,25465
20091002,C,4.4,4.59,4.31,4.52,5885397
20091002,CA,21.24,21.58,21.16,21.39,36532
20091002,CAG,21.07,21.58,21,21.41,57435
20091002,CAH,26.26,26.565,25.97,26.25,44487
20091002,CAM,35.69,36.33,35.37,35.92,24898
20091002,CAT,48.68,49.45,47.5,48.83,106814
20091002,CB,48.98,50.03,48.98,49.47,24557
20091002,CBE,36.78,37.03,36.3,36.37,36304
20091002,CBG,10.73,11.03,10.52,10.76,48939
20091002,CBS,11.37,11.74,11.29,11.49,154710
20091002,CCE,20.27,20.64,20.07,20.58,38962
20091002,CCL,32.32,32.93,32.2,32.45,71396
20091002,CEG,31.17,31.34,30.58,30.69,12707
20091002,CELG,54.35,55,53.95,54,25129
20091002,CEPH,56.44,56.79,55.58,55.6,16317
20091002,CF,82.89,84.26,82.09,82.95,7757
20091002,CHK,25.74,26.81,25.28,26.7,152501
20091002,CHRW,56.15,56.66,55.77,56.27,11438
20091002,CI,27.53,28.315,26.83,27.82,46918
20091002,CIEN,14.74,14.85,14.4,14.66,66965
20091002,CINF,25.27,25.72,25.21,25.51,12053
20091002,CL,75.54,77.14,75.2,76.84,30878
20091002,CLX,57.66,58.06,57.55,57.6,13192
20091002,CMA,27.82,29.06,27.68,28.78,31860
20091002,CMCSA,15.79,15.79,15.14,15.24,453671
20091002,CME,288.88,302.265,287.5,292.788,10136
20091002,CMI,42.34,43.25,41.51,42.54,29085
20091002,CMS,13.14,13.29,13.05,13.21,26956
20091002,CNP,12.2,12.28,12.1,12.22,32512
20091002,CNX,42.48,44.12,42.24,43.04,26352
20091002,COF,32.74,33.93,32.56,33.19,86982
20091002,COG,33.5,34.46,33.33,34.23,13877
20091002,COH,31.37,31.8,31.04,31.08,43487
20091002,COL,48.62,48.83,48,48.15,9819
20091002,COP,45.2,47.06,45,46.8,268517
20091002,COST,55.73,56.68,55.73,56.47,57607
20091002,CPB,31.9,32.13,31.87,31.88,24730
20091002,CPWR,7.07,7.12,6.935,6.96,26314
20091002,CRM,54.5,55,54.06,54.51,13606
20091002,CSC,51.05,51.49,50.65,50.74,8284
20091002,CSCO,22.9,23.08,22.62,22.67,420385
20091002,CSX,41.22,42.2,40.67,41.65,40805
20091002,CTAS,28.9,29.23,28.59,29.05,14260
20091002,CTL,33.3,33.36,32.5,32.62,30243
20091002,CTSH,36.92,37.745,36.69,37.53,27420
20091002,CTXS,37.56,38.25,37.44,37.95,30716
20091002,CVG,9.45,9.58,9.35,9.52,30428
20091002,CVH,19.62,19.64,18.93,19,21559
20091002,CVS,35.72,36.09,35.26,35.32,182699
20091002,CVX,68.22,68.79,68.03,68.14,89641
20091002,D,33.7,33.71,33.37,33.49,23968
20091002,DD,30.27,30.82,30.06,30.54,67803
20091002,DE,40.72,41.76,40.28,41.13,61599
20091002,DELL,15,15.25,14.8,15.04,190319
20091002,DF,18.05,18.875,17.97,18.77,58295
20091002,DFS,15.76,15.83,15.28,15.33,102118
20091002,DGX,51.59,52.37,51.2,52.08,14010
20091002,DHI,10.83,10.91,10.46,10.53,112782
20091002,DHR,64.89,65.28,64.39,64.74,23449
20091002,DIS,27.05,27.27,26.84,27.21,146352
20091002,DNB,73.45,74.09,73.18,73.26,3438
20091002,DNR,14.07,14.32,13.77,13.95,33958
20091002,DO,91.99,94.57,91.93,92.45,12893
20091002,DOV,36.75,37.01,36.52,36.79,14501
20091002,DOW,23.78,24.31,23.25,23.63,164116
20091002,DPS,28.19,28.56,28.03,28.25,19497
20091002,DRI,32.86,33.54,32.62,33.2,28197
20091002,DTE,34.6,34.75,34,34.04,9026
20091002,DTV,27.35,27.68,26.98,27.1,168765
20091002,DUK,15.55,15.6,15.38,15.38,62320
20091002,DV,53.44,54.68,53.31,53.6,13147
20091002,DVA,55.68,56,55.43,55.72,7637
20091002,DVN,63.57,64.76,62.6,64.5,50838
20091002,DYN,2.27,2.39,2.18,2.38,200588
20091002,EBAY,22.84,23.07,22.54,22.7,146651
20091002,ECL,45.04,45.39,44.8,44.9,19414
20091002,ED,40.62,40.77,40.15,40.35,20555
20091002,EFX,28.13,28.3,27.74,27.81,16370
20091002,EIX,32.75,32.75,32.39,32.52,21276
20091002,EK,4.25,4.37,4.05,4.25,148345
20091002,EL,35.76,36.64,35.6,36.34,17156
20091002,EMC,16.39,16.86,16.35,16.76,211273
20091002,EMN,50.45,51.12,49.85,50.21,12286
20091002,EMR,38.75,38.91,38.21,38.31,56028
20091002,EOG,79.73,81.3,79.37,80.76,37738
20091002,EP,9.56,9.67,9.42,9.62,87447
20091002,EQR,28.34,29.65,28.18,28.62,47083
20091002,EQT,40.49,41.265,40.28,40.88,10210
20091002,ERTS,18.34,18.69,18.25,18.32,81153
20091002,ESRX,75.51,76.16,75,75.92,20879
20091002,ESV,40.22,40.75,39.73,40,22470
20091002,ETFC,1.55,1.68,1.51,1.68,1435940
20091002,ETN,54.34,54.9,53.95,54.06,14942
20091002,ETR,77.17,77.67,77,77.38,11115
20091002,EXC,48.27,48.39,47.78,47.98,49064
20091002,EXPD,33.5,34.08,33.41,33.53,19655
20091002,EXPE,23.16,23.25,22.49,22.6,46032
20091002,F,6.81,6.99,6.61,6.84,558250
20091002,FAST,37.02,37.14,36.5,36.64,16350
20091002,FCX,63.35,66.65,63,65.86,171468
20091002,FDO,26.72,27.29,26.5949,26.63,37264
20091002,FDX,73.2,74.18,72.45,73.58,33600
20091002,FE,44.49,44.96,43.86,44.79,21616
20091002,FHN,12.52,12.98,12.42,12.51,31699
20091002,FII,24.92,25.06,24.76,24.99,12058
20091002,FIS,24.55,24.74,23.96,23.99,57072
20091002,FISV,46.84,47.31,46.66,46.84,11835
20091002,FITB,9.05,9.6,9.05,9.36,183355
20091002,FLIR,26.61,27.14,26.6,26.96,18084
20091002,FLR,48.21,49.19,47.42,47.59,40812
20091002,FLS,94.04,95.5,92.76,95.2,11744
20091002,FO,40.71,40.86,39.44,40.52,9398
20091002,FPL,53.61,53.61,52.75,53.23,36749
20091002,FRX,28.74,28.91,28.42,28.49,24763
20091002,FTI,49.54,50.57,49.43,49.96,7164
20091002,FTR,7.32,7.35,7.24,7.27,23117
20091002,GAS,35.58,35.67,34.96,35.44,3234
20091002,GCI,11.8,11.93,11.49,11.84,122775
20091002,GD,62.78,63.3,62.63,63.08,29353
20091002,GE,15.45,15.66,15.15,15.36,1330917
20091002,GENZ,55.1,55.86,55.1,55.58,16399
20091002,GILD,45.32,45.51,44.46,44.51,102875
20091002,GIS,63.19,64.05,63.19,63.89,23785
20091002,GLW,14.78,14.87,14.51,14.56,168673
20091002,GME,25.74,26.2,25.61,25.68,32289
20091002,GNW,10.5,11.71,10.23,11.32,366067
20091002,GOOG,483.79,491.74,482.6,484.58,26008
20091002,GPC,37.14,37.25,36.65,36.87,11447
20091002,GPS,20.94,21.17,20.78,20.81,85452
20091002,GR,52.77,52.99,52.16,52.42,8890
20091002,GS,176.45,181.06,175.6,179.61,92325
20091002,GT,15.96,15.96,15.17,15.35,77587
20091002,GWW,85.49,86.91,85.24,85.69,8190
20091002,HAL,25.57,26.06,25.5,25.74,125385
20091002,HAR,32.14,32.17,30.9,31.6,15027
20091002,HAS,27.11,27.2,26.93,27.07,20965
20091002,HBAN,4.3,4.54,4.225,4.45,261643
20091002,HCBK,12.65,13.12,12.65,12.92,88943
20091002,HCN,40.71,42.01,40.53,41.38,25735
20091002,HCP,27.34,28.02,26.94,27.23,40794
20091002,HD,26.15,26.27,25.87,26.03,138492
20091002,HES,51.46,52.27,51.41,51.79,43312
20091002,HIG,23.81,25.5,23.06,25.11,197779
20091002,HNZ,38.84,38.99,38.63,38.85,33102
20091002,HOG,21.29,21.29,20.76,21.01,64889
20091002,HON,35.95,36.25,35.42,35.6,74956
20091002,HOT,30.26,30.395,29.41,29.7,70120
20091002,HPQ,45.59,45.96,45.2,45.28,181537
20091002,HRB,18.38,18.42,18.07,18.07,52145
20091002,HRL,35.26,35.68,34.9,35.46,9314
20091002,HRS,35.99,36.43,35.65,36,11771
20091002,HSP,43.12,43.45,42.95,43.25,6113
20091002,HST,10.88,11.21,10.61,10.69,126639
20091002,HSY,39.45,39.77,39.28,39.54,19081
20091002,HUM,37.2,37.2,35.98,36.68,29074
20091002,IBM,117.4,119.66,117.26,119.02,75852
20091002,ICE,93,94.28,91,91.32,18475
20091002,IFF,36.67,37.43,36.67,36.85,4074
20091002,IGT,19.83,20.19,19.61,19.94,45393
20091002,INTC,18.98,19.22,18.95,18.97,581798
20091002,INTU,27.66,28.07,27.56,27.77,23153
20091002,IP,20.87,21.74,20.38,21.39,74672
20091002,IPG,6.95,7.06,6.79,6.84,83682
20091002,IRM,25.71,25.84,25.25,25.38,13257
20091002,ISRG,248.89,253.77,248.7,252.14,3811
20091002,ITT,49.86,50.21,48.43,48.56,23191
20091002,ITW,41.16,41.86,40.77,41.69,50157
20091002,IVZ,21.47,23.19,21.39,22.98,99996
20091002,JAVA,9.03,9.05,8.93,8.96,115886
20091002,JBL,12.51,13.03,12.51,12.94,61661
20091002,JCI,24.45,24.55,23.69,23.77,74814
20091002,JCP,31.77,33.27,31.77,32.97,55103
20091002,JDSU,6.63,6.775,6.58,6.66,24704
20091002,JEC,43.61,44.45,43.35,43.51,9507
20091002,JNJ,59.82,60.2,59.42,59.73,91253
20091002,JNPR,26.1,26.42,25.75,25.85,66167
20091002,JNS,13.24,13.5,12.97,13.19,41478
20091002,JPM,40.82,42.4,40.53,41.86,430622
20091002,JWN,29.08,29.34,28.69,28.95,46076
20091002,K,48.84,48.86,48.45,48.66,12993
20091002,KBH,15.22,15.57,14.9,15.19,62788
20091002,KEY,6,6.45,5.93,6.17,226305
20091002,KFT,25.86,26.005,25.75,25.95,109942
20091002,KG,10.43,10.56,10.35,10.54,30072
20091002,KIM,11.69,12.235,11.54,11.73,97027
20091002,KLAC,34.01,34.25,33.31,33.43,51475
20091002,KMB,58.22,58.97,57.91,58.87,30764
20091002,KO,53.06,54.08,52.91,53.87,125846
20091002,KR,20.79,21.03,20.75,20.98,104473
20091002,KSS,54.82,55.82,54.71,54.86,38711
20091002,L,32.89,33.87,32.77,33.52,22737
20091002,LEG,18.28,18.45,18.06,18.28,13070
20091002,LEN,12.95,13.28,12.6,13.03,73118
20091002,LH,64.6,64.73,63.81,64.35,12928
20091002,LIFE,45.51,46.01,45.22,45.3,18516
20091002,LLL,76.97,77.58,76.14,76.41,11923
20091002,LLTC,26.51,26.84,26.22,26.29,55824
20091002,LLY,32.5,32.655,32.3,32.51,57589
20091002,LM,28.48,29.39,28.39,28.79,17280
20091002,LMT,76.46,76.67,75.09,75.37,36348
20091002,LNC,23.7,24.92,22.99,24.05,64022
20091002,LO,74.23,75,73.64,74.61,16993
20091002,LOW,20.1,20.21,19.94,20.03,193675
20091002,LSI,5.25,5.36,5.17,5.22,88933
20091002,LTD,16.42,16.53,16.08,16.13,59513
20091002,LUK,22.6,23.32,22.53,22.99,13952
20091002,LUV,8.81,9.3,8.79,9.2,89530
20091002,LXK,20.7,20.74,19.76,20.09,46642
20091002,M,16.89,17.53,16.89,17.4,147770
20091002,MA,197.16,200,196.95,199.69,18823
20091002,MAR,25.68,26.06,25.43,25.61,67470
20091002,MAS,12.35,12.35,11.87,12.1,51555
20091002,MAT,17.94,18.17,17.72,17.95,39129
20091002,MBI,7.05,7.85,6.53,6.87,85793
20091002,MCD,56.27,57.18,56.09,56.71,88619
20091002,MCHP,25.09,25.4,24.78,25,40531
20091002,MCK,58.02,58.5,57.53,57.7,16093
20091002,MCO,20.04,20.33,19.44,19.61,82147
20091002,MDP,28.29,28.56,27.64,27.95,6199
20091002,MDT,36.31,36.76,36.24,36.46,48662
20091002,MEE,25.72,26.945,25.52,26.73,51807
20091002,MET,35.47,36.13,35.05,35.67,80169
20091002,MFE,42.7,43.1,42.35,42.57,12854
20091002,MHP,25.18,25.39,24.46,24.62,36706
20091002,MHS,53.68,54.03,53.11,53.68,29678
20091002,MI,7.23,7.82,7.14,7.42,94282
20091002,MIL,69.22,69.51,68.42,68.68,4527
20091002,MKC,33.32,33.59,33.265,33.4,5630
20091002,MMC,24.39,24.47,23.95,24,48187
20091002,MMM,71.81,72.35,71.62,71.93,32429
20091002,MO,17.41,17.53,17.36,17.47,157925
20091002,MOLX,19.87,19.92,19.44,19.64,19996
20091002,MON,73.99,75.7,73.99,74.93,47215
20091002,MOT,8.15,8.34,7.95,7.99,334940
20091002,MRK,31.18,31.83,31.09,31.65,204781
20091002,MRO,30.39,31,30.39,30.48,68748
20091002,MS,29.28,29.9,28.75,29.46,198691
20091002,MSFT,24.5,25.09,24.43,24.96,512262
20091002,MTB,59.28,61.11,59.09,60.14,10780
20091002,MTW,8.37,8.4899,8.06,8.14,77687
20091002,MU,7.4,7.57,7.17,7.46,292445
20091002,MUR,54.98,55.95,54.55,55.57,14794
20091002,MWV,21.47,21.83,21.21,21.57,16395
20091002,MWW,16.27,16.44,16.01,16.32,26060
20091002,MYL,15.58,15.98,15.42,15.88,55389
20091002,NBL,62.26,64.53,62.25,64.2,16943
20091002,NBR,19.39,19.78,19.18,19.29,57767
20091002,NDAQ,20.18,20.34,19.62,19.75,28061
20091002,NEM,42.22,43.35,41.95,42.12,83437
20091002,NI,13.52,13.56,13.35,13.45,18327
20091002,NKE,61.53,62.39,61.08,62.02,56420
20091002,NOC,50.37,51.21,49.97,50.18,33744
20091002,NOV,40.47,41.51,40.0901,40.89,53796
20091002,NOVL,4.37,4.43,4.3,4.38,33747
20091002,NSC,43.15,43.74,42.7115,43.26,38021
20091002,NSM,13.2,13.51,13,13.21,85842
20091002,NTAP,25.72,26.16,25.41,25.89,68813
20091002,NTRS,56.76,57.75,56.4,56.48,16602
20091002,NU,23.26,23.38,22.99,23.06,19561
20091002,NUE,44.41,45.39,44.1,44.36,59646
20091002,NVDA,13.81,14.15,13.74,13.85,153118
20091002,NVLS,19.87,20.08,19.5,19.55,39230
20091002,NWL,14.8,15.085,14.52,14.95,47919
20091002,NWSA,11.35,11.48,11.24,11.27,104117
20091002,NYT,7.64,7.67,7.25,7.32,13087
20091002,NYX,27.19,27.9,27.19,27.31,21909
20091002,ODP,5.99,6.32,5.93,6.2,80230
20091002,OI,35.37,35.92,35.02,35.61,19115
20091002,OMC,36.1,36.26,35.38,35.71,32301
20091002,ORCL,20.25,20.64,20.24,20.34,416805
20091002,ORLY,35.62,35.92,35.26,35.43,17836
20091002,OXY,74.51,75.4,73.74,74.33,45979
20091002,PAYX,28.2,28.38,27.91,28.06,33229
20091002,PBCT,15.29,15.48,15.27,15.31,39787
20091002,PBG,36.36,37.37,36.36,37.25,23331
20091002,PBI,23.93,24.13,23.47,23.82,15388
20091002,PCAR,35.5,35.95,34.89,35.58,36934
20091002,PCG,40.03,40.43,39.74,40,20971
20091002,PCL,29.31,30,29.05,29.46,22934
20091002,PCP,98.28,99.68,97.66,99.01,11843
20091002,PCS,8.44,8.67,8.18,8.36,103470
20091002,PDCO,26.76,26.95,26.44,26.6,8384
20091002,PEG,30.45,30.56,30.23,30.35,21105
20091002,PEP,59.12,61.24,58.93,60.9,175306
20091002,PFE,16.36,16.52,16.08,16.15,504021
20091002,PFG,25.11,25.81,24.3801,25.26,41000
20091002,PG,56.4,56.91,56.2,56.75,130887
20091002,PGN,38.34,38.49,38.09,38.17,18401
20091002,PGR,15.97,16.42,15.93,16.26,41245
20091002,PH,49.62,50.11,49.36,49.5,14487
20091002,PHM,10.49,10.6,10.24,10.39,59537
20091002,PKI,18.6,19.03,18.6,18.78,17679
20091002,PLD,10.96,11.63,10.76,10.97,151690
20091002,PLL,31.19,31.24,30.64,30.83,7237
20091002,PM,48.12,48.49,48,48.36,69630
20091002,PNC,45.04,45.96,44.02,44.34,87324
20091002,PNW,31.99,31.99,31.57,31.68,5760
20091002,POM,14.43,14.47,14.25,14.34,26469
20091002,PPG,55.94,56.93,55.27,56.26,11787
20091002,PPL,29.46,29.67,29.11,29.16,22354
20091002,PRU,46.33,48.23,45.89,46.74,61867
20091002,PSA,71.71,73.6,70.86,71.68,18715
20091002,PTV,25.16,25.7,25.12,25.35,21420
20091002,PWR,20.96,21.79,20.91,20.99,30733
20091002,PX,77.81,79.8,77.1,79.21,19230
20091002,PXD,34.21,34.74,33.49,34.39,20082
20091002,Q,3.64,3.718,3.56,3.57,221201
20091002,QCOM,42.33,42.62,41.22,41.44,347135
20091002,QLGC,16.61,16.83,16.39,16.76,34841
20091002,R,36.85,36.89,35.91,36.53,5945
20091002,RAI,44.26,44.38,43.885,44.16,7377
20091002,RDC,21.47,22,21.42,21.63,26323
20091002,RF,5.75,6.13,5.57,5.79,362192
20091002,RHI,23.78,24.125,23.49,23.78,17481
20091002,RHT,26.61,27.245,26.52,26.73,39948
20091002,RL,72.9,74.35,72.35,73.28,9691
20091002,ROK,40.48,41.23,40.18,40.75,14080
20091002,RRC,46.09,47.55,45.97,47.1,25175
20091002,RRD,20.56,20.61,19.81,20.22,25874
20091002,RSG,25.59,25.905,25.44,25.77,19635
20091002,RSH,15.63,15.79,15.39,15.63,23477
20091002,RTN,46.07,46.51,45.87,46.01,24996
20091002,RX,14.85,14.922,14.61,14.67,18706
20091002,S,3.67,4.05,3.61,3.91,686220
20091002,SBUX,19.74,20.0701,19.59,19.74,85075
20091002,SCG,34.34,34.51,33.99,34.09,11062
20091002,SCHW,18.28,18.93,18.26,18.73,106154
20091002,SE,18.36,18.57,18.26,18.42,43315
20091002,SEE,18.91,19.01,18.63,18.78,10269
20091002,SGP,27.78,28.37,27.73,28.18,247080
20091002,SHLD,62.89,63.51,61.63,62.59,7766
20091002,SHW,59.11,59.97,58.56,58.84,13516
20091002,SIAL,52.11,52.72,51.81,51.96,11134
20091002,SII,27.2,27.39,26.56,26.97,57810
20091002,SJM,53.02,53.84,52.77,53.64,10816
20091002,SLB,56.35,57.13,56,56.83,68575
20091002,SLE,10.75,10.86,10.64,10.72,69059
20091002,SLM,8.12,8.465,8.01,8.23,69234
20091002,SNA,33.72,34.07,33.44,33.48,8295
20091002,SNDK,20.03,20.54,19.621,20.09,63454
20091002,SNI,36.76,37.145,36.18,36.36,8486
20091002,SO,31.71,31.85,31.51,31.73,40059
20091002,SPG,65.1,68.14,64.52,66.03,45211
20091002,SPLS,22.8,22.82,22.41,22.54,58392
20091002,SRCL,47.67,47.94,47.24,47.73,6058
20091002,SRE,49.38,50.29,49.38,49.87,20066
20091002,STI,20.83,21.71,20.5,21.15,83371
20091002,STJ,38.08,38.39,37.8,37.98,30309
20091002,STR,35.2,35.74,34.98,35.45,12049
20091002,STT,49.63,51.73,49.4,50.91,50516
20091002,STZ,15.82,15.89,15.52,15.77,33596
20091002,SUN,26.79,27.56,26.77,27.13,24579
20091002,SVU,14.71,14.74,14.4,14.47,24230
20091002,SWK,41.38,41.53,40.9,40.97,8023
20091002,SWN,40,41.3,39.31,40.77,50283
20091002,SWY,19.52,19.84,19.28,19.77,61582
20091002,SYK,44.04,44.26,43.49,43.93,15931
20091002,SYMC,15.79,16.06,15.75,15.98,122409
20091002,SYY,24.38,24.53,24.24,24.38,38730
20091002,T,26.55,26.75,26.45,26.52,247752
20091002,TAP,48.33,48.4,47,47.72,19290
20091002,TDC,26.2,26.5,25.88,26.35,12087
20091002,TE,13.69,13.72,13.45,13.59,23747
20091002,TEG,35.5,35.57,34.97,34.97,4538
20091002,TER,8.77,9.14,8.53,8.83,90934
20091002,TGT,46.03,46.54,45.73,46.02,60946
20091002,THC,5.27,5.45,5.21,5.36,74425
20091002,TIE,8.95,9.3,8.89,9.03,28379
20091002,TIF,37.45,38.08,37.26,37.71,24154
20091002,TJX,36.53,36.69,36.13,36.28,42919
20091002,TLAB,6.66,6.7,6.46,6.57,123090
20091002,TMK,40.32,41.09,40.01,40.43,7910
20091002,TMO,43.08,44.39,42.89,44.2,48409
20091002,TROW,43.43,44.22,43.05,43.18,21991
20091002,TRV,48.21,49.93,48,49.04,49504
20091002,TSN,12.25,12.44,12.02,12.32,32605
20091002,TSO,13.86,14.15,13.63,13.94,62975
20091002,TSS,15.68,15.83,15.355,15.44,17018
20091002,TWC,41.45,41.67,40.01,40.21,35908
20091002,TWX,29.69,29.96,29.261,29.63,116047
20091002,TXN,22.45,22.77,22.26,22.49,204233
20091002,TXT,17.5,17.95,17.39,17.51,73017
20091002,UNH,24.68,24.91,23.95,24.28,112195
20091002,UNM,20.1,20.68,19.93,20.35,34526
20091002,UNP,57.46,58.6,57.06,57.38,48118
20091002,UPS,54.78,55.47,54.59,54.94,46738
20091002,USB,20.85,21.62,20.76,21.23,202108
20091002,UTX,59.38,59.94,59.31,59.63,46627
20091002,VAR,40.05,40.27,39.62,40.01,12857
20091002,VFC,69.23,69.56,68.6,69.16,5877
20091002,VIA,28.64,29.48,28.62,29.09,645
20091002,VLO,18.75,18.87,18.45,18.63,81945
20091002,VMC,49.88,50.9,49.33,50.06,15009
20091002,VNO,59.46,62.43,59,60.49,37439
20091002,VRSN,22.7,23.16,22.55,23,29915
20091002,VTR,37,37.78,36.19,37.06,26178
20091002,VZ,29.98,30.15,29.86,29.89,165387
20091002,WAG,38.35,38.75,37.92,38.05,89081
20091002,WAT,53.9,54.2,53.5,53.9,8461
20091002,WDC,35.12,35.81,34.52,35.33,32638
20091002,WEC,44.58,44.7,44.13,44.28,4652
20091002,WFC,26.04,26.69,25.99,26.28,520608
20091002,WFMI,29.16,29.59,28.27,29.21,24821
20091002,WFR,15.5,15.84,15.31,15.38,50855
20091002,WHR,65.9,66.96,65.37,66.52,13985
20091002,WIN,9.93,9.93,9.76,9.78,70302
20091002,WLP,46.57,46.9,45.19,45.92,70656
20091002,WM,28.85,29.25,28.85,29.15,24145
20091002,WMB,16.59,17.23,16.57,16.89,76632
20091002,WMT,48.89,49.34,48.84,49.08,150940
20091002,WPI,35.41,35.78,34.86,35.68,11274
20091002,WPO,450.06,456.96,443.73,444.96,317
20091002,WU,18.31,18.47,18.13,18.17,49927
20091002,WY,35.61,35.61,34.68,35.08,32382
20091002,WYE,48.35,48.53,48.15,48.18,192102
20091002,WYN,15.41,15.75,15.06,15.45,48653
20091002,WYNN,65.18,69.2,63.25,67.66,82378
20091002,X,41.37,41.93,40.4,40.75,173742
20091002,XEL,19.27,19.28,19.05,19.2,30691
20091002,XL,16.54,17.185,16.21,16.78,64912
20091002,XLNX,22.27,22.58,22.05,22.16,61615
20091002,XOM,66.97,67.14,66.5,66.58,204789
20091002,XRAY,33.63,33.8,33.48,33.6,6710
20091002,XRX,7.32,7.4,7.21,7.32,377314
20091002,XTO,38.46,39.83,38.305,38.96,83491
20091002,YHOO,17.22,17.35,16.78,16.84,326852
20091002,YUM,32.8,33.38,32.69,33.15,57490
20091002,ZION,16.1,16.99,16.06,16.68,75213
20091002,ZMH,52.39,52.44,51.46,51.5,44754
