20091208,A,29.56,29.77,29.22,29.59,19153
20091208,AA,12.93,12.97,12.79,12.87,206941
20091208,AAPL,189.04,192.35,188.7,189.87,246570
20091208,ABC,24.63,24.68,24.2,24.23,36184
20091208,ABT,53.52,53.64,52.94,53.24,57863
20091208,ACS,56.23,56.27,55.89,56,10240
20091208,ADBE,36.19,36.27,35.58,36.08,38631
20091208,ADI,30.38,30.6,30.03,30.22,38293
20091208,ADM,30.79,31.04,30.41,30.81,53180
20091208,ADP,43.84,43.87,43,43.02,32912
20091208,ADSK,24.57,24.7,24.19,24.5,23062
20091208,AEE,26.93,26.94,26.63,26.72,18245
20091208,AEP,34.24,34.47,33.99,34.33,37885
20091208,AES,13.16,13.19,12.81,12.87,52982
20091208,AET,29.63,30.77,29.51,30.47,69016
20091208,AFL,45.93,46.43,45.59,45.82,34527
20091208,AGN,59.05,59.19,58.4,58.69,12935
20091208,AIG,29.7,30.14,29.32,29.99,61492
20091208,AIV,14.39,14.83,14.36,14.66,23966
20091208,AIZ,29.75,29.87,29.04,29.22,22892
20091208,AKAM,25.04,25.25,24.35,25.09,71036
20091208,AKS,19.26,19.59,19.16,19.29,39773
20091208,ALL,28.09,28.19,27.72,27.73,52471
20091208,ALTR,22.05,22.67,21.72,22.54,106354
20091208,AMAT,13.19,13.4,13.02,13.32,176929
20091208,AMD,8.43,8.815,8.34,8.67,416261
20091208,AMGN,56.09,56.21,55.72,55.93,48816
20091208,AMP,37.69,37.99,37.3,37.42,17146
20091208,AMT,40.06,40.14,39.055,39.17,53445
20091208,AMZN,134.11,136.08,132.87,134.11,80068
20091208,AN,18.04,18.17,17.84,18.07,19172
20091208,ANF,35.54,35.54,34.61,34.68,53508
20091208,AON,37.94,38.41,37.7,37.88,18183
20091208,APA,92.84,93.24,91.9,92.52,34804
20091208,APC,58.1,58.68,57,57.47,45468
20091208,APD,81.88,81.88,80.18,80.53,12446
20091208,APH,44.19,44.31,43.51,43.98,9719
20091208,APOL,54.12,55.12,53.81,54.67,19894
20091208,ARG,46.32,46.83,46.16,46.62,8568
20091208,ATI,34.75,35.29,34.31,34.5,17747
20091208,AVB,74.38,76.48,74.29,75.64,13831
20091208,AVP,33.66,33.79,33.02,33.2,42905
20091208,AVY,38.22,38.27,37.24,37.85,8221
20091208,AXP,39.21,39.61,39.02,39.13,79216
20091208,AYE,22.65,22.71,22.33,22.54,14779
20091208,AZO,152.66,158.95,149.92,156.9,17701
20091208,BA,55.99,56.22,55.06,55.66,46589
20091208,BAC,15.72,15.86,15.37,15.41,3122967
20091208,BAX,55.59,55.64,55.0895,55.12,54580
20091208,BBBY,38.25,38.5,37.88,38.25,31511
20091208,BBT,25.68,26.3,25.61,25.86,52854
20091208,BBY,43.66,44.09,43.3,43.46,45146
20091208,BCR,82.42,82.54,81.73,81.8,10052
20091208,BDK,61.31,62.11,60.42,61.64,16852
20091208,BDX,77.98,77.98,76.9,77.37,10145
20091208,BEN,106.82,107.33,105.44,106.59,9878
20091208,BF.B,53.69,55.47,51.83,52.12,9360
20091208,BHI,38.37,38.62,37.74,38.04,38217
20091208,BIG,28.04,28.69,27.72,28.62,31019
20091208,BIIB,48.21,48.25,47.46,48.06,28313
20091208,BJS,17.95,17.95,17.57,17.65,38593
20091208,BK,26.75,27.13,26.65,26.91,96244
20091208,BLL,49.83,52.2,49.425,51.94,24743
20091208,BMC,38.4,38.56,38.02,38.16,15459
20091208,BMS,30.54,30.54,30.03,30.32,7090
20091208,BMY,25.24,25.3,24.9,24.9,276757
20091208,BNI,98.66,98.84,98.65,98.79,32477
20091208,BRCM,30.75,31.08,30.48,30.78,60425
20091208,BSX,8.52,8.52,8.35,8.48,140255
20091208,BTU,42,42.08,41.14,41.31,62322
20091208,BXP,67.32,69.14,67.02,67.37,19444
20091208,C,4.01,4.04,3.85,3.91,5528662
20091208,CA,21.95,22.22,21.78,21.91,34231
20091208,CAG,22.57,22.57,22.17,22.31,24862
20091208,CAH,32.29,32.38,31.85,31.86,41000
20091208,CAM,37.02,37.11,36.27,36.45,29597
20091208,CAT,57.14,57.19,56.25,56.38,64828
20091208,CB,48.79,49.1,48.5,48.62,18740
20091208,CBG,12,12.1,11.87,12.02,23666
20091208,CBS,13.67,14.25,13.54,13.97,146337
20091208,CCE,19.87,19.87,19.56,19.63,42573
20091208,CCL,32.12,32.18,31.6975,31.83,40519
20091208,CEG,33.38,33.38,32.74,33.02,22234
20091208,CELG,53.07,54.64,53,54.32,99630
20091208,CEPH,56.9,57,56.2,56.73,18917
20091208,CF,89.29,89.9999,85.64,85.75,21384
20091208,CFN,24.45,24.8,24.26,24.36,12064
20091208,CHK,22.92,22.98,22.42,22.55,154343
20091208,CHRW,57.12,57.71,56.59,57.41,12447
20091208,CI,32.85,34.39,32.85,33.85,49239
20091208,CINF,25.39,25.54,25.315,25.4,11671
20091208,CL,82.58,82.62,81.78,82,31122
20091208,CLF,41.17,41.69,40.35,40.8,30743
20091208,CLX,60.92,61.91,60.34,61.3,22261
20091208,CMA,27.33,27.91,27.23,27.75,13940
20091208,CMCSA,17.05,17.41,16.91,17.36,559074
20091208,CME,321.1,322.39,318.46,319.47,7313
20091208,CMI,44.5,45.19,44.23,44.96,28839
20091208,CMS,15.02,15.2,14.86,15.06,20592
20091208,CNP,13.85,13.95,13.7,13.88,26152
20091208,CNX,43.07,43.86,42.5,43.23,28436
20091208,COF,37.01,37.73,36.98,37.6,55586
20091208,COG,38.09,38.23,37.01,37.11,12073
20091208,COH,35.79,35.79,35.12,35.29,42699
20091208,COL,55.73,56.0399,55.06,55.62,10417
20091208,COP,50.4,50.42,49.79,49.94,100908
20091208,COST,58.81,58.96,58,58.75,38533
20091208,CPB,35.37,35.375,34.83,35.07,16015
20091208,CPWR,7.18,7.19,7.04,7.16,18588
20091208,CRM,65.1,65.28,64,64.14,17355
20091208,CSC,55.28,55.35,54.79,55.05,12453
20091208,CSCO,23.85,24.21,23.75,23.81,441300
20091208,CSX,48.92,49.08,47.13,47.52,54721
20091208,CTAS,29.16,29.21,28.78,29.01,7519
20091208,CTL,36.66,36.66,36.24,36.53,21876
20091208,CTSH,43.85,44.3,43.42,44.16,40076
20091208,CTXS,38.6,38.71,38.01,38.26,17074
20091208,CVH,22.61,22.89,22.38,22.63,10659
20091208,CVS,30.95,30.96,30.37,30.56,161286
20091208,CVX,77.89,77.98,76.45,76.76,90619
20091208,D,38.14,38.41,37.75,38.15,29821
20091208,DD,32.31,32.34,31.53,31.63,82206
20091208,DE,53.16,53.16,52.06,52.27,45550
20091208,DELL,13.21,13.22,12.81,12.81,473070
20091208,DF,16.88,17.14,16.69,17.06,35313
20091208,DFS,15.43,15.43,15.06,15.1,50649
20091208,DGX,58.57,59.37,58.391,58.88,7982
20091208,DHI,9.81,10.06,9.71,9.85,62465
20091208,DHR,71.88,71.88,70.76,71.35,19672
20091208,DIS,30.87,30.98,30.45,30.68,87029
20091208,DNB,80.16,81.41,79.9,80.38,3473
20091208,DNR,13.6,13.66,13.265,13.3,51177
20091208,DO,96.87,97.362,94.47,95.33,23835
20091208,DOV,41.56,41.61,40.84,41.13,8142
20091208,DOW,27.75,27.95,27.35,27.54,83950
20091208,DPS,26.94,26.94,26.3,26.75,9950
20091208,DRI,31.84,32.25,31.71,31.91,14668
20091208,DTE,42.49,42.66,42.009,42.61,10594
20091208,DTV,32.61,33.03,32.32,32.78,169373
20091208,DUK,17.39,17.5,17.23,17.45,81223
20091208,DV,53.28,54.81,52.85,54.29,13398
20091208,DVA,59.37,59.42,57.74,58.12,23694
20091208,DVN,65.2,65.45,63.66,63.8,38100
20091208,EBAY,22.92,22.97,22.46,22.58,185355
20091208,ECL,44.59,44.88,44.29,44.5,10483
20091208,ED,44.33,44.35,43.905,44.01,25683
20091208,EFX,30.09,30.16,29.8,29.91,5260
20091208,EIX,34.95,35.03,34.52,34.82,19196
20091208,EK,4.48,4.58,4.33,4.37,54169
20091208,EL,48.87,48.87,47.56,47.84,33753
20091208,EMC,16.77,16.81,16.6,16.67,201866
20091208,EMN,58.79,59.27,58.38,58.7,13888
20091208,EMR,41.89,41.89,40.73,40.83,52323
20091208,EOG,86.83,86.91,84.951,85.25,22375
20091208,EP,9.54,9.63,9.35,9.38,80535
20091208,EQR,31.77,32.27,31.41,31.82,28326
20091208,EQT,41.26,41.305,40.47,40.74,9446
20091208,ERTS,16.04,16.45,15.96,16.36,89499
20091208,ESRX,87.01,88.27,86.5707,87.12,13683
20091208,ETFC,1.66,1.67,1.64,1.65,220904
20091208,ETN,64.66,64.8,63.67,64.06,12315
20091208,ETR,80.83,81.23,80.09,80.92,11824
20091208,EXC,50,50.33,49.57,49.97,31189
20091208,EXPD,32.69,32.82,32.101,32.66,12581
20091208,EXPE,25,25.46,24.72,25.1,20908
20091208,F,8.87,8.89,8.76,8.82,574729
20091208,FAST,38.3,38.86,37.73,38.44,9195
20091208,FCX,77.58,77.9,76.11,76.27,152281
20091208,FDO,28.15,28.531,28.13,28.3,31362
20091208,FDX,89.47,90.62,89.01,89.88,68669
20091208,FE,44.68,44.85,44.26,44.4,17979
20091208,FHN,13.85,14.27,13.83,14.07,25784
20091208,FII,24.92,25.11,24.81,24.96,9299
20091208,FIS,23.37,23.42,23.05,23.17,34865
20091208,FISV,46.95,46.98,46.18,46.74,11309
20091208,FITB,10.2,10.4,10.16,10.19,109214
20091208,FLIR,30.19,30.4,29.48,29.99,16544
20091208,FLR,41.82,41.95,40.75,40.8,50284
20091208,FLS,98.14,98.14,95.15,95.64,10744
20091208,FMC,56.19,56.32,55.59,55.69,6213
20091208,FO,39.38,39.7,39,39.36,9173
20091208,FPL,52.86,53.39,52.335,53.29,19927
20091208,FRX,30.76,31.04,30.5,30.96,23593
20091208,FSLR,134.22,137.3,133.51,133.54,23317
20091208,FTI,53.95,54.08,52.69,52.95,23315
20091208,FTR,8.1,8.22,7.87,8.18,55804
20091208,GAS,40.83,41.32,40.21,41.32,4840
20091208,GCI,11.05,12,11.02,11.8,180270
20091208,GD,67.61,68.15,66.83,67.82,19593
20091208,GE,15.9,15.93,15.65,15.72,788521
20091208,GENZ,49.69,49.8122,49,49.42,24633
20091208,GILD,46.28,46.48,45.91,46.12,55143
20091208,GIS,68.84,69.07,68.12,68.73,18617
20091208,GLW,18.16,18.31,17.75,17.89,132933
20091208,GME,21.15,21.49,20.88,21.35,61559
20091208,GNW,11.15,11.19,10.9,11.02,105171
20091208,GOOG,583.36,590.66,582,587.05,15255
20091208,GPC,37.355,37.65,37.01,37.5,9076
20091208,GPS,21.6,21.65,21.25,21.35,63924
20091208,GR,60.85,61.06,59.85,60.7,10189
20091208,GS,163.12,164.1,161.05,161.84,116961
20091208,GT,14.46,14.6,14.22,14.42,22055
20091208,GWW,98.02,98.02,96.73,97.51,4708
20091208,HAL,27.35,27.3999,26.7,26.8,180935
20091208,HAR,35.3,35.9,34.89,35.87,8397
20091208,HAS,30.87,30.87,30.35,30.4,14350
20091208,HBAN,3.66,3.81,3.65,3.79,210768
20091208,HCBK,13.11,13.23,13.07,13.12,41416
20091208,HCN,45.34,46.04,45.15,45.41,10449
20091208,HCP,31.68,32.4,31.63,31.73,30544
20091208,HD,28.08,28.11,27.54,27.67,151215
20091208,HES,56.78,56.92,54.44,54.67,50413
20091208,HIG,23.71,23.95,23.545,23.8,51770
20091208,HNZ,43.23,43.23,42.71,42.92,22759
20091208,HOG,28.21,28.28,27.38,27.5,41553
20091208,HON,40.72,40.72,40,40.24,43035
20091208,HOT,32.85,33.7,32.5,33.63,33912
20091208,HPQ,49.08,49.15,48.82,48.94,115792
20091208,HRB,20.2,20.41,19.78,19.9,34348
20091208,HRL,38.98,39.11,38.36,38.52,9404
20091208,HRS,45.83,45.95,45.21,45.42,6827
20091208,HSP,47.75,48,47.26,47.84,6873
20091208,HST,10.41,10.46,10.24,10.27,87453
20091208,HSY,35.81,35.86,35.29,35.58,8726
20091208,HUM,41.06,41.57,40.34,40.51,26470
20091208,IBM,126.97,127.35,126.16,126.8,53514
20091208,ICE,103.68,105.11,103.17,105.04,7489
20091208,IFF,41.6,41.68,41.17,41.26,4876
20091208,IGT,17.91,18.33,17.53,18.25,54433
20091208,INTC,20.24,20.28,19.8,19.99,639918
20091208,INTU,29.37,29.57,28.98,29.32,28053
20091208,IP,25.72,26.14,25.45,25.74,52567
20091208,IPG,6.6,6.91,6.47,6.9,86326
20091208,IRM,23.76,23.76,23.24,23.35,16290
20091208,ISRG,286.01,288.02,283.89,287.03,9665
20091208,ITT,52.29,52.29,51.14,51.42,12915
20091208,ITW,48.01,48.03,47.31,47.58,30621
20091208,IVZ,21.19,21.34,20.98,21.08,28466
20091208,JAVA,8.46,8.53,8.4,8.49,93154
20091208,JBL,13.16,13.36,13,13.25,25901
20091208,JCI,26.73,26.78,26.28,26.47,33084
20091208,JCP,28.06,28.25,27.56,27.91,30124
20091208,JDSU,7.77,7.98,7.71,7.87,37396
20091208,JEC,34.89,34.89,33.7,34.02,38855
20091208,JNJ,64.5,64.64,63.93,64.25,110741
20091208,JNPR,27.06,27.32,26.78,27.18,56402
20091208,JNS,12.66,12.71,12.49,12.66,22026
20091208,JPM,41.01,41.4,40.625,41.21,418788
20091208,JWN,34.86,35.63,34.46,35.08,29775
20091208,K,52.79,52.88,52.07,52.62,23138
20091208,KEY,5.84,5.9,5.75,5.83,140152
20091208,KFT,26.69,26.84,26.5,26.66,83956
20091208,KG,11.55,11.56,11.25,11.3,26104
20091208,KIM,12.39,12.69,12.23,12.51,351675
20091208,KLAC,35.82,36.13,35.34,35.82,35558
20091208,KMB,64.99,65.16,64.49,64.91,22074
20091208,KO,57.53,57.74,57.07,57.68,91453
20091208,KR,20.04,20.63,19.45,20.13,770825
20091208,KSS,54.29,54.58,53.64,53.81,25170
20091208,L,35.12,35.31,34.845,35.02,22054
20091208,LEG,19.83,19.94,19.59,19.83,9454
20091208,LEN,11.82,12.05,11.72,11.82,49242
20091208,LH,73.43,73.85,72.91,73.43,5453
20091208,LIFE,50.18,50.48,49.6,49.87,7402
20091208,LLL,82.87,82.9,81.56,82.14,12434
20091208,LLTC,28.07,28.33,27.69,28.19,39444
20091208,LLY,37.02,37.33,36.44,36.51,71809
20091208,LM,28.81,29.09,28.52,28.79,11489
20091208,LMT,78.21,78.47,77.01,77.66,14010
20091208,LNC,22.34,22.8,22.29,22.47,37844
20091208,LO,78.69,78.84,77.45,77.82,12860
20091208,LOW,22.58,22.79,22.31,22.71,121118
20091208,LSI,5.62,5.71,5.54,5.55,90223
20091208,LTD,18.13,18.32,17.93,18.05,33666
20091208,LUK,22.99,23.13,22.772,23,7394
20091208,LUV,10.14,10.31,9.96,10.1,98429
20091208,LXK,24.99,25.11,24.7,24.75,9866
20091208,M,16.33,16.55,16.03,16.39,111400
20091208,MA,238,239.72,236.69,238.61,6939
20091208,MAR,26.48,26.95,26.09,26.89,49200
20091208,MAS,13.8,13.9,13.49,13.55,95818
20091208,MAT,20.03,20.12,19.68,19.91,23914
20091208,MCD,60.45,60.905,60.04,60.61,146978
20091208,MCHP,27.62,28,27.3,27.81,21336
20091208,MCK,60.81,61.46,60.68,61.28,34907
20091208,MCO,24.87,25.1,24.6,24.7,45083
20091208,MDP,27.39,29.77,26.24,28.88,7387
20091208,MDT,43,43.21,42.4,42.79,63650
20091208,MEE,35.28,37.03,35.28,35.45,41526
20091208,MET,35.49,36.05,35.08,35.79,78041
20091208,MFE,38.4,38.44,37.42,37.45,39958
20091208,MHP,32.07,33.1,32.07,32.73,46445
20091208,MHS,63.54,64.405,63.27,64.16,23104
20091208,MI,5.7,5.96,5.64,5.95,103520
20091208,MIL,69.79,70.03,69.13,69.72,2934
20091208,MJN,42.26,42.46,41.31,41.74,50389
20091208,MKC,36.48,36.58,36.02,36.25,3604
20091208,MMC,21.66,21.79,21.49,21.54,28431
20091208,MMM,76.35,77.43,76,77.11,50466
20091208,MO,19.46,19.46,19.13,19.26,127926
20091208,MOLX,20.16,20.43,19.85,20.06,11261
20091208,MON,82.75,83.4,81.93,82.2,42680
20091208,MOT,8.29,8.67,8.23,8.62,555330
20091208,MRK,36.65,36.995,36.26,36.35,155407
20091208,MRO,31.61,31.65,30.83,30.94,57791
20091208,MS,30.09,30.58,29.91,30.15,140184
20091208,MSFT,29.51,29.74,29.38,29.57,374079
20091208,MTB,61.96,64.08,61.93,63.75,14697
20091208,MU,8.62,8.72,8.52,8.6,233563
20091208,MUR,54.46,54.53,53.62,53.8,17024
20091208,MWV,28.29,28.5,27.88,28.07,21295
20091208,MWW,16.99,17.15,16.5,16.7,14087
20091208,MYL,18.06,18.3,17.93,18.14,38016
20091208,NBL,65.03,65.55,64.76,65.11,21672
20091208,NBR,20.19,20.19,19.28,19.48,63746
20091208,NDAQ,19.53,19.66,19.38,19.45,21414
20091208,NEM,51.05,51.4,50.04,50.33,82730
20091208,NI,15.07,15.31,14.86,15.12,25851
20091208,NKE,64,64.39,63.38,63.53,36277
20091208,NOC,55.63,55.92,54.79,55.01,23217
20091208,NOV,41.69,42.31,40.99,41.4,70904
20091208,NOVL,3.99,4.1,3.95,4.08,36118
20091208,NSC,52.04,52.06,51.01,51.3,26731
20091208,NSM,15.42,15.43,15.13,15.17,61989
20091208,NTAP,32.71,33.5,32.56,33.35,76621
20091208,NTRS,47.62,48.08,47.2,47.3,27324
20091208,NU,24.66,24.87,24.43,24.74,9930
20091208,NUE,42.51,42.725,42.15,42.31,30924
20091208,NVDA,15.75,15.9,15.22,15.31,268925
20091208,NVLS,23.41,23.9599,23.13,23.81,28519
20091208,NWL,14.73,14.89,14.51,14.55,25777
20091208,NWSA,12.19,12.375,11.975,12.32,215097
20091208,NYT,8.9,9.29,8.62,9.01,26967
20091208,NYX,24.5,24.58,24.27,24.39,28323
20091208,ODP,6.67,6.93,6.57,6.8,59626
20091208,OI,31.81,32.17,31.44,32.03,30339
20091208,OMC,36.34,36.34,35.69,36.27,21438
20091208,ORCL,22.3,22.36,21.89,21.91,279027
20091208,ORLY,38.04,38.33,37.57,38.07,12072
20091208,OXY,77.3,77.75,76.4,76.92,54718
20091208,PAYX,32.39,32.43,31.78,31.82,39561
20091208,PBCT,15.98,16.205,15.91,16.11,31661
20091208,PBG,38.56,38.58,38.27,38.38,9708
20091208,PBI,23.01,23.17,22.67,22.79,12296
20091208,PCAR,35.7,36.23,35.06,35.88,29653
20091208,PCG,43.66,43.78,43.22,43.57,12733
20091208,PCL,35.37,35.87,35,35.12,21342
20091208,PCLN,215.87,218.23,215,216.06,13180
20091208,PCP,110.98,110.98,109,109.67,8414
20091208,PCS,7.02,7.04,6.8,6.87,66918
20091208,PDCO,26.11,26.43,25.79,26.25,8856
20091208,PEG,31.92,32.04,31.57,31.93,31962
20091208,PEP,64.09,64.09,63.145,63.48,61631
20091208,PFE,18.05,18.07,17.63,17.76,799820
20091208,PFG,23.02,23.41,22.97,23.28,23730
20091208,PG,62.14,62.3,61.6,61.87,111691
20091208,PGN,40.92,41.04,40.35,40.83,19148
20091208,PGR,16.55,16.93,16.52,16.76,41420
20091208,PH,54.99,55.05,53.91,54.09,9311
20091208,PHM,8.99,9.13,8.85,8.88,63767
20091208,PKI,19.58,19.65,19.36,19.44,6451
20091208,PLD,13.58,13.72,13.41,13.56,72916
20091208,PLL,31.87,31.87,31.23,31.57,8699
20091208,PM,49.6,49.91,48.45,49.04,81982
20091208,PNC,51.71,54.18,51.53,53.5,58189
20091208,PNW,36.12,36.6,35.86,36.51,12832
20091208,POM,16.83,16.98,16.58,16.87,31337
20091208,PPG,59.89,59.98,58.65,58.84,11776
20091208,PPL,31.39,31.42,31,31.23,11880
20091208,PRU,47.04,47.46,46.44,46.88,40414
20091208,PSA,77.82,78.3,76.98,77.31,13141
20091208,PTV,23.97,24.01,23.62,23.79,12497
20091208,PWR,18.2,18.32,17.93,17.97,26376
20091208,PX,81.92,82.02,81.0375,81.15,18450
20091208,PXD,40.54,40.8,39.77,39.95,12306
20091208,Q,4.15,4.18,3.97,4.1,512421
20091208,QCOM,44.74,45.2,44.13,44.59,131535
20091208,QLGC,18.75,18.83,18.54,18.71,9834
20091208,R,41.75,41.84,40.84,41.56,5627
20091208,RAI,52.6,52.9,51.6,51.95,18710
20091208,RDC,23.87,23.96,23.23,23.35,24063
20091208,RF,5.52,5.73,5.46,5.69,261555
20091208,RHI,25.51,25.51,24.88,25.31,14376
20091208,RHT,28.02,28.14,27.5,27.73,8399
20091208,RL,79.38,79.94,78.8,79.31,5103
20091208,ROK,45.42,45.64,44.79,45.32,11253
20091208,ROP,53.11,53.34,52.4,52.74,4248
20091208,ROST,43.84,43.92,43,43.55,16135
20091208,RRC,44.57,44.88,43.15,43.34,42505
20091208,RRD,21.4,21.53,21.0775,21.35,9392
20091208,RSG,28.83,29.19,28.5,28.92,20421
20091208,RSH,19.08,19.39,18.9,19.08,24729
20091208,RTN,52.48,52.61,51.77,52.36,23717
20091208,RX,21.35,21.38,21.27,21.34,43263
20091208,S,4.04,4.05,3.9,3.91,835782
20091208,SAI,18.01,18.08,17.745,18.04,25034
20091208,SBUX,21.09,21.46,20.95,21.22,60114
20091208,SCG,36.31,36.49,35.92,36.21,7265
20091208,SCHW,18.23,18.34,18.04,18.23,83329
20091208,SE,19.5,19.6799,19.34,19.54,25785
20091208,SEE,22.58,22.6,22.26,22.39,9664
20091208,SHLD,71.86,72.57,70.45,70.99,15953
20091208,SHW,62.39,62.39,61.2,61.61,12293
20091208,SIAL,52.64,52.76,51.72,52.15,5153
20091208,SII,25.88,26.01,25.54,26.01,60071
20091208,SJM,59.19,59.68,58.83,58.95,14284
20091208,SLB,61.01,61.17,59.57,60,80150
20091208,SLE,12.23,12.25,12.04,12.14,39971
20091208,SLM,11.16,11.39,10.96,11.05,47597
20091208,SNA,38.51,38.55,37.77,38.51,6981
20091208,SNDK,22.02,22.76,21.93,22.42,50866
20091208,SNI,39.33,39.95,38.9,39.93,6542
20091208,SO,33.02,33.25,32.75,33.17,50847
20091208,SPG,73.76,75.6,73.38,74.68,43244
20091208,SPLS,24.05,24.325,23.68,24.24,86249
20091208,SRCL,57.49,58.19,57.27,57.62,8591
20091208,SRE,54.87,55.13,54.29,54.98,18611
20091208,STI,22.3,22.835,22.22,22.5,42810
20091208,STJ,36.73,37.01,36.45,36.81,28783
20091208,STR,39.14,39.17,37.94,38.13,19939
20091208,STT,40.76,41.18,40.5,40.74,35330
20091208,STZ,16.5,16.52,16.09,16.17,20189
20091208,SUN,25.76,26.29,25.61,25.91,22865
20091208,SVU,13.91,14.17,13.1,13.18,84344
20091208,SWK,48.55,49.31,47.99,49.02,21215
20091208,SWN,42.51,42.69,41.05,41.31,58308
20091208,SWY,21.15,21.37,20.5,20.91,115515
20091208,SYK,51.53,51.53,50.9,51.43,12115
20091208,SYMC,17.5,17.54,17.22,17.36,127431
20091208,SYY,28.87,28.87,28.51,28.8,58222
20091208,T,27.99,27.99,27.5,27.61,259493
20091208,TAP,45.49,45.68,44.8,45.1,10155
20091208,TDC,30.09,30.24,29.49,29.52,13386
20091208,TE,15.43,15.59,15.31,15.47,19912
20091208,TEG,41.56,41.56,40.83,41.32,7114
20091208,TER,9.55,9.78,9.55,9.69,37192
20091208,TGT,46.2,46.2,45.42,45.87,63704
20091208,THC,4.86,4.9,4.75,4.79,52078
20091208,TIE,10.03,10.03,9.78,9.94,24968
20091208,TIF,41.03,41.21,40.51,40.7,22950
20091208,TJX,36.89,37.05,35.95,36.81,58571
20091208,TLAB,5.65,5.75,5.62,5.73,50299
20091208,TMK,43.03,43.44,42.83,43.1,5429
20091208,TMO,48.6,48.645,47.83,48.01,33879
20091208,TROW,48.5,49.39,48.17,49.16,19772
20091208,TRV,50.13,50.37,49.82,49.92,40444
20091208,TSN,12.74,12.79,12.53,12.58,43934
20091208,TSO,12.56,12.67,12.41,12.47,28791
20091208,TSS,17.55,17.7,17.4,17.49,12348
20091208,TWC,42.88,43.44,42.68,43.21,18617
20091208,TWX,31.29,31.29,30.48,30.65,92997
20091208,TXN,26.72,26.9,25.12,26.33,182153
20091208,TXT,19.66,19.8,19.12,19.6,33345
20091208,UNH,28.09,28.92,28.07,28.46,158975
20091208,UNM,18.88,18.92,18.56,18.63,28134
20091208,UNP,64.42,64.6,63.16,63.35,52069
20091208,UPS,58.66,58.66,57.46,57.74,63939
20091208,USB,23.03,23.13,22.71,22.98,124680
20091208,UTX,68.52,68.52,67.39,68.23,41076
20091208,V,79.62,80.41,79.55,79.99,26063
20091208,VAR,45.71,45.71,44.95,45.53,11073
20091208,VFC,71.92,72.17,71.27,71.68,5781
20091208,VIA,32.01,32.02,31.36,31.92,307
20091208,VLO,16.22,16.46,16.12,16.2,80654
20091208,VMC,48.25,49.33,47.35,48.04,8741
20091208,VNO,68.76,69.85,68.4,68.93,32872
20091208,VRSN,22.28,22.39,22,22.11,29674
20091208,VTR,43.48,44.66,43.48,44.04,15477
20091208,VZ,33.41,33.65,32.88,33.39,202924
20091208,WAG,37.4,37.62,36.9,37.08,72202
20091208,WAT,59.7,59.76,58.87,59.23,7814
20091208,WDC,38.85,38.97,38.33,38.66,25749
20091208,WEC,46.39,46.54,45.87,46.28,4730
20091208,WFC,25.99,26.46,25.91,26.03,426823
20091208,WFMI,25.49,25.76,24.94,25.3,26544
20091208,WFR,13.03,13.25,12.85,13.1,55768
20091208,WHR,77.85,77.89,76.48,76.73,14126
20091208,WIN,10.99,10.99,10.71,10.87,76497
20091208,WLP,54.36,56.77,54.36,55.76,58992
20091208,WM,33.57,33.64,32.85,33.17,15932
20091208,WMB,19.45,19.68,19.34,19.44,50887
20091208,WMT,54.82,54.85,54.065,54.41,158416
20091208,WPI,37.79,38,37.5619,37.77,6131
20091208,WPO,409.68,413.04,403.64,409.66,583
20091208,WU,18.15,18.33,17.97,18.05,42969
20091208,WY,42.34,42.38,41.28,41.53,11801
20091208,WYN,20.18,20.51,20.13,20.3,28843
20091208,WYNN,63.9,64.44,62.87,63.35,26931
20091208,X,44.2,44.68,43.71,44.23,80703
20091208,XEL,20.85,20.9285,20.63,20.8,18905
20091208,XL,17.93,17.97,17.67,17.74,23882
20091208,XLNX,23.22,24.02,22.96,23.77,111920
20091208,XOM,73.47,73.5,72.41,72.95,184935
20091208,XRAY,34.14,34.35,33.63,33.86,9834
20091208,XRX,7.83,7.86,7.78,7.8,84906
20091208,XTO,40.88,41.08,40.21,40.34,57026
20091208,YHOO,15.48,15.9,15.23,15.45,311605
20091208,YUM,33.64,34.2,33.64,34.11,69844
20091208,ZION,13.3,13.86,13.26,13.74,79552
20091208,ZMH,58.61,58.865,57.995,58.43,20488
