20091201,A,29.1,29.49,29.08,29.44,22685
20091201,AA,12.75,12.96,12.64,12.8,264140
20091201,AAPL,202.25,202.77,196.83,196.97,166343
20091201,ABC,24.75,24.95,24.7,24.85,26291
20091201,ABT,54.85,54.87,54.22,54.48,102148
20091201,ACS,55.76,56.18,55.42,55.86,13999
20091201,ADBE,35.41,36.525,35.27,36.4,54288
20091201,ADI,30.1,30.48,29.97,30.37,54978
20091201,ADM,31.25,31.96,31.08,31.66,66665
20091201,ADP,43.79,44.14,43.66,43.84,39700
20091201,ADSK,23.53,24.11,23.45,23.96,35087
20091201,AEE,26.14,26.59,26.05,26.58,24827
20091201,AEP,32.27,33.065,32.25,33.04,55311
20091201,AES,12.83,13.18,12.83,13.14,67081
20091201,AET,29.24,29.96,29.11,29.82,37933
20091201,AFL,46.03,47.05,45.72,46.4,48426
20091201,AGN,58.66,59.12,58.53,58.9,14432
20091201,AIG,29.58,31.97,28.83,30.84,425397
20091201,AIV,13.67,13.95,13.52,13.86,27883
20091201,AIZ,30.83,30.97,30.5,30.74,10330
20091201,AKAM,24.06,24.4,23.93,23.95,36704
20091201,AKS,20.29,21.05,20.1,20.67,80358
20091201,ALL,28.77,28.77,28.4,28.52,38635
20091201,ALTR,22,22.28,21.95,22,136186
20091201,AMAT,12.43,12.95,12.4,12.89,332354
20091201,AMD,7.11,7.25,7.01,7.2,231397
20091201,AMGN,56.36,57.25,56.34,57.08,49415
20091201,AMP,38.49,39.09,38.04,38.92,32308
20091201,AMT,41.11,41.86,40.92,41.67,22884
20091201,AMZN,137.1,139.35,135.75,138.5,96575
20091201,AN,17.65,18.15,17.59,17.7,39998
20091201,ANF,40.23,40.29,39.36,40.06,46409
20091201,AON,39.45,39.45,38.28,38.6,16121
20091201,APA,96.24,98.57,96.24,97.72,36256
20091201,APC,60.65,61.94,60.48,61.56,51420
20091201,APD,83.83,84.31,82.87,83.6,12362
20091201,APH,41.69,42.34,41.52,42.26,11453
20091201,APOL,56.5,57.1,54.76,55.81,57818
20091201,ARG,46.69,47.07,46.49,46.65,6205
20091201,ATI,34.72,35.39,34.59,34.82,23485
20091201,AVB,72.66,73.88,72.1,73.54,15252
20091201,AVP,34.42,35.16,34.42,35.05,25396
20091201,AVY,37.82,38.23,37.72,37.96,7877
20091201,AXP,42.21,42.25,40.97,41.3,116555
20091201,AYE,22.14,22.52,22.11,22.3,17228
20091201,AZO,148.49,152.95,148.29,151.2,6791
20091201,BA,52.75,54.22,52.75,53.72,63600
20091201,BAC,16.04,16.09,15.67,15.9,1432166
20091201,BAX,54.68,55.425,54.55,55.22,39648
20091201,BBBY,37.77,39.12,37.36,38.89,55546
20091201,BBT,25.57,25.77,25.13,25.6,85669
20091201,BBY,43.28,43.9,42.81,43.53,49203
20091201,BCR,82.86,83.2,82.48,83.05,8943
20091201,BDK,61.17,62.48,61.03,61.13,9637
20091201,BDX,75.26,76.37,75.16,76,13321
20091201,BEN,109.16,109.4679,107.6,108.4,16108
20091201,BF.B,51.66,51.77,51.07,51.08,4596
20091201,BHI,41.34,41.71,40.97,41.06,52459
20091201,BIG,23.25,23.63,23.19,23.46,20247
20091201,BIIB,47.26,48,46.94,47.84,22966
20091201,BJS,19,19.14,18.88,18.9,48422
20091201,BK,26.74,26.99,26.4,26.95,155767
20091201,BLL,49.56,49.97,49.53,49.62,7528
20091201,BMC,38.76,39.55,38.76,39.16,17577
20091201,BMS,29.46,29.7,29.24,29.6,12340
20091201,BMY,25.39,25.58,24.64,24.65,482255
20091201,BNI,98.36,98.48,98.32,98.46,24557
20091201,BRCM,29.61,30.28,29.54,30.18,75020
20091201,BSX,8.45,8.48,8.31,8.44,130077
20091201,BTU,45.26,45.7,44.91,45.16,42146
20091201,BXP,67.45,68.7,67.01,67.97,20659
20091201,C,4.15,4.16,4.05,4.1,2462393
20091201,CA,22.28,22.53,22.21,22.48,34688
20091201,CAG,22.37,22.75,22.32,22.57,39402
20091201,CAH,32.5,32.66,32.15,32.46,53022
20091201,CAM,38.37,38.72,38.22,38.36,25654
20091201,CAT,59.24,60.25,59.05,59.68,98242
20091201,CB,50.35,50.73,49.98,50.16,17233
20091201,CBG,11.26,11.8,11.26,11.59,45004
20091201,CBS,13.06,13.35,12.91,13.15,71463
20091201,CCE,19.78,19.95,19.73,19.75,36057
20091201,CCL,32.43,32.74,31.9385,32.13,39349
20091201,CEG,31.92,32.62,31.92,32.52,33652
20091201,CELG,55.74,56.5,55.7,56.3,37188
20091201,CEPH,55.04,55.57,54.5,55.32,28242
20091201,CF,87.21,87.21,85.73,85.9,10438
20091201,CFN,26.18,26.47,25.75,25.85,11259
20091201,CHK,24.29,24.58,24,24.1,120845
20091201,CHRW,56.11,56.73,55.85,56.58,19903
20091201,CI,32.23,33.52,32.08,33.08,42259
20091201,CINF,25.68,25.68,25.31,25.58,11630
20091201,CL,84.19,85.99,84.15,85.75,30698
20091201,CLF,45.04,45.75,44.55,45.07,30077
20091201,CLX,60.66,60.95,60.3,60.73,9023
20091201,CMA,28.79,28.8,28.19,28.34,14453
20091201,CMCSA,14.89,15.1,14.78,14.96,287867
20091201,CME,329.57,332.33,327.95,330.85,8037
20091201,CMI,45.54,47.57,45.42,47.16,31749
20091201,CMS,14.37,14.57,14.3,14.54,36046
20091201,CNP,13.37,13.5,13.33,13.47,26022
20091201,CNX,46.52,47.5,46.33,46.96,27505
20091201,COF,38.93,38.94,37.43,38.09,65172
20091201,COG,38.64,39.4,38.64,39.24,10382
20091201,COH,35.19,35.585,34.95,35.42,33210
20091201,COL,53.63,54.54,53.63,54.43,9115
20091201,COP,52.91,52.91,52.07,52.26,81649
20091201,COST,60.17,60.79,60.1,60.73,44185
20091201,CPB,35.13,35.6,35.1,35.56,20298
20091201,CPWR,6.94,7.2,6.93,7.17,28253
20091201,CRM,62.67,64.55,62.38,64.32,10805
20091201,CSC,55.62,55.93,55.19,55.56,16323
20091201,CSCO,23.39,24,23.39,23.92,399471
20091201,CSX,47.86,49.37,47.85,48.82,38243
20091201,CTAS,28.46,28.75,28.26,28.72,7855
20091201,CTL,35.86,36.09,35.7,35.95,30165
20091201,CTSH,44.28,45.44,43.93,45.14,33356
20091201,CTXS,38.37,39,38.18,38.84,19244
20091201,CVH,22.89,23.1,22.71,22.83,9616
20091201,CVS,31.19,31.6,31.01,31.18,106747
20091201,CVX,79.1,79.415,78.8323,79.06,72094
20091201,D,36.62,37.23,36.57,37.18,33775
20091201,DD,35.04,35.35,34.96,35.1,50324
20091201,DE,54.25,55.14,53.51,54.05,63445
20091201,DELL,14.12,14.23,13.8,13.84,383783
20091201,DF,16.08,16.26,15.93,16.21,30320
20091201,DFS,15.6,15.66,15.13,15.45,51345
20091201,DGX,58.53,58.98,58.31,58.56,11300
20091201,DHI,10.4,10.53,10.22,10.42,61511
20091201,DHR,71.34,72.29,71.21,71.91,18419
20091201,DIS,30.44,30.77,30.44,30.73,93184
20091201,DNB,78.58,79.24,78.55,79,2511
20091201,DNR,13.37,13.56,13.19,13.51,59728
20091201,DO,101.32,102.56,100.77,101.74,16886
20091201,DOV,41.16,41.79,41.05,41.32,13548
20091201,DOW,28.19,28.32,27.85,28.08,73195
20091201,DPS,26.38,26.58,26.29,26.5,15833
20091201,DRI,31.77,32.1,31.33,31.83,16763
20091201,DTE,40.46,41.04,40.46,41,13304
20091201,DTV,31.75,32.18,31.4,31.5,160142
20091201,DUK,16.7,17.11,16.7,17.11,104651
20091201,DV,54.1,54.3,53.15,53.74,11074
20091201,DVA,59.66,60.37,59.24,60.15,6630
20091201,DVN,68.1,69.14,68.1,68.59,31480
20091201,EBAY,24.58,24.75,23.88,24,313798
20091201,ECL,45.16,45.55,45.08,45.48,13365
20091201,ED,42.76,43.49,42.72,43.31,54690
20091201,EFX,28.87,29.27,28.81,29.22,9761
20091201,EIX,34.27,34.64,34.27,34.6,31674
20091201,EK,4.1,4.19,4.075,4.15,36263
20091201,EL,47.16,48.71,47.16,48.67,20702
20091201,EMC,16.88,17.22,16.88,16.98,223412
20091201,EMN,60.87,61.1,60.065,60.71,8327
20091201,EMR,41.91,42.43,41.69,42.19,32149
20091201,EOG,87.61,89.43,87.43,88.29,22324
20091201,EP,9.65,9.74,9.54,9.71,49313
20091201,EQR,32.45,32.76,32.02,32.48,25942
20091201,EQT,41.5,41.88,41.4,41.63,9022
20091201,ERTS,16.97,17.14,16.79,16.98,58653
20091201,ESRX,86.88,87.57,86.49,87.4,22635
20091201,ETFC,1.64,1.71,1.61,1.71,624068
20091201,ETN,64.53,65.76,63.9,65.43,16758
20091201,ETR,79.24,81.09,78.87,81.05,14608
20091201,EXC,48.28,49.3,48.28,49.02,43288
20091201,EXPD,32.15,32.59,32.12,32.16,15007
20091201,EXPE,25.64,26.06,25.42,25.77,39304
20091201,F,9.01,9.07,8.81,8.88,1040116
20091201,FAST,37.18,37.67,37.12,37.2,9433
20091201,FCX,84.09,85.2,83.65,83.91,122821
20091201,FDO,30.6,30.93,30.39,30.84,27491
20091201,FDX,85.39,86.57,84.825,85.88,31942
20091201,FE,43.33,43.56,43.23,43.45,23840
20091201,FHN,13.63,13.71,13.51,13.64,15823
20091201,FII,25.99,26.18,25.8,26,9614
20091201,FIS,22.73,23.48,22.69,23.42,32213
20091201,FISV,46.54,47.57,46.41,47.48,16553
20091201,FITB,10.28,10.33,10.1,10.18,199362
20091201,FLIR,28.99,29.32,28.9,29.09,10078
20091201,FLR,43.08,43.57,42.79,42.89,36587
20091201,FLS,100.49,102.139,99.91,101.66,9171
20091201,FMC,56.46,57.03,56.31,56.68,6010
20091201,FO,38.84,39.7487,38.66,39.03,12019
20091201,FPL,52.11,53.06,52.11,52.89,23971
20091201,FRX,30.93,31.28,30.68,31.01,21316
20091201,FSLR,121.2,123.8585,119.11,122.02,21251
20091201,FTI,55.07,56.63,55.07,56.44,14076
20091201,FTR,7.95,8.02,7.88,8.02,67155
20091201,GAS,39.5,39.78,39.28,39.74,3860
20091201,GCI,10.05,10.18,9.68,10.01,66807
20091201,GD,66.49,67.46,66.23,67.14,18502
20091201,GE,16.27,16.35,15.96,16.17,980342
20091201,GENZ,50.67,51.61,50.45,51.11,40070
20091201,GILD,45.75,46.62,45.64,46.4,93168
20091201,GIS,68.48,68.82,68.31,68.68,18347
20091201,GLW,16.7,17.29,16.7,17.2,150186
20091201,GME,24.64,24.81,23.72,23.84,60279
20091201,GNW,10.93,11.32,10.87,11.2,118155
20091201,GOOG,588.19,591.22,583,589.87,23212
20091201,GPC,36.1,36.73,36.1,36.67,9226
20091201,GPS,21.67,22.07,21.55,21.98,95899
20091201,GR,59.67,60.85,59.67,60.67,10443
20091201,GS,171.25,171.33,167.07,167.63,134952
20091201,GT,13.92,14.31,13.87,14.11,31411
20091201,GWW,98.48,99.33,97.9205,98.23,10293
20091201,HAL,29.63,29.87,29.26,29.35,139419
20091201,HAR,37.98,37.98,36.91,37.03,7089
20091201,HAS,29.92,30.2099,29.91,30.05,20767
20091201,HBAN,3.89,3.89,3.73,3.82,227461
20091201,HCBK,13.27,13.36,13.06,13.16,73653
20091201,HCN,44.73,45.1,44.32,44.94,17505
20091201,HCP,31.44,31.92,31.31,31.6,37376
20091201,HD,27.49,28.29,27.35,28,204886
20091201,HES,58.76,60.05,58.23,59.8,40922
20091201,HIG,24.79,25.02,24.35,24.48,82248
20091201,HNZ,42.85,43.27,42.56,43.13,28851
20091201,HOG,29.55,30,28.8,28.92,38726
20091201,HON,38.75,39.51,38.75,39.37,44202
20091201,HOT,32.3,32.57,31.8,32.14,20600
20091201,HPQ,49.39,49.8,49.35,49.59,183148
20091201,HRB,20.52,20.74,20.4,20.67,21812
20091201,HRL,37.57,38.4,37.46,38.25,10723
20091201,HRS,44.12,45.27,43.78,45.2,13215
20091201,HSP,47.45,48.05,47.24,47.9,7581
20091201,HST,10.64,10.71,10.36,10.58,71900
20091201,HSY,35.56,35.99,35.56,35.88,14612
20091201,HUM,41.72,42.54,41.72,42.46,14518
20091201,IBM,127.29,128.39,126.85,127.94,65785
20091201,ICE,107.75,108.48,106.5,107.81,5483
20091201,IFF,40.87,41.19,40.75,41.02,3962
20091201,IGT,19.04,19.28,18.85,18.92,34243
20091201,INTC,19.51,19.69,19.45,19.66,472271
20091201,INTU,29.49,29.8,29.36,29.45,27865
20091201,IP,25.8,26.61,25.78,26.01,84942
20091201,IPG,6.38,6.51,6.33,6.47,38496
20091201,IRM,24.23,24.26,23.9,24,13476
20091201,ISRG,282.58,285.21,281.5101,284.9,4278
20091201,ITT,52.14,52.53,52.03,52.04,13885
20091201,ITW,48.93,49.51,48.61,48.73,35989
20091201,IVZ,22.22,22.46,21.91,22.21,36050
20091201,JAVA,8.5,8.55,8.3,8.31,109027
20091201,JBL,13.4,13.64,13.24,13.27,29217
20091201,JCI,27.25,27.78,27.05,27.51,55995
20091201,JCP,28.99,29.56,28.66,28.81,72699
20091201,JDSU,7.49,7.67,7.45,7.6,34758
20091201,JEC,35.41,35.6,35,35.08,25966
20091201,JNJ,62.95,63.66,62.95,63.51,123022
20091201,JNPR,26.31,27.15,26.21,26.79,71083
20091201,JNS,13.28,13.28,12.815,13.1,31939
20091201,JPM,42.61,42.71,41.62,42.22,392201
20091201,JWN,33.89,34.73,33.55,34.34,39512
20091201,K,52.7,53.2,52.66,52.97,17271
20091201,KEY,5.93,5.96,5.71,5.95,193155
20091201,KFT,26.82,26.86,26.49,26.5,105302
20091201,KG,11.95,11.975,11.78,11.89,27396
20091201,KIM,12.43,12.5,12.13,12.25,72161
20091201,KLAC,31.36,31.86,31.33,31.71,61474
20091201,KMB,66.58,66.99,66.4,66.82,21067
20091201,KO,57.59,58.255,57.38,58.08,76799
20091201,KR,22.89,23.13,22.76,22.89,59321
20091201,KSS,53.49,54.1,52.7,52.97,49821
20091201,L,35.79,36.03,35.53,35.71,15304
20091201,LEG,19.67,20.05,19.55,19.98,22798
20091201,LEN,12.87,13.17,12.81,12.88,48822
20091201,LH,73.54,74.28,72.96,73.8,10084
20091201,LIFE,49.89,51.05,49.81,50.76,12034
20091201,LLL,78.93,79.66,78.27,78.34,12165
20091201,LLTC,27.19,27.54,27.16,27.4,28934
20091201,LLY,36.82,37.48,36.67,37.09,67621
20091201,LM,28.55,28.8,28.03,28.53,27174
20091201,LMT,77.73,79.15,77.5,78.93,28642
20091201,LNC,23.29,23.46,22.58,22.79,52866
20091201,LO,77.91,78.65,77.91,78.34,13212
20091201,LOW,22.09,22.69,22.02,22.58,172405
20091201,LSI,5.4,5.6,5.38,5.58,73159
20091201,LTD,17.2,17.6,16.59,17.55,63893
20091201,LUK,21.72,22.6,21.72,22.56,17609
20091201,LUV,9.26,9.39,9.1,9.35,112161
20091201,LXK,25.4,25.61,25.005,25.36,11827
20091201,M,16.43,16.6,15.96,16.01,177349
20091201,MA,241.95,243.97,240.86,242.99,13805
20091201,MAR,25.92,26.07,25.67,25.76,31445
20091201,MAS,13.75,14.33,13.75,13.91,66674
20091201,MAT,19.55,20.15,19.52,20,42962
20091201,MCD,63.64,64.05,63.51,63.54,96162
20091201,MCHP,26.33,26.86,26.23,26.83,43652
20091201,MCK,62.11,62.82,62.11,62.48,23873
20091201,MCO,23.49,23.49,23.01,23.4,26165
20091201,MDP,26.57,26.7,25.83,26.27,7865
20091201,MDT,42.7,42.95,42.28,42.69,65000
20091201,MEE,38.5,38.82,38.0042,38.32,44595
20091201,MET,34.49,34.63,33.85,34.19,50442
20091201,MFE,38.12,39.77,37.85,39.48,37427
20091201,MHP,30.23,30.53,30.05,30.32,21588
20091201,MHS,63.21,64,63.21,63.68,22026
20091201,MI,5.82,5.9,5.64,5.72,73391
20091201,MIL,68.43,69.13,68.05,68.94,3482
20091201,MJN,44,44.27,42.41,42.52,20017
20091201,MKC,35.84,36.38,35.84,36.22,6449
20091201,MMC,22.73,22.73,22.24,22.43,25350
20091201,MMM,77.85,79,77.84,78.63,30584
20091201,MO,18.96,19.17,18.91,19.07,126662
20091201,MOLX,18.73,19.18,18.63,18.99,10325
20091201,MON,81.19,83.07,81.18,82.51,71914
20091201,MOT,8.07,8.3,8.0301,8.22,394900
20091201,MRK,36.29,37.23,36.29,36.88,166259
20091201,MRO,32.8,33.29,32.8,32.86,58375
20091201,MS,31.77,31.97,31.4,31.52,117973
20091201,MSFT,29.5,30.05,29.41,30.01,499071
20091201,MTB,65.77,66.01,64.9,65.65,9261
20091201,MU,7.63,7.78,7.56,7.77,153311
20091201,MUR,57.34,57.7,56.84,57.28,21653
20091201,MWV,27.59,28,27.34,27.74,21940
20091201,MWW,14.75,15.2,14.75,15.01,20331
20091201,MYL,18.01,18.31,17.98,18.23,41432
20091201,NBL,66.2,67.12,66.17,66.72,9784
20091201,NBR,20.93,21.291,20.7,20.75,52721
20091201,NDAQ,18.95,19.24,18.89,19.17,36403
20091201,NEM,54.9,56.45,54.84,55.66,102449
20091201,NI,14.41,14.53,14.33,14.47,23211
20091201,NKE,65.27,66.09,64.74,65.4,19876
20091201,NOC,54.91,55.53,54.91,55.26,31068
20091201,NOV,43.73,44.415,43.66,44.08,48170
20091201,NOVL,3.91,3.95,3.89,3.91,22802
20091201,NSC,51.66,52.66,51.66,52.35,17359
20091201,NSM,14.63,15.07,14.63,15.02,53893
20091201,NTAP,30.94,31.8,30.93,31.65,92422
20091201,NTRS,49.68,49.71,48.89,49.38,25544
20091201,NU,24.27,24.41,24.21,24.35,13537
20091201,NUE,43.5,43.76,42.94,43.29,40431
20091201,NVDA,13.13,13.47,13.06,13.32,115490
20091201,NVLS,20.84,21.34,20.86,21.28,11524
20091201,NWL,14.66,15.02,14.64,14.85,27011
20091201,NWSA,11.7,11.875,11.6,11.8,136552
20091201,NYT,8.68,8.8,8.48,8.6,10600
20091201,NYX,25.4,25.55,24.99,25.28,28417
20091201,ODP,6.22,6.54,6.14,6.33,96174
20091201,OI,31.51,31.98,30.75,30.85,36869
20091201,OMC,36.99,37.3,36.73,36.85,26687
20091201,ORCL,22.17,22.57,22.08,22.44,284479
20091201,ORLY,38.79,39.5,38.79,39.18,10847
20091201,OXY,82.02,83.13,81.79,82.18,32663
20091201,PAYX,31.58,31.85,31.47,31.73,47574
20091201,PBCT,16.3,16.41,16.03,16.14,43108
20091201,PBG,38.03,38.46,38.03,38.41,18798
20091201,PBI,23.22,23.32,22.98,23.14,19125
20091201,PCAR,37.37,38.5,37.23,38.06,28288
20091201,PCG,42.56,43,42.56,42.89,18388
20091201,PCL,34.62,34.92,34.45,34.68,17445
20091201,PCLN,214.99,215.999,212.28,214.8,11582
20091201,PCP,104.7,107.38,103.68,107.07,11242
20091201,PCS,6.32,6.52,6.27,6.5,45792
20091201,PDCO,25.92,26.14,25.84,26.01,10531
20091201,PEG,31.62,31.941,31.61,31.68,36936
20091201,PEP,62.68,63.93,62.49,63.87,68877
20091201,PFE,18.54,18.85,18.17,18.85,710964
20091201,PFG,25.63,25.78,25.25,25.41,25561
20091201,PG,62.61,63.35,62.6,62.91,95605
20091201,PGN,39.01,39.62,39.01,39.6,20760
20091201,PGR,16.89,16.94,16.77,16.78,32496
20091201,PH,54.21,55.21,54.21,54.75,9875
20091201,PHM,9.2,9.42,9.19,9.31,55230
20091201,PKI,19.01,19.29,18.87,19.17,8270
20091201,PLD,13.22,13.61,13.02,13.39,79398
20091201,PLL,32.28,32.32,31.89,32.21,8138
20091201,PM,48.53,49.47,48.5,49.17,95300
20091201,PNC,57.37,57.37,55.32,56.24,61345
20091201,PNW,35.2,35.7,35.1,35.63,10836
20091201,POM,16.38,16.79,16.25,16.75,46981
20091201,PPG,60.05,60.37,59.75,59.91,9306
20091201,PPL,30.71,31.28,30.71,31.23,15818
20091201,PRU,50.39,50.65,49.32,49.73,41589
20091201,PSA,80.31,80.31,79.5,79.91,15300
20091201,PTV,24.46,24.63,24.32,24.35,13563
20091201,PWR,18.9,19.14,18.8,19,22007
20091201,PX,82.9575,83.26,82.5,83,8915
20091201,PXD,41.64,42.89,41.64,42.61,11944
20091201,Q,3.72,3.86,3.65,3.85,285561
20091201,QCOM,45.05,45.47,44.88,45.06,141412
20091201,QLGC,18.08,18.61,18.06,18.57,25779
20091201,R,41,41.41,40.89,41.14,5238
20091201,RAI,50.34,50.91,50.22,50.84,17532
20091201,RDC,25.11,25.49,24.87,25.15,26780
20091201,RF,5.91,5.99,5.66,5.78,344493
20091201,RHI,22.5,22.98,22.5,22.75,21481
20091201,RHT,26.81,27.645,26.81,27.45,20190
20091201,RL,78.03,79.33,77.8,78.8,14633
20091201,ROK,43.79,44.5,43.49,44.06,11128
20091201,ROP,52.52,53.84,52.39,53.35,6681
20091201,ROST,44.33,44.61,44.01,44.39,17736
20091201,RRC,48.03,48.4,47.64,47.78,16981
20091201,RRD,20.95,21.17,20.78,20.88,16080
20091201,RSG,28.51,28.71,28.36,28.57,12282
20091201,RSH,18.93,19.12,18.66,18.82,42173
20091201,RTN,51.75,52,51.495,51.8,33898
20091201,RX,21.38,21.45,21.38,21.45,16718
20091201,S,3.74,3.79,3.72,3.78,286177
20091201,SAI,17.84,18,17.63,17.89,26119
20091201,SBUX,21.95,22.04,21.72,21.73,93108
20091201,SCG,35.42,35.83,35.31,35.81,6309
20091201,SCHW,18.34,18.5,17.95,18.05,134658
20091201,SE,19.41,19.63,19.41,19.57,24388
20091201,SEE,22.52,22.59,22.345,22.5,12473
20091201,SHLD,71.52,74,71.52,72.95,12939
20091201,SHW,61.18,62.29,61.18,62.19,8903
20091201,SIAL,53.77,54.3,53.6,53.75,5323
20091201,SII,27.48,27.81,27.17,27.5,61711
20091201,SJM,59.57,59.97,58.995,59.72,9507
20091201,SLB,64.65,66.03,64.58,64.65,87178
20091201,SLE,12.2,12.3,12.13,12.25,69217
20091201,SLM,11.12,11.25,10.8,11.25,28685
20091201,SNA,36.27,36.87,36.19,36.65,4255
20091201,SNDK,19.88,20.98,19.82,20.86,88634
20091201,SNI,39.59,40.09,39.25,39.44,6607
20091201,SO,32.26,32.5,32.15,32.41,61203
20091201,SPG,73.3,74.24,72.41,73.83,32587
20091201,SPLS,23.95,24.86,23.32,24.44,159225
20091201,SRCL,55.03,56.25,54.77,55.86,8177
20091201,SRE,53.46,53.97,53.29,53.82,12465
20091201,STI,23.71,23.87,23.11,23.2,96050
20091201,STJ,36.94,37.23,36.73,37.09,33925
20091201,STR,40.24,40.79,40.13,40.5,9209
20091201,STT,41.75,42.75,41.66,42.72,69207
20091201,STZ,17.3,17.46,17.21,17.25,15017
20091201,SUN,25.47,25.73,25.25,25.68,24992
20091201,SVU,13.89,14.35,13.87,14.3,55206
20091201,SWK,48.94,50.06,48.92,49.07,13100
20091201,SWN,44.48,45.09,44.39,44.56,42234
20091201,SWY,22.56,22.8,22.56,22.75,46281
20091201,SYK,50.54,51.05,50.4,50.76,15542
20091201,SYMC,17.82,18.15,17.76,18.01,91006
20091201,SYY,27.24,27.63,27.2,27.59,44366
20091201,T,27.18,27.25,26.94,27.18,267636
20091201,TAP,45.52,45.85,45.19,45.6,12264
20091201,TDC,29.75,30.93,29.3,30.68,32527
20091201,TE,14.87,15.09,14.77,15.09,20240
20091201,TEG,38.74,39.65,38.72,39.57,5796
20091201,TER,8.89,9.28,8.89,9.19,36179
20091201,TGT,47.075,47.25,46.643,46.78,95429
20091201,THC,4.65,4.87,4.59,4.77,162599
20091201,TIE,9.96,10.16,9.86,10.02,14460
20091201,TIF,42.87,43.74,42.84,43.07,24462
20091201,TJX,38.7,38.85,38.38,38.52,46961
20091201,TLAB,5.65,5.73,5.59,5.63,88675
20091201,TMK,43.94,44,43.21,43.5,7358
20091201,TMO,47.61,48.13,47.23,47.89,38737
20091201,TROW,49.22,49.37,48.49,48.61,23369
20091201,TRV,52.8,52.87,52.44,52.6,38815
20091201,TSN,12.12,12.3,12.041,12.23,40654
20091201,TSO,13,13,12.55,12.68,61440
20091201,TSS,17.3,17.58,17.3,17.55,8304
20091201,TWC,42.28,42.84,41.92,42.18,14947
20091201,TWX,30.98,31.36,30.72,31.21,56027
20091201,TXN,25.55,26.03,25.29,25.94,158424
20091201,TXT,20.38,20.75,20.05,20.45,32670
20091201,UNH,29,29.19,28.63,28.7,97060
20091201,UNM,19.25,19.25,18.93,19.02,28629
20091201,UNP,64.01,65.01,63.83,64.33,39277
20091201,UPS,57.9,58.16,57.69,57.88,39986
20091201,USB,24.26,24.44,23.86,24.34,138373
20091201,UTX,68,68.69,67.905,68,38561
20091201,V,81.44,83.4,81,82.97,61030
20091201,VAR,47.24,47.61,46.92,47,12621
20091201,VFC,73.61,74.56,73.48,74.11,9497
20091201,VIA,31.71,31.84,31.38,31.65,265
20091201,VLO,15.99,16.23,15.91,16.08,95439
20091201,VMC,48.58,49.19,48.29,48.58,7883
20091201,VNO,65.93,67.39,65.4,66.82,26439
20091201,VRSN,22.58,22.75,22.29,22.58,33082
20091201,VTR,43.15,43.5,42.78,43.3,18465
20091201,VZ,31.78,32.34,31.35,32.34,225484
20091201,WAG,39,39.45,38.8,39.37,57436
20091201,WAT,59.24,59.57,58.78,59.37,9296
20091201,WDC,37.05,38.57,37.05,38.38,51153
20091201,WEC,45.28,45.86,45.28,45.8,8091
20091201,WFC,28.15,28.3885,27.85,27.99,331733
20091201,WFMI,25.83,26.33,25.72,26.07,22163
20091201,WFR,12.14,12.49,12.08,12.37,57480
20091201,WHR,74.72,77.1,74.72,76.97,26982
20091201,WIN,10,10.14,9.95,10.13,46551
20091201,WLP,54.11,55.27,54.03,54.79,35426
20091201,WM,32.89,33.395,32.89,33.2,15515
20091201,WMB,20.12,20.33,19.98,20.18,73419
20091201,WMT,54.85,55.08,54.62,54.75,120121
20091201,WPI,37.46,37.8,37.09,37.55,8784
20091201,WPO,415.4,420.68,407.01,409.65,745
20091201,WU,18.58,18.72,18.45,18.49,82648
20091201,WY,39.09,40.62,39.09,40.49,28862
20091201,WYN,18.93,19.07,18.46,18.95,24090
20091201,WYNN,65.84,67.0595,64.9,66.37,25852
20091201,X,45.61,46.06,45.01,45.18,100844
20091201,XEL,20.33,20.64,20.33,20.55,33769
20091201,XL,18.53,18.63,17.99,18.15,28716
20091201,XLNX,23.05,23.54,23.05,23.42,57584
20091201,XOM,76,76.24,75.29,76.04,173765
20091201,XRAY,33.57,33.85,33.44,33.65,10022
20091201,XRX,7.78,7.9,7.73,7.83,133410
20091201,XTO,42.72,43.19,42.67,42.93,70263
20091201,YHOO,15.03,15.19,14.85,15.13,170964
20091201,YUM,35.57,35.57,35.16,35.29,38654
20091201,ZION,13.3,13.36,12.86,13.16,49411
20091201,ZMH,59.61,59.68,58.56,58.75,20494
