20091203,A,29.5,30.06,29.5,29.7,35836
20091203,AA,13.65,13.65,13.21,13.27,334263
20091203,AAPL,197.87,198.98,196.27,196.48,160256
20091203,ABC,24.83,24.87,24.57,24.58,25985
20091203,ABT,54.41,54.69,54.13,54.24,53473
20091203,ACS,55.94,56.12,55.68,55.71,8544
20091203,ADBE,36.5,36.84,36,36,36812
20091203,ADI,30.68,30.73,30.39,30.66,46380
20091203,ADM,31.57,31.82,31.27,31.34,34490
20091203,ADP,43.82,43.94,43.17,43.19,40340
20091203,ADSK,23.87,24.43,23.665,23.91,38859
20091203,AEE,26.98,27.38,26.9,27.09,17479
20091203,AEP,34.08,34.35,33.73,34.05,42286
20091203,AES,13.07,13.2,12.915,13,46739
20091203,AET,29.8,29.98,28.59,28.65,44895
20091203,AFL,46.99,47.4,45.34,45.44,44404
20091203,AGN,58.85,59.55,58.33,58.75,14624
20091203,AIG,31.29,31.51,29.57,29.89,110913
20091203,AIV,14.25,14.69,14.09,14.15,31737
20091203,AIZ,31.08,31.29,30.19,30.27,11909
20091203,AKAM,24.37,24.5,23.74,23.77,32918
20091203,AKS,21.47,21.54,20.06,20.14,102834
20091203,ALL,28.63,28.79,28.12,28.17,33985
20091203,ALTR,22.09,22.24,21.85,21.9,63432
20091203,AMAT,13.07,13.27,13.04,13.07,177815
20091203,AMD,7.37,8.23,7.36,8.03,690198
20091203,AMGN,57.34,57.57,56.29,56.55,72892
20091203,AMP,39.285,39.56,38.13,38.22,25338
20091203,AMT,41.71,41.9,40.98,40.99,23638
20091203,AMZN,143.7,145.91,140.77,141.17,165234
20091203,AN,17.91,18.02,17.6,17.6,36585
20091203,ANF,38.35,38.91,36.08,36.21,134491
20091203,AON,38.32,38.8,38.23,38.31,31277
20091203,APA,96.2,97.24,94.74,94.9,19918
20091203,APC,61.35,61.54,59.73,59.9,46953
20091203,APD,84.17,84.51,82.4,82.49,10574
20091203,APH,44.1,44.59,43.73,44.07,8163
20091203,APOL,55.96,56.59,54.51,54.65,29627
20091203,ARG,46.88,47.33,46.43,46.49,7179
20091203,ATI,35.59,35.83,34.75,34.87,17880
20091203,AVB,75.66,76.53,73.82,74.17,17435
20091203,AVP,35.55,36.09,35.32,35.52,28377
20091203,AVY,37.97,38.38,37.81,37.89,8358
20091203,AXP,41.03,41.03,38.81,38.87,199430
20091203,AYE,22.68,22.92,22.43,22.69,17993
20091203,AZO,150.44,152.34,149.02,151.4,7151
20091203,BA,53.99,54.41,53.51,53.77,39977
20091203,BAC,16.25,16.74,15.68,15.76,6517158
20091203,BAX,55.92,57.15,55.79,56.47,59243
20091203,BBBY,39.02,39.47,38.68,38.74,31474
20091203,BBT,26.39,26.42,25.48,25.57,70622
20091203,BBY,44.02,44.5,43.5,43.54,68870
20091203,BCR,83.18,83.74,82.75,82.87,6964
20091203,BDK,62.57,63.06,61.11,61.13,4091
20091203,BDX,76.8,77.99,75.14,77.31,19692
20091203,BEN,109.3,110.37,107.58,107.95,9857
20091203,BF.B,50.38,51.03,50.18,50.29,3358
20091203,BHI,40.4,40.52,39.28,39.35,44613
20091203,BIG,24.24,24.24,23.49,23.54,27044
20091203,BIIB,47.5,47.95,47.29,47.38,24367
20091203,BJS,18.63,18.7,18.19,18.2,53314
20091203,BK,27.23,27.72,26.69,26.75,127449
20091203,BLL,49.05,49.37,48.28,48.34,9860
20091203,BMC,38.58,39.06,38.17,38.22,15185
20091203,BMS,30.86,31.08,30.34,30.47,14904
20091203,BMY,24.83,25.37,24.72,25.16,370338
20091203,BNI,98.51,98.78,98.5,98.6,26589
20091203,BRCM,30.47,30.66,30.21,30.3,57848
20091203,BSX,8.64,8.67,8.45,8.47,171273
20091203,BTU,44.96,45.49,44.13,44.21,40906
20091203,BXP,69.34,70.51,68.53,68.74,21609
20091203,C,4.15,4.21,4.03,4.05,3457740
20091203,CA,22.57,22.74,22.24,22.29,34944
20091203,CAG,22.59,22.74,22.42,22.45,20948
20091203,CAH,32.92,33.19,32.22,32.27,35982
20091203,CAM,38.26,38.56,37.26,37.34,23409
20091203,CAT,59.12,60,58,58.2,75956
20091203,CB,49.36,49.53,48.73,48.84,37186
20091203,CBG,12.31,12.49,11.94,12.01,33084
20091203,CBS,12.91,13.23,12.72,12.77,101246
20091203,CCE,19.95,20.099,19.84,19.86,34730
20091203,CCL,32.84,33.28,32.57,32.65,43327
20091203,CEG,33.63,34.28,33.52,34,20923
20091203,CELG,57.35,57.79,56.35,56.53,32301
20091203,CEPH,56.18,56.5,55.41,55.45,15661
20091203,CF,90.49,90.58,88.85,89.78,11908
20091203,CFN,25.86,25.86,24.6,24.68,12412
20091203,CHK,23.55,23.55,22.96,23.03,134563
20091203,CHRW,57.79,58.11,57.15,57.22,11834
20091203,CI,33.48,33.54,32.15,32.23,33641
20091203,CINF,25.6,25.67,25.21,25.22,14381
20091203,CL,86.47,86.77,85.49,85.65,22868
20091203,CLF,46.48,46.48,44,44.15,52180
20091203,CLX,61.45,61.67,60.97,61.13,9277
20091203,CMA,28.88,29.54,27.58,27.66,22565
20091203,CMCSA,15.6,16.06,15.51,15.91,839749
20091203,CME,331.97,334.89,328.5005,330.01,9320
20091203,CMI,43.6,44.36,42.99,43.05,33929
20091203,CMS,14.86,14.95,14.73,14.8,20390
20091203,CNP,13.63,13.88,13.6,13.8,42823
20091203,CNX,46.36,46.66,44.89,44.94,21987
20091203,COF,38.63,39,36.64,36.92,95462
20091203,COG,38.64,38.9035,37.59,37.68,12241
20091203,COH,35.66,36,35.42,35.75,40857
20091203,COL,54.95,55.46,54.66,54.8,9551
20091203,COP,51.8,51.96,51.05,51.17,88366
20091203,COST,59.52,59.57,58.9,59.02,83271
20091203,CPB,35.5,35.67,35.235,35.35,20029
20091203,CPWR,7.21,7.27,7.08,7.1,20097
20091203,CRM,64.99,65.71,64.61,64.69,9426
20091203,CSC,55.98,56,55.04,55.13,6911
20091203,CSCO,23.97,24.19,23.83,23.83,354853
20091203,CSX,48.96,49.08,48.15,48.25,24611
20091203,CTAS,28.9,29.05,28.7,28.73,6943
20091203,CTL,36.63,36.63,36.09,36.22,32253
20091203,CTSH,45.67,45.83,44.16,44.22,53677
20091203,CTXS,38.91,39.15,38.48,38.52,13010
20091203,CVH,22.83,22.99,22.22,22.22,15137
20091203,CVS,31.11,31.23,30.71,30.8,126155
20091203,CVX,78.605,78.82,77.73,77.96,76246
20091203,D,37.81,38.18,37.6,37.86,31252
20091203,DD,35.38,35.62,34.77,34.83,46491
20091203,DE,54.48,54.62,54.06,54.4,78139
20091203,DELL,13.78,13.84,13.43,13.46,275440
20091203,DF,16.45,16.52,16.31,16.35,21590
20091203,DFS,15.35,15.39,14.81,14.83,60341
20091203,DGX,58.43,58.78,57.65,57.75,8351
20091203,DHI,10.14,10.16,9.93,10,88916
20091203,DHR,71.71,72.65,71.38,71.48,11706
20091203,DIS,30.8,30.97,30.3,30.33,95116
20091203,DNB,78.94,79.52,78.54,78.63,2554
20091203,DNR,13.19,13.57,13.11,13.52,92472
20091203,DO,101.99,102.1,99.51,100.03,22964
20091203,DOV,41.33,41.76,40.88,40.91,6311
20091203,DOW,28.5,28.56,27.59,27.64,69383
20091203,DPS,26.82,27.0499,26.54,26.71,14150
20091203,DRI,32.16,32.3,31.57,31.64,18381
20091203,DTE,41.95,42.54,41.81,42.12,13676
20091203,DTV,31.42,32.155,31.42,31.9,97683
20091203,DUK,17.25,17.44,17.17,17.27,70371
20091203,DV,53.77,53.985,52.55,52.72,8606
20091203,DVA,60.58,61.23,60.46,60.58,14510
20091203,DVN,67.42,68.07,65.89,66.26,52795
20091203,EBAY,23.93,23.98,23.58,23.6,111792
20091203,ECL,45.71,46.06,45.07,45.1,9315
20091203,ED,43.98,44.685,43.87,44.37,42207
20091203,EFX,29.43,29.74,29.19,29.5,12147
20091203,EIX,35.17,35.51,34.96,35.04,22378
20091203,EK,4.23,4.3,4.16,4.18,32255
20091203,EL,49.44,50.05,49.19,49.33,26609
20091203,EMC,16.84,17.06,16.62,16.64,287351
20091203,EMN,61.36,61.36,59.9,60.09,9434
20091203,EMR,41.9,42.46,41.45,41.47,30581
20091203,EOG,86.97,87.9,86.18,86.86,32488
20091203,EP,9.68,9.73,9.51,9.53,52194
20091203,EQR,33.09,33.32,32.08,32.22,36588
20091203,EQT,41.33,42.165,41.29,41.38,9469
20091203,ERTS,16.87,17.14,16.55,16.55,47553
20091203,ESRX,87.43,87.84,86.34,86.42,13341
20091203,ETFC,1.765,1.81,1.67,1.68,677903
20091203,ETN,65,65.69,64.56,64.62,11141
20091203,ETR,81.63,82.16,80.86,81.06,11718
20091203,EXC,49.99,50.5,49.5,50.01,38592
20091203,EXPD,32.77,33.45,32.44,32.48,13270
20091203,EXPE,25.95,26.36,25.86,26,32278
20091203,F,9.05,9.11,8.89,8.94,579353
20091203,FAST,38.26,38.68,37.79,37.8,12078
20091203,FCX,84.65,85.55,83.6,83.8,110148
20091203,FDO,29.27,29.35,27.62,28.42,113384
20091203,FDX,87.61,87.88,85.78,85.94,32463
20091203,FE,44.46,45.32,44.04,44.92,30945
20091203,FHN,13.91,14.07,13.77,13.82,47170
20091203,FII,25.92,26.11,25.67,25.73,11236
20091203,FIS,23.34,23.5,23.01,23.17,22167
20091203,FISV,47.3,47.592,46.34,46.37,12611
20091203,FITB,10.74,10.89,10.32,10.32,217945
20091203,FLIR,29.55,29.88,29.32,29.35,8456
20091203,FLR,42.88,43.49,42.24,42.32,43001
20091203,FLS,100.82,101.899,99.16,99.31,9385
20091203,FMC,56.94,57.55,55.79,55.97,7058
20091203,FO,39.89,40.25,39.6,39.68,8255
20091203,FPL,53.41,53.77,52.93,53,27424
20091203,FRX,31.56,31.74,31.2,31.23,23015
20091203,FSLR,122.21,130.27,122.19,128.12,53059
20091203,FTI,57.02,57.0325,55.32,55.5,18885
20091203,FTR,8.25,8.48,8.23,8.37,84282
20091203,GAS,40.39,40.55,40.03,40.04,2777
20091203,GCI,9.94,10.2,9.83,9.85,53167
20091203,GD,67.11,67.73,66.68,66.78,13996
20091203,GE,16.12,16.31,16,16,745557
20091203,GENZ,51.75,51.75,50.16,50.27,40139
20091203,GILD,46.46,47,46.18,46.26,73985
20091203,GIS,68.49,68.76,67.96,68.19,15239
20091203,GLW,17.81,17.89,17.49,17.59,184729
20091203,GME,22.16,22.3,21.35,21.35,80348
20091203,GNW,11.75,12.015,11.26,11.3,132740
20091203,GOOG,588.89,591.45,585,585.74,14293
20091203,GPC,36.53,37.36,36.48,36.93,15877
20091203,GPS,21.54,21.98,21.36,21.44,116019
20091203,GR,60.69,61.45,60.4,60.98,15733
20091203,GS,167.95,169.16,163.94,164.3,80227
20091203,GT,14.11,14.26,13.64,13.66,33638
20091203,GWW,98.86,99.52,97.48,97.68,7504
20091203,HAL,28.75,28.86,27.98,28.06,144283
20091203,HAR,37.09,37.56,36.0501,36.15,6331
20091203,HAS,30.46,30.74,30.06,30.09,12965
20091203,HBAN,3.89,3.9125,3.67,3.68,269564
20091203,HCBK,13.27,13.34,13.03,13.03,45413
20091203,HCN,45.72,46.35,45.01,45.18,15392
20091203,HCP,32,33.2,31.98,32.31,57303
20091203,HD,28.34,28.34,27.85,27.93,155037
20091203,HES,59.18,59.98,59.106,59.22,30941
20091203,HIG,25.55,25.96,24.14,24.23,118728
20091203,HNZ,43.42,43.61,43.1,43.16,19748
20091203,HOG,29.5,29.99,28.49,28.63,34690
20091203,HON,39.74,40.1,39.54,39.6,53548
20091203,HOT,32.47,32.73,31.585,31.68,37819
20091203,HPQ,49.23,49.42,48.88,48.96,157587
20091203,HRB,20.6,20.66,20.16,20.21,22339
20091203,HRL,38.22,38.42,38.04,38.09,5176
20091203,HRS,45.27,45.57,44.86,44.96,7699
20091203,HSP,48.61,48.84,47.76,47.87,9681
20091203,HST,10.89,11.17,10.52,10.57,86915
20091203,HSY,35.95,36.2,35.7,35.9,10770
20091203,HUM,42.77,42.81,40.47,40.53,27259
20091203,IBM,127.6,128.47,127.25,127.55,57599
20091203,ICE,107.01,107.43,104.8,105.09,7616
20091203,IFF,41.05,41.48,40.48,40.53,3547
20091203,IGT,19.06,19.13,18.3,18.37,37607
20091203,INTC,19.75,20.08,19.7,19.87,497622
20091203,INTU,29.47,29.83,29.32,29.32,20698
20091203,IP,26.03,26.32,25.45,25.48,65977
20091203,IPG,6.49,6.55,6.39,6.42,27907
20091203,IRM,24.02,24.1937,23.75,23.77,8947
20091203,ISRG,286.2,294.1979,286,288.66,6373
20091203,ITT,51.52,52.23,51.17,51.25,11595
20091203,ITW,48.84,49.17,48.27,48.3,21818
20091203,IVZ,22.26,22.45,21.78,21.81,20396
20091203,JAVA,8.26,8.33,8.22,8.23,73785
20091203,JBL,13.11,13.34,12.81,12.86,42815
20091203,JCI,27.52,27.67,26.65,26.73,46633
20091203,JCP,29.04,29.17,28.22,28.35,53093
20091203,JDSU,7.61,7.68,7.55,7.58,23861
20091203,JEC,35.28,35.77,34.67,34.71,26968
20091203,JNJ,64.05,64.73,63.87,64.16,125202
20091203,JNPR,26.89,27.32,26.85,26.92,60278
20091203,JNS,12.9,13.07,12.56,12.6,26791
20091203,JPM,42.3,43.09,41.31,41.4,533143
20091203,JWN,35.02,35.6,34.51,34.97,51844
20091203,K,52.99,53.09,52.58,52.73,21537
20091203,KEY,6.18,6.29,5.85,5.86,171465
20091203,KFT,26.7,26.74,26.4,26.42,67651
20091203,KG,11.78,11.94,11.67,11.67,21895
20091203,KIM,12.45,13.17,12.45,12.76,95969
20091203,KLAC,32.97,34.78,32.89,34.6,90087
20091203,KMB,66.91,66.93,65.91,66.03,19572
20091203,KO,58.09,58.09,57.16,57.27,101217
20091203,KR,22.74,22.74,22.21,22.24,79893
20091203,KSS,53.8,55.33,53.64,54.18,69796
20091203,L,35.63,35.97,35.11,35.18,17919
20091203,LEG,20.02,20.18,19.68,19.74,11510
20091203,LEN,12.79,12.79,12.22,12.25,66781
20091203,LH,73.72,73.96,72.54,72.62,5898
20091203,LIFE,50.95,51.27,50.22,50.25,11697
20091203,LLL,78.98,79.37,78.34,78.47,8694
20091203,LLTC,27.75,28.14,27.66,27.84,28644
20091203,LLY,37.49,37.99,37.31,37.4,63623
20091203,LM,29.13,29.29,28.61,28.71,20360
20091203,LMT,78.03,78.67,77.32,77.47,17300
20091203,LNC,23.4,23.97,22.3,22.38,57734
20091203,LO,78.6,78.76,78,78.16,12291
20091203,LOW,22.7,22.73,22.37,22.48,117532
20091203,LSI,5.65,5.7,5.59,5.62,38240
20091203,LTD,17.7,18.47,17.7,18.15,80556
20091203,LUK,22.99,23.18,22.76,22.86,11052
20091203,LUV,9.49,9.565,9.3,9.51,86000
20091203,LXK,25.12,25.55,24.86,24.9,7663
20091203,M,15.88,16.03,15.48,15.81,239168
20091203,MA,243.83,244.76,235.41,236.16,12076
20091203,MAR,25.68,26.02,25.39,25.82,54338
20091203,MAS,14.05,14.31,13.97,14.18,48984
20091203,MAT,19.79,19.97,19.66,19.67,18362
20091203,MCD,62.63,62.85,61.95,61.97,107615
20091203,MCHP,27.21,27.79,27.1575,27.67,38391
20091203,MCK,62,62.33,60.9,60.99,24646
20091203,MCO,23.59,23.75,23.38,23.54,29072
20091203,MDP,27.22,27.55,27.051,27.19,2928
20091203,MDT,43.73,43.92,43.04,43.12,63590
20091203,MEE,38.34,38.72,37.08,37.17,38787
20091203,MET,35.33,35.94,34.1,34.11,129020
20091203,MFE,39.86,39.9,38.72,38.75,19554
20091203,MHP,30.41,30.93,30.04,30.06,13960
20091203,MHS,63.74,64.23,63.41,63.48,18222
20091203,MI,5.79,5.93,5.44,5.46,89664
20091203,MIL,69.71,70.45,69.47,69.54,4471
20091203,MJN,42.65,44.08,42.45,43.91,30657
20091203,MKC,36.42,36.565,36.13,36.18,3786
20091203,MMC,22.25,22.25,21.82,21.87,43250
20091203,MMM,78.4,78.66,76.98,77.15,29927
20091203,MO,19.24,19.32,19.12,19.14,137492
20091203,MOLX,19.26,19.54,19.15,19.28,11436
20091203,MON,83.85,83.89,81.11,82.07,69503
20091203,MOT,8.2,8.3,8.03,8.03,300768
20091203,MRK,36.71,37.04,36.55,36.77,130146
20091203,MRO,32.38,32.66,32.07,32.15,50358
20091203,MS,30.91,31.3,30.16,30.2,147359
20091203,MSFT,29.78,30.2,29.76,29.83,430963
20091203,MTB,66,66.3,62.77,62.83,8305
20091203,MU,8.1,8.84,8.07,8.37,692974
20091203,MUR,56.66,57.01,55.69,55.71,15026
20091203,MWV,28.07,28.4,27.59,27.63,14136
20091203,MWW,15.18,15.5,15,15.03,13955
20091203,MYL,18.39,18.55,18.19,18.2,42187
20091203,NBL,65.72,66.27,64.47,64.52,13765
20091203,NBR,20.56,20.72,20.13,20.24,46573
20091203,NDAQ,19.68,19.84,19.31,19.69,44377
20091203,NEM,55.2,55.82,54.27,54.58,88519
20091203,NI,14.92,15.13,14.82,14.96,21448
20091203,NKE,65.26,65.59,64.54,64.67,27587
20091203,NOC,55.5,55.93,54.88,54.91,20286
20091203,NOV,43.86,43.91,42.74,42.82,54178
20091203,NOVL,4.01,4.11,4,4.04,32125
20091203,NSC,52.2,52.29,51.37,51.48,18180
20091203,NSM,15.44,15.49,15.24,15.4,50005
20091203,NTAP,31.54,31.86,31.51,31.51,47292
20091203,NTRS,50.08,50.32,48.76,48.76,41067
20091203,NU,24.58,24.81,24.52,24.54,7912
20091203,NUE,44.19,44.32,42.94,43.03,43405
20091203,NVDA,13.86,14.13,13.81,13.83,165008
20091203,NVLS,21.8,22.5,21.63,22.35,35046
20091203,NWL,14.93,15.05,14.82,14.86,18316
20091203,NWSA,11.82,12,11.68,11.7,148076
20091203,NYT,8.61,8.8,8.55,8.55,12283
20091203,NYX,25.23,25.29,24.73,24.8,25840
20091203,ODP,6.49,6.55,6.27,6.3,54819
20091203,OI,30.16,31.33,30.16,30.5,44717
20091203,OMC,37.17,37.45,36.63,36.7,16084
20091203,ORCL,22.66,22.91,22.6,22.64,224925
20091203,ORLY,39.26,39.26,38.42,38.43,14790
20091203,OXY,81.05,81.66,80.01,80.15,39546
20091203,PAYX,32.17,32.29,31.74,31.75,33141
20091203,PBCT,16.2,16.38,16,16,28487
20091203,PBG,38.55,38.58,38.15,38.19,31066
20091203,PBI,23.13,23.3,22.87,22.88,14495
20091203,PCAR,37,37.1,36.16,36.24,41087
20091203,PCG,43.29,43.87,43.22,43.53,20313
20091203,PCL,35.19,35.6,34.5,34.61,19160
20091203,PCLN,218.15,223.82,217.5,220.01,15760
20091203,PCP,107.88,109.03,107.42,107.89,6837
20091203,PCS,6.68,6.76,6.56,6.6,47859
20091203,PDCO,26.4,26.53,25.95,25.98,9606
20091203,PEG,32.26,32.63,32.07,32.33,29588
20091203,PEP,63.58,63.59,62.67,62.76,64063
20091203,PFE,18.83,18.88,18.59,18.64,410280
20091203,PFG,26.06,26.67,22.2,22.52,171862
20091203,PG,63.09,63.36,62.42,62.56,98443
20091203,PGN,39.96,41.02,39.96,40.65,28539
20091203,PGR,16.86,16.97,16.52,16.55,29298
20091203,PH,54.91,55.43,54.11,54.23,8413
20091203,PHM,9.33,9.43,9.05,9.07,65579
20091203,PKI,19.43,19.6,19.23,19.24,7066
20091203,PLD,13.94,14.16,12.99,13.24,138767
20091203,PLL,32.04,32.19,31.5,31.51,7864
20091203,PM,49.2,49.83,49.13,49.48,88304
20091203,PNC,56.81,56.81,52.62,52.89,101038
20091203,PNW,36.28,36.65,36.18,36.22,9507
20091203,POM,17,17.18,16.94,16.97,27362
20091203,PPG,60.76,60.81,59.55,59.59,8273
20091203,PPL,31.55,31.96,31.42,31.64,13208
20091203,PRU,50.62,51.57,48,48.19,71057
20091203,PSA,80.41,81.09,77.72,78.01,18457
20091203,PTV,24.31,24.41,23.8,23.83,12401
20091203,PWR,19.23,19.27,18.66,18.69,21802
20091203,PX,82.32,83.41,81.82,82.46,17448
20091203,PXD,42.14,42.47,40.93,40.99,11522
20091203,Q,3.94,3.97,3.83,3.93,296475
20091203,QCOM,45.13,45.28,44.6,44.63,107500
20091203,QLGC,18.44,18.79,18.29,18.65,18595
20091203,R,41.41,41.94,40.72,40.79,4767
20091203,RAI,51.18,51.35,50.85,51.05,15296
20091203,RDC,24.67,24.95,23.92,23.98,32433
20091203,RF,5.93,5.98,5.48,5.5,360723
20091203,RHI,22.91,23.57,22.9,23.18,29888
20091203,RHT,27.68,28.15,27.57,27.62,11096
20091203,RL,80.87,81.1,79.89,80.18,12221
20091203,ROK,44.15,44.72,43.92,44,9859
20091203,ROP,53.2,53.73,52.75,52.75,2532
20091203,ROST,44.23,44.8,43.74,43.75,30929
20091203,RRC,47.34,48.1,46.74,46.88,21731
20091203,RRD,21.12,21.49,21.01,21.06,12260
20091203,RSG,28.66,28.95,28.45,28.47,9937
20091203,RSH,19.26,19.38,18.8,18.83,25449
20091203,RTN,52,52.2,51.44,51.54,31163
20091203,RX,21.47,21.5,21.4,21.4,24181
20091203,S,3.75,3.8,3.65,3.67,323713
20091203,SAI,17.85,17.94,17.64,17.64,19378
20091203,SBUX,21.71,21.91,21.08,21.12,95549
20091203,SCG,36.25,36.73,36.16,36.45,5361
20091203,SCHW,18.34,18.39,17.86,17.88,66159
20091203,SE,19.54,19.74,19.41,19.42,26423
20091203,SEE,22.63,22.79,22.25,22.33,10835
20091203,SHLD,73.41,74.92,71.94,72.21,14498
20091203,SHW,62.15,62.32,60.93,61.33,12333
20091203,SIAL,53.87,54,52.82,52.87,4730
20091203,SII,26.77,26.88,26.29,26.39,49431
20091203,SJM,60,60,59.16,59.22,10468
20091203,SLB,63.75,63.99,62.08,62.2,74659
20091203,SLE,12.27,12.31,12.19,12.2,39470
20091203,SLM,11.5,12.11,11.41,11.55,84993
20091203,SNA,37.9,38.11,37.8,37.9,7378
20091203,SNDK,21.65,21.98,21.38,21.43,58113
20091203,SNI,39.56,39.74,38.91,39.04,7297
20091203,SO,32.68,33.37,32.55,33.13,58774
20091203,SPG,74.85,76.71,73.83,74.18,30414
20091203,SPLS,23.96,24.15,23.61,23.64,93076
20091203,SRCL,56.06,56.4497,55.83,55.91,4815
20091203,SRE,54.8,54.97,54.47,54.57,16162
20091203,STI,23.07,23.29,22.3,22.35,139493
20091203,STJ,36.82,37.2,36.8,36.86,21466
20091203,STR,40.91,41.19,40.15,40.22,8827
20091203,STT,43.5,43.5,41.03,41.15,54923
20091203,STZ,16.81,16.81,16.45,16.53,23128
20091203,SUN,25.7,25.875,25.49,25.53,16108
20091203,SVU,14.24,14.3,13.95,14.07,34673
20091203,SWK,49.68,50.16,48.6,48.64,8065
20091203,SWN,44.02,44.17,43,43.08,37328
20091203,SWY,22.41,22.51,22,22.01,50917
20091203,SYK,51.5,52.62,51.32,51.9,29074
20091203,SYMC,17.98,18.19,17.92,17.96,78481
20091203,SYY,28.13,28.18,27.77,27.99,41929
20091203,T,27.39,27.74,27.25,27.52,254304
20091203,TAP,45.76,45.79,45.17,45.26,5693
20091203,TDC,30.66,30.83,30.12,30.16,11633
20091203,TE,15.24,15.51,15.11,15.33,24623
20091203,TEG,40.76,41.73,40.76,41.27,7180
20091203,TER,9.55,9.75,9.49,9.51,97642
20091203,TGT,47.08,47.25,46.05,46.35,143680
20091203,THC,4.93,5.1,4.83,4.87,130171
20091203,TIE,10.38,10.54,10.07,10.12,20282
20091203,TIF,43.06,43.2,42.41,42.5,18435
20091203,TJX,37.42,37.57,36.08,37.31,155845
20091203,TLAB,5.64,5.72,5.59,5.62,41332
20091203,TMK,43.785,44.33,42.31,42.42,7557
20091203,TMO,48,48.47,47.82,47.82,29723
20091203,TROW,49.49,50.1,49.33,49.41,27211
20091203,TRV,52.81,52.83,51.27,51.44,56837
20091203,TSN,12.13,12.53,12.13,12.45,71135
20091203,TSO,12.51,12.66,12.35,12.36,38303
20091203,TSS,17.49,17.59,17.28,17.29,6044
20091203,TWC,42.47,43.2,42.36,42.46,22917
20091203,TWX,31.01,31.37,30.89,31.11,60789
20091203,TXN,26.06,26.68,26,26.44,144666
20091203,TXT,20.63,20.67,20.06,20.11,23088
20091203,UNH,28.27,28.46,27.3,27.33,153256
20091203,UNM,19.4,20,18.74,18.76,36764
20091203,UNP,64.73,64.9,64.1,64.2,31570
20091203,UPS,57.89,58.14,57.51,57.57,53091
20091203,USB,24.4,24.51,23.17,23.25,223194
20091203,UTX,68.05,68.49,67.18,67.26,37875
20091203,V,82.35,82.63,79.93,80.03,47810
20091203,VAR,46.24,46.25,45.6,45.66,10430
20091203,VFC,74.81,74.81,73.26,73.41,7644
20091203,VIA,31.82,31.9,31.1901,31.2,876
20091203,VLO,15.96,16.25,15.96,15.97,111102
20091203,VMC,49.69,49.765,48.42,48.5,5819
20091203,VNO,68.06,70.67,67.99,68.3,40978
20091203,VRSN,22.18,22.47,22.17,22.25,43056
20091203,VTR,42.96,44.21,42.79,42.99,19122
20091203,VZ,32.83,32.97,32.51,32.69,164610
20091203,WAG,38.09,38.21,37.77,37.8,58356
20091203,WAT,59.84,59.99,58.95,59.01,4135
20091203,WDC,38.82,39.3,38.55,38.64,40619
20091203,WEC,46.2,46.5,46.05,46.13,6174
20091203,WFC,27.52,27.91,26.41,26.49,666205
20091203,WFMI,26.14,26.41,25.59,25.69,18101
20091203,WFR,12.75,13.08,12.53,12.81,69619
20091203,WHR,79.79,80,76.98,77.08,21104
20091203,WIN,10.5,10.59,10.46,10.51,45424
20091203,WLP,54.84,55.0443,53.59,53.66,33132
20091203,WM,33.19,33.71,33.02,33.05,16329
20091203,WMB,20.31,20.49,19.94,19.95,58483
20091203,WMT,54.73,54.77,54.31,54.44,114088
20091203,WPI,37.03,38.35,36.81,37.29,11334
20091203,WPO,411.88,415.83,411,411.33,761
20091203,WU,18.42,18.55,17.81,17.84,81113
20091203,WY,42.45,44.02,42.03,42.15,37345
20091203,WYN,19.08,19.64,19.02,19.27,24731
20091203,WYNN,66.86,67.7,65.19,65.37,28946
20091203,X,45.64,46.0694,44.78,44.95,94707
20091203,XEL,20.51,20.91,20.51,20.76,21346
20091203,XL,18.55,18.71,18.02,18.09,43883
20091203,XLNX,23.45,23.55,23.19,23.21,83055
20091203,XOM,75.58,75.76,74.91,74.99,178549
20091203,XRAY,34.05,34.64,33.91,33.95,8869
20091203,XRX,7.82,7.8425,7.73,7.76,65754
20091203,XTO,42.3,42.48,41.17,41.31,67257
20091203,YHOO,15.34,15.38,15.1,15.11,171964
20091203,YUM,35.45,35.55,35.09,35.13,60626
20091203,ZION,13.49,13.69,12.52,12.59,72960
20091203,ZMH,58.9,59.44,58.09,58.14,31872
