20091223,A,30.2,30.4,30.15,30.3,22183
20091223,AA,15.86,16,15.67,16,261719
20091223,AAPL,201.19,202.38,200.81,202.1,123401
20091223,ABC,26.29,26.45,26.2,26.32,26096
20091223,ABT,54.22,54.37,53.97,54.09,27577
20091223,ACS,60,60.21,59.63,59.96,3829
20091223,ADBE,37.17,37.37,36.86,36.93,55595
20091223,ADI,31.29,31.38,31.05,31.38,14437
20091223,ADM,30.82,31.47,30.8,31.33,26460
20091223,ADP,42.92,42.99,42.64,42.8,13514
20091223,ADSK,25.01,25.3,24.94,25.3,11410
20091223,AEE,28.04,28.25,27.99,28.22,9112
20091223,AEP,34.93,35.13,34.51,34.73,36619
20091223,AES,13.7,13.93,13.62,13.9,39088
20091223,AET,34.11,34.34,33.69,33.76,38978
20091223,AFL,46.6,46.74,46.26,46.6,14290
20091223,AGN,62.1,62.74,62.1,62.6,10671
20091223,AIG,30.51,30.87,29.17,29.41,102462
20091223,AIV,15.83,16.37,15.83,16.26,16101
20091223,AIZ,29.43,29.55,29.34,29.44,5898
20091223,AKAM,25.42,25.67,25.31,25.59,30211
20091223,AKS,21.86,22.21,21.55,22.14,36058
20091223,ALL,29.58,30.15,29.45,30.11,33811
20091223,ALTR,23.01,23.05,22.67,22.81,31107
20091223,AMAT,14.07,14.22,13.91,13.95,168989
20091223,AMD,9.45,9.69,9.42,9.67,195494
20091223,AMGN,57.45,57.67,57.05,57.35,42919
20091223,AMP,38.88,39.345,38.69,39.22,12926
20091223,AMT,43.28,43.41,42.51,42.94,17172
20091223,AMZN,134.8,139.05,134.35,138.94,95506
20091223,AN,19.57,19.77,19.47,19.66,16410
20091223,ANF,35.27,35.57,34.78,35.29,12296
20091223,AON,38.89,38.94,38.43,38.67,9034
20091223,APA,103.88,104.86,103.32,104.5,20068
20091223,APC,63.1,64.3,62.74,64.23,32934
20091223,APD,81.33,81.38,80.47,81.29,10436
20091223,APH,44.68,46.4,44.68,46.26,16668
20091223,APOL,58.12,58.5,57.9,58.44,13371
20091223,ARG,47.47,47.7,47.11,47.59,2730
20091223,ATI,42.72,44.41,42.67,44.22,15713
20091223,AVB,82.78,85.71,82.78,85.2,20793
20091223,AVP,31.89,32.17,31.815,32.13,19294
20091223,AVY,37.16,37.33,37.03,37.2,8037
20091223,AXP,41.6,41.84,41.07,41.21,52963
20091223,AYE,24.15,24.25,23.88,24.07,8722
20091223,AZO,159.52,161.33,159.14,160.28,5141
20091223,BA,55.41,55.65,54.92,54.96,30628
20091223,BAC,15.46,15.47,15.15,15.19,1021160
20091223,BAX,58.48,58.95,58.48,58.76,20713
20091223,BBBY,39.51,39.66,39.14,39.49,13071
20091223,BBT,25.8,25.99,25.5,25.62,33121
20091223,BBY,40.49,40.86,40.16,40.76,57111
20091223,BCR,78.99,79.25,78.59,78.8,6554
20091223,BDK,65.63,67,65.56,66.37,21284
20091223,BDX,78.48,79.32,78.36,79.15,16167
20091223,BEN,104.72,105.67,104.22,104.99,9558
20091223,BF.B,52.75,53.1025,52.42,52.98,3796
20091223,BHI,40.94,41.23,40.61,40.83,32259
20091223,BIG,29.31,29.55,28.98,29.18,11128
20091223,BIIB,52.5,52.77,52.16,52.16,33449
20091223,BJS,18.8,18.97,18.68,18.78,31071
20091223,BK,27.45,27.72,27.34,27.65,53595
20091223,BLL,51.79,52.05,51.74,51.77,4889
20091223,BMC,39.1,39.67,39.03,39.62,14476
20091223,BMS,30.16,30.18,29.82,29.96,6477
20091223,BMY,25.37,25.79,25.35,25.7,536452
20091223,BNI,98.29,98.42,98.2,98.3,41557
20091223,BRCM,32.09,32.09,31.42,31.54,51426
20091223,BSX,8.82,8.86,8.7,8.82,139481
20091223,BTU,46.77,48,46.77,47.69,41133
20091223,BXP,69.74,71.29,69.62,69.91,12938
20091223,C,3.36,3.38,3.26,3.29,3575203
20091223,CA,22.75,22.84,22.56,22.8,43833
20091223,CAG,22.8,23.35,22.8,23.14,47465
20091223,CAH,32.67,32.76,32.56,32.64,20250
20091223,CAM,40.96,42.17,40.56,42.09,31435
20091223,CAT,58.23,58.57,57.89,58.32,40562
20091223,CB,48.9,48.95,48.53,48.55,13443
20091223,CBG,13.52,13.83,13.48,13.81,19872
20091223,CBS,13.97,14.02,13.57,13.95,57849
20091223,CCE,21.05,21.4,21.05,21.32,26897
20091223,CCL,32.8,32.83,32.32,32.53,23760
20091223,CEG,35.39,35.94,35.35,35.92,12671
20091223,CELG,56.51,57.14,56.38,56.8,21856
20091223,CEPH,59.995,60.39,59.8,59.83,10856
20091223,CF,87.65,89.74,86.63,88.75,13402
20091223,CFN,26.11,26.19,25.74,26.15,6227
20091223,CHK,27.02,27.49,26.84,27.32,94445
20091223,CHRW,58.68,58.86,58.03,58.54,6440
20091223,CI,36.97,37.19,36.45,36.49,28762
20091223,CINF,25.84,26.05,25.84,25.96,4937
20091223,CL,83.31,83.68,83.05,83.44,16157
20091223,CLF,45.72,47.25,45.54,47.16,26252
20091223,CLX,61.9,62.12,61.46,61.85,9648
20091223,CMA,29.54,29.79,29.31,29.62,11978
20091223,CMCSA,17.22,17.24,16.97,17.11,115149
20091223,CME,325.5,328.515,325.01,328,3267
20091223,CMI,47,47.41,46.47,47.35,10793
20091223,CMS,15.66,15.75,15.5,15.69,18865
20091223,CNP,14.71,14.76,14.64,14.7,36489
20091223,CNX,49.9,53.15,49.9,52.87,34810
20091223,COF,38.63,38.85,37.96,38.23,30787
20091223,COG,45.34,45.62,44.91,45.39,4697
20091223,COH,37.08,37.31,36.86,37.05,15614
20091223,COL,56.2,56.5,55.44,55.57,12710
20091223,COP,50.72,50.9,50.38,50.48,50152
20091223,COST,59.67,60.31,59.6,60.07,29456
20091223,CPB,33.68,34.37,33.63,34.34,25649
20091223,CPWR,7.38,7.45,7.31,7.43,17019
20091223,CRM,71.49,72.9,70.81,72.6,18575
20091223,CSC,56.99,57.65,56.91,57.62,5255
20091223,CSCO,23.8,23.93,23.7,23.78,238575
20091223,CSX,49.47,49.99,49.11,49.95,11779
20091223,CTAS,26.8,27.134,26.25,26.35,69120
20091223,CTL,35.97,36.14,35.75,36.11,17449
20091223,CTSH,45.91,46.35,45.8,46.25,21742
20091223,CTXS,41.25,42.34,41.05,42.07,26940
20091223,CVH,25.1,25.46,25.06,25.18,15404
20091223,CVS,32.35,32.45,31.99,32.09,59006
20091223,CVX,77.87,77.93,77.02,77.04,73431
20091223,D,39.09,39.27,38.92,39.14,16106
20091223,DD,32.81,33.09,32.55,33.06,38898
20091223,DE,56.68,56.87,55.76,56.06,26421
20091223,DELL,14.11,14.5,14.07,14.34,175797
20091223,DF,17.98,18.54,17.98,18.43,25260
20091223,DFS,14.73,14.88,14.62,14.68,28274
20091223,DGX,61.36,61.9699,61.34,61.35,5709
20091223,DHI,11.28,11.33,10.99,11.12,79780
20091223,DHR,75.97,76,75.11,75.81,13035
20091223,DIS,32.31,32.47,32.04,32.43,65678
20091223,DNB,83,83.35,82.84,83.19,1186
20091223,DNR,15.05,15.2,14.72,15.18,21762
20091223,DO,99.36,100.91,98.73,100.71,11591
20091223,DOV,41.58,41.91,41.3,41.82,7415
20091223,DOW,27.06,27.88,26.95,27.85,81794
20091223,DPS,28.75,29.01,28.62,28.99,6425
20091223,DRI,36.12,36.12,35.51,35.94,15015
20091223,DTE,43.3,43.96,43.3,43.93,9760
20091223,DTV,33.86,33.87,33.21,33.79,60476
20091223,DUK,17.23,17.35,17.16,17.24,50391
20091223,DV,56.66,57.52,56.66,57.04,5944
20091223,DVA,59.65,60.12,59.49,59.91,7176
20091223,DVN,71.28,72.39,70.59,72.15,28773
20091223,EBAY,23.05,24.24,23.03,23.97,229382
20091223,ECL,44.84,45.11,44.57,44.88,8020
20091223,ED,45.54,45.77,45.37,45.45,15740
20091223,EFX,31.34,31.58,31.18,31.26,5008
20091223,EIX,35.36,35.44,35.1,35.3,15110
20091223,EK,4.34,4.39,4.22,4.35,53507
20091223,EL,48.24,48.45,48.05,48.34,7910
20091223,EMC,17.52,17.66,17.43,17.58,91990
20091223,EMN,60.45,61.43,60.1,61.06,4891
20091223,EMR,42.8,43.05,42.5,42.91,20674
20091223,EOG,97.79,99.94,97.68,99.89,28374
20091223,EP,10.11,10.14,10,10.12,30241
20091223,EQR,34.13,35.18,34.13,34.92,37421
20091223,EQT,44.24,44.46,44,44.32,5423
20091223,ERTS,17.06,17.765,17,17.71,68027
20091223,ESRX,88.49,88.65,87.02,87.63,9964
20091223,ETFC,1.79,1.83,1.78,1.8,471061
20091223,ETN,64,64.23,63.43,63.8,7289
20091223,ETR,82.9,83.26,82.55,82.81,8110
20091223,EXC,49.12,49.54,49.01,49.39,27567
20091223,EXPD,35.34,35.42,34.91,35.3,8269
20091223,EXPE,26.53,27.13,26.51,27.09,25990
20091223,F,10.01,10.11,9.93,10.08,648149
20091223,FAST,40.99,41.64,40.89,41.51,10195
20091223,FCX,79.52,81.5,79.2716,80.93,98403
20091223,FDO,27.99,28.1,27.91,27.95,18003
20091223,FDX,83.26,84,82.86,83.76,21713
20091223,FE,46.96,47.4,46.66,47.33,14795
20091223,FHN,13.79,13.83,13.55,13.56,12609
20091223,FII,27.69,28.3,27.68,27.96,13819
20091223,FIS,23.55,23.79,23.52,23.75,11607
20091223,FISV,48.12,48.74,48.04,48.65,8073
20091223,FITB,10.25,10.26,9.86,9.93,87597
20091223,FLIR,31.88,32.12,31.5206,31.92,9356
20091223,FLR,43.79,45.05,43.58,44.89,28756
20091223,FLS,97.96,97.96,96.33,96.65,3940
20091223,FMC,56.87,56.92,56.2,56.78,3386
20091223,FO,41.59,42.92,41.59,42.69,11347
20091223,FPL,53.75,54.01,52.78,52.95,44128
20091223,FRX,32.33,32.56,32,32.13,12752
20091223,FSLR,135.49,136.39,132,132.58,19674
20091223,FTI,58.92,59.32,56.67,58.74,16040
20091223,FTR,7.7,7.77,7.66,7.73,24140
20091223,GAS,42.91,42.92,42.61,42.77,2870
20091223,GCI,14.76,15.49,14.75,15.42,108637
20091223,GD,68.4,68.65,67.76,68.2,11434
20091223,GE,15.46,15.48,15.31,15.41,423407
20091223,GENZ,47.94,48.47,47.55,48.2,23310
20091223,GILD,43.29,43.37,42.94,43.01,53068
20091223,GIS,70.88,70.97,70.62,70.93,14208
20091223,GLW,19.47,19.5,19.21,19.26,100837
20091223,GME,22.14,22.27,21.93,22.01,37476
20091223,GNW,11.92,11.94,11.62,11.78,56334
20091223,GOOG,603.76,612.8698,602.85,611.68,20753
20091223,GPC,38.45,38.7,38.19,38.46,4724
20091223,GPS,20.92,21.09,20.74,20.91,54845
20091223,GR,65.52,65.93,65.21,65.25,6741
20091223,GS,165.28,165.8,163.39,163.63,40538
20091223,GT,14.46,14.54,14.1,14.29,25929
20091223,GWW,97.41,98.05,97.1613,97.74,3526
20091223,HAL,30.44,30.55,30.3,30.46,72363
20091223,HAR,36,36.15,35.65,36.02,6233
20091223,HAS,31.82,32.15,31.75,32.11,7601
20091223,HBAN,3.72,3.75,3.67,3.68,94010
20091223,HCBK,13.62,13.75,13.56,13.72,30193
20091223,HCN,45.69,46.14,45.355,45.57,12155
20091223,HCP,31.16,31.66,31,31.4,19527
20091223,HD,29.32,29.38,28.79,29,97901
20091223,HES,59.42,59.69,58.5,59.41,28276
20091223,HIG,23.5,23.62,23.19,23.34,40879
20091223,HNZ,42.64,42.95,42.5575,42.79,8888
20091223,HOG,25.99,26.05,25.634,25.73,17657
20091223,HON,39.86,39.98,39.3905,39.93,32972
20091223,HOT,36.61,36.9,36.09,36.86,15070
20091223,HPQ,52.48,52.5,52.02,52.49,80595
20091223,HRB,20.57,20.9,20.44,20.83,19649
20091223,HRL,38.03,38.28,38,38.05,4908
20091223,HRS,46.52,47.56,46.52,47.11,8986
20091223,HSP,49.37,50.24,49.29,50.16,8487
20091223,HST,11.72,11.92,11.69,11.77,53244
20091223,HSY,36.25,36.45,36.05,36.36,4760
20091223,HUM,45.28,46.2,45.21,45.75,21397
20091223,IBM,129.7,130,129.3,130,41291
20091223,ICE,110.43,110.43,108.61,108.89,5028
20091223,IFF,40.8,41.24,40.66,41.16,2761
20091223,IGT,19.15,19.35,19.04,19.21,18237
20091223,INTC,20.06,20.24,20.03,20.1,305737
20091223,INTU,30.68,30.785,30.535,30.74,15711
20091223,IP,27.41,27.79,27.26,27.66,20397
20091223,IPG,7.16,7.26,7.11,7.22,33797
20091223,IRM,23.45,23.53,23.26,23.39,5740
20091223,ISRG,298.18,303.25,295.5,302.18,5394
20091223,ITT,50.42,50.42,49.9,50.04,7174
20091223,ITW,47.7,47.81,47.34,47.61,18435
20091223,IVZ,22.9,23.14,22.68,23.12,18600
20091223,JAVA,9.33,9.36,9.33,9.36,110515
20091223,JBL,17.18,17.37,16.75,17.06,49875
20091223,JCI,27.8,27.94,27.6,27.87,16123
20091223,JCP,27.72,27.74,27.1,27.31,25239
20091223,JDSU,8.23,8.29,8.11,8.25,24621
20091223,JEC,38.19,38.52,37.91,38.48,18153
20091223,JNJ,64.54,64.84,64.54,64.57,63603
20091223,JNPR,26.52,26.7,26.17,26.22,32867
20091223,JNS,13.39,13.5,13.15,13.31,10176
20091223,JPM,41.84,41.94,41.45,41.56,245035
20091223,JWN,36.86,37.51,36.61,37.47,17355
20091223,K,53.14,53.5,53,53.3,15557
20091223,KEY,5.72,5.75,5.58,5.66,83069
20091223,KFT,27.44,27.45,27.28,27.36,45835
20091223,KG,12.35,12.4,12.19,12.24,15713
20091223,KIM,13.48,13.88,13.36,13.66,44462
20091223,KLAC,37.23,37.25,36.69,36.79,13639
20091223,KMB,64.48,64.48,63.95,64.24,15898
20091223,KO,57.2,57.5,56.99,57.29,54697
20091223,KR,20.71,20.87,20.61,20.66,49725
20091223,KSS,55.33,55.71,54.82,55.15,17814
20091223,L,36.19,36.33,36,36.28,11712
20091223,LEG,20.57,20.57,20.2,20.42,5119
20091223,LEN,13.44,13.53,13.22,13.27,56881
20091223,LH,76.05,76.55,75.808,76.45,4021
20091223,LIFE,51.67,52.07,51.23,51.82,8607
20091223,LLL,85.49,85.89,84.79,85.13,5234
20091223,LLTC,30.34,30.37,30.04,30.36,23387
20091223,LLY,36.35,36.47,35.89,35.94,55782
20091223,LM,29.8,30.07,29.75,29.94,12927
20091223,LMT,75.93,76.08,75.14,75.23,22109
20091223,LNC,24.8,25.46,24.8,25.38,36868
20091223,LO,78.62,79.31,78.49,78.57,17485
20091223,LOW,23.88,23.95,23.31,23.56,143837
20091223,LSI,5.94,6.05,5.88,5.99,71226
20091223,LTD,19.91,20.08,19.47,19.5,30208
20091223,LUK,24.07,24.19,23.81,24.11,4418
20091223,LUV,11.49,11.66,11.32,11.61,61706
20091223,LXK,25.71,26.12,25.49,26.06,11976
20091223,M,17.41,17.78,17.25,17.73,71294
20091223,MA,256,257.6,253.83,255.32,8198
20091223,MAR,28.07,28.11,27.77,27.97,22998
20091223,MAS,13.94,14.15,13.85,14.13,27870
20091223,MAT,20.01,20.19,19.97,20.12,35261
20091223,MCD,62.97,63.675,62.57,63.36,58896
20091223,MCHP,29.11,29.2,28.93,29.08,13447
20091223,MCK,63.24,63.5,62.75,62.81,10967
20091223,MCO,27.27,27.5,26.99,27.36,21152
20091223,MDP,30.88,31.2,30.62,31.02,1486
20091223,MDT,43.32,44.43,43.26,44.4,55093
20091223,MEE,42.56,44,42.38,43.84,28602
20091223,MET,35.75,35.9,35.185,35.5,27052
20091223,MFE,39.69,40.81,39.596,40.75,21046
20091223,MHP,33.83,34.11,33.56,34.11,13568
20091223,MHS,64.48,64.91,64.21,64.38,14419
20091223,MI,5.69,5.77,5.49,5.53,39244
20091223,MIL,72.13,72.66,71.87,72.56,1881
20091223,MJN,43.05,43.5,42.95,43.27,101830
20091223,MKC,36.05,36.06,35.84,35.96,6688
20091223,MMC,21.92,22.21,21.83,22.01,21632
20091223,MMM,81.96,82.32,81.4,82.19,19002
20091223,MO,20.02,20.29,19.98,20.16,227850
20091223,MOLX,21.6,21.65,21.41,21.51,10998
20091223,MON,81.82,82.49,81.1,81.96,27143
20091223,MOT,8.14,8.19,7.92,7.93,370874
20091223,MRK,37.86,37.86,37.14,37.25,127467
20091223,MRO,31.63,31.75,31.4,31.51,30043
20091223,MS,29.66,29.75,29.3,29.41,72504
20091223,MSFT,30.7,30.95,30.69,30.92,283626
20091223,MTB,66.71,67,66.21,66.26,3760
20091223,MU,9.7,10,9.7,9.99,600699
20091223,MUR,54.67,55.46,54.22,55.4,12566
20091223,MWV,28.51,28.79,28.37,28.72,13917
20091223,MWW,17.14,17.52,17.09,17.46,8926
20091223,MYL,18.95,18.9901,18.68,18.74,37560
20091223,NBL,72.27,72.735,71.88,72.67,10283
20091223,NBR,22.35,22.96,22.23,22.88,30727
20091223,NDAQ,20.17,20.25,20.09,20.2,8491
20091223,NEM,47.1,48.5,46.8299,48.04,68339
20091223,NI,15.66,15.75,15.58,15.61,11913
20091223,NKE,65.07,65.53,64.89,65.44,15371
20091223,NOC,56.12,56.32,55.71,55.87,12150
20091223,NOV,44.14,44.93,43.9,44.77,31548
20091223,NOVL,4.17,4.18,4.09,4.13,24114
20091223,NSC,53.01,53.94,52.85,53.82,11947
20091223,NSM,15.24,15.37,15.09,15.14,23169
20091223,NTAP,33.35,33.89,33.31,33.85,29846
20091223,NTRS,51.48,52.09,51.3,51.89,15474
20091223,NU,26.12,26.165,25.8225,25.94,8828
20091223,NUE,45.85,46.17,45.54,46.1,31508
20091223,NVDA,18.05,18.18,17.82,18.13,110574
20091223,NVLS,23.8,23.9199,23.5,23.56,19619
20091223,NWL,15.03,15.3,15,15.28,27929
20091223,NWSA,13.55,13.58,13.29,13.51,100848
20091223,NYT,11.99,12.11,11.46,12.1,46480
20091223,NYX,25.5,25.95,25.39,25.87,19110
20091223,ODP,7.2,7.2,6.89,7.1,39369
20091223,OI,33.27,33.74,33.06,33.57,13883
20091223,OMC,38.86,39.5,38.7,39.4,15824
20091223,ORCL,24.47,24.75,24.36,24.73,192578
20091223,ORLY,38.43,38.61,38.03,38.39,7175
20091223,OXY,81.87,82.7,81.61,82.46,27233
20091223,PAYX,31,31.12,30.8,30.85,18580
20091223,PBCT,17.1,17.12,16.81,16.84,29247
20091223,PBG,37.48,37.59,37.36,37.51,11223
20091223,PBI,22.96,23.02,22.76,22.9,11198
20091223,PCAR,36.77,36.81,36.42,36.64,16112
20091223,PCG,44.96,45.04,44.59,44.75,17211
20091223,PCL,36.78,37.24,36.565,37.14,11129
20091223,PCLN,220.77,229.35,220.12,229,8219
20091223,PCP,114.72,115.19,112.95,113.17,7784
20091223,PCS,7.67,7.71,7.47,7.5,29089
20091223,PDCO,27.85,27.9,27.6,27.89,5873
20091223,PEG,33.39,33.63,33.06,33.2,21006
20091223,PEP,60.87,60.87,60.25,60.68,38289
20091223,PFE,18.76,18.8,18.53,18.58,279694
20091223,PFG,25.28,25.56,25.06,25.43,20588
20091223,PG,61.06,61.35,60.76,61.31,56397
20091223,PGN,41.22,41.27,40.95,41.03,11970
20091223,PGR,17.58,17.83,17.56,17.75,43734
20091223,PH,54.6,55.06,54,54.8,8174
20091223,PHM,10.01,10.17,9.96,10.06,110059
20091223,PKI,20.39,20.52,20.28,20.51,3169
20091223,PLD,14.24,14.76,14.17,14.54,58466
20091223,PLL,35.77,36.27,35.65,36.27,5352
20091223,PM,48.93,49.32,48.72,48.8,71175
20091223,PNC,54.39,54.39,53,53.55,23642
20091223,PNW,37.2,37.2,36.82,37.05,6903
20091223,POM,17.02,17.13,16.92,17.01,12162
20091223,PPG,59.14,59.33,58.44,59.3,6262
20091223,PPL,32.23,32.42,32.122,32.39,9618
20091223,PRU,51.5,52.27,51.4,52.12,24277
20091223,PSA,82.17,83.5,81.74,82.85,10544
20091223,PTV,23.78,23.88,23.64,23.82,4940
20091223,PWR,22.12,22.12,21.45,21.54,22067
20091223,PX,79.65,79.86,79.17,79.68,17517
20091223,PXD,48.3,49.03,47.8,48.99,13055
20091223,Q,4.3,4.32,4.24,4.28,137608
20091223,QCOM,45.95,46,45.72,45.95,87515
20091223,QLGC,18.33,18.73,18.32,18.7,10655
20091223,R,43.23,43.4,42.73,43.32,1793
20091223,RAI,53.53,53.63,53.25,53.32,6385
20091223,RDC,23.54,23.6099,23.11,23.19,37958
20091223,RF,5.52,5.54,5.36,5.38,76495
20091223,RHI,27.15,27.4,26.92,27.11,6702
20091223,RHT,31.62,31.76,30.95,31.43,50038
20091223,RL,81.79,82.28,80.99,81.89,5401
20091223,ROK,47.39,47.81,47.06,47.38,6907
20091223,ROP,53.55,53.62,52.27,53,25433
20091223,ROST,42.85,43.35,42.62,42.88,19967
20091223,RRC,52.23,52.58,51.75,52.45,11556
20091223,RRD,22.18,22.51,22.11,22.43,13194
20091223,RSG,28.17,28.48,28.15,28.44,10093
20091223,RSH,19.96,20.34,19.86,20.21,13685
20091223,RTN,52.48,52.69,51.15,52,26034
20091223,RX,20.9,21.06,20.9,21.01,22455
20091223,S,3.83,3.84,3.7,3.7,241460
20091223,SAI,19.08,19.12,18.95,19.12,22639
20091223,SBUX,23.68,23.8,23.36,23.74,42585
20091223,SCG,37.8,37.96,37.6,37.96,4317
20091223,SCHW,19.13,19.325,19.05,19.1,63816
20091223,SE,20.41,20.54,20.41,20.51,15842
20091223,SEE,21.79,21.92,21.58,21.85,8857
20091223,SHLD,79.75,82,79.15,81.56,19110
20091223,SHW,62.19,62.66,61.1,61.5,11345
20091223,SIAL,51.04,51.23,50.45,51.04,4257
20091223,SII,27.53,27.66,27.23,27.45,29770
20091223,SJM,61.08,61.45,60.94,61.15,7743
20091223,SLB,65,65.91,64.55,65.23,54474
20091223,SLE,12.23,12.39,12.22,12.39,23586
20091223,SLM,11.14,11.38,11.09,11.3,31457
20091223,SNA,42.25,43.55,42.25,43.3,7318
20091223,SNDK,27.8,28.49,27.75,28.27,121251
20091223,SNI,42.08,42.16,41.59,41.93,4174
20091223,SO,33.45,33.585,33.19,33.29,39122
20091223,SPG,79.89,82.34,79.48,81.16,25304
20091223,SPLS,24.76,25.1,24.75,24.99,76120
20091223,SRCL,55.67,55.93,55.41,55.72,4858
20091223,SRE,56.03,56.34,55.6601,56.23,12214
20091223,STI,20.8,20.93,20.25,20.28,49888
20091223,STJ,37.08,37.33,36.75,37.11,18504
20091223,STR,42.26,42.66,42,42.5,5725
20091223,STT,44.1,44.775,43.78,44.64,59308
20091223,STZ,15.84,15.87,15.61,15.77,10092
20091223,SUN,25.83,25.85,25.44,25.52,15783
20091223,SVU,12.85,12.88,12.65,12.83,18313
20091223,SWK,52.47,53.34,52.29,52.95,31768
20091223,SWN,49.6,50.65,49.4,50.57,39861
20091223,SWY,21.34,21.51,21.31,21.31,22830
20091223,SYK,50.92,51.29,50.74,50.91,17249
20091223,SYMC,17.73,17.8,17.65,17.76,42232
20091223,SYY,28.51,28.66,28.34,28.53,23594
20091223,T,27.98,28.05,27.79,28.04,156131
20091223,TAP,44.25,44.69,44.02,44.56,8613
20091223,TDC,30.96,31.33,30.7,31.26,8958
20091223,TE,16.55,16.7,16.45,16.61,11370
20091223,TEG,42.43,42.48,42.09,42.18,3344
20091223,TER,10.7,10.96,10.7,10.79,56584
20091223,TGT,48.96,49.1,48.46,48.85,46395
20091223,THC,5.5,5.8,5.45,5.52,146551
20091223,TIE,12.57,12.75,12.28,12.71,26578
20091223,TIF,43.76,44,43.44,43.82,10833
20091223,TJX,36.93,37.15,36.74,37.09,29123
20091223,TLAB,5.6,5.65,5.59,5.63,45035
20091223,TMK,44.1,44.1,43.75,43.84,2934
20091223,TMO,49,49.38,48.91,48.96,13372
20091223,TROW,53.62,53.79,53.215,53.58,10801
20091223,TRV,48.92,49.3,48.77,49.18,24444
20091223,TSN,12.43,12.44,12.28,12.34,23329
20091223,TSO,13.4,13.45,13.15,13.32,21441
20091223,TSS,17.42,17.5,17.37,17.39,5617
20091223,TWC,41.84,41.92,41.05,41.42,23796
20091223,TWX,29.69,29.73,29.19,29.35,39432
20091223,TXN,25.44,25.62,25.27,25.32,82274
20091223,TXT,19.33,19.65,19.33,19.55,23026
20091223,UNH,32.23,32.65,31.52,31.62,95000
20091223,UNM,19.73,19.94,19.67,19.83,11624
20091223,UNP,65.32,66.03,64.87,65.8,19592
20091223,UPS,58.39,58.73,57.85,58,26687
20091223,USB,22.71,22.79,22.26,22.34,78372
20091223,UTX,69.36,69.78,69.13,69.51,28770
20091223,V,86.46,87,85.65,86.15,57804
20091223,VAR,46.58,46.72,46.28,46.67,4719
20091223,VFC,73.7,73.8,73.2,73.54,2911
20091223,VIA,31.54,31.63,31.16,31.21,280
20091223,VLO,16.97,17.14,16.69,16.91,71449
20091223,VMC,53,53.5,52.77,52.77,10879
20091223,VNO,70.41,72.09,70.41,70.96,17134
20091223,VRSN,23.88,24.26,23.84,24.2,16462
20091223,VTR,43.32,43.93,43.03,43.49,10679
20091223,VZ,33.43,33.47,33.1,33.23,94087
20091223,WAG,36.77,37.58,36.77,37.44,62169
20091223,WAT,61.54,62.09,61.3,61.47,4743
20091223,WDC,43.43,44.15,43.43,44.08,29436
20091223,WEC,49.11,49.58,48.59,49.5,11353
20091223,WFC,27.27,27.28,26.72,26.85,255167
20091223,WFMI,28.8,28.85,28.32,28.52,10673
20091223,WFR,13.15,13.45,12.98,13.25,51651
20091223,WHR,83.75,83.75,82.1,82.88,8514
20091223,WIN,11.28,11.43,11.26,11.34,43956
20091223,WLP,60.64,60.77,59.62,60,47771
20091223,WM,33.17,33.71,33,33.66,21051
20091223,WMB,21.19,21.28,20.92,21.24,28909
20091223,WMT,53.45,53.61,53.25,53.32,86315
20091223,WPI,39.46,39.91,39.41,39.8,9589
20091223,WPO,441.78,444.345,441.32,442.27,218
20091223,WU,19.37,19.56,19.35,19.44,24827
20091223,WY,43.91,43.97,43.2,43.86,8361
20091223,WYN,21.11,21.25,20.65,20.96,13466
20091223,WYNN,59.45,60.2769,58.39,59.98,21227
20091223,X,53.28,55.11,53.08,55.01,70767
20091223,XEL,21.38,21.46,21.31,21.4,15032
20091223,XL,18.87,18.87,18.37,18.73,27621
20091223,XLNX,25.18,25.18,24.89,25.06,21120
20091223,XOM,68.75,68.78,68.2,68.26,189618
20091223,XRAY,35.22,35.55,35.08,35.55,5818
20091223,XRX,8.58,8.61,8.5,8.55,53057
20091223,XTO,47.27,47.29,46.92,46.97,118537
20091223,YHOO,16.36,16.7,16,16.67,235848
20091223,YUM,35.23,35.45,35.11,35.4,18934
20091223,ZION,13.16,13.2,12.85,12.92,38331
20091223,ZMH,59.64,60.11,59.21,60.07,7642
