20091007,A,27.07,27.2,26.8905,27.1,15895
20091007,AA,14.04,14.24,13.85,14.2,543173
20091007,AAPL,189.82,190.55,189.032,190.25,166309
20091007,ABC,22.02,22.41,21.93,22.41,33876
20091007,ABT,50.09,52.1,49.93,50.04,57144
20091007,ACS,51.8,52.01,51.21,51.64,33420
20091007,ADBE,33.51,33.74,33.06,33.26,41723
20091007,ADI,26.96,27.05,26.65,26.77,25997
20091007,ADM,29.42,29.5,29.12,29.5,28975
20091007,ADP,38.92,39.105,38.72,39.02,18667
20091007,ADSK,23.62,23.86,23.55,23.86,22034
20091007,AEE,25.18,25.26,25.01,25.2,11695
20091007,AEP,30.84,30.85,30.51,30.72,22731
20091007,AES,14.76,14.89,14.6,14.83,56406
20091007,AET,26.52,27.28,26.4,27.06,79911
20091007,AFL,42.93,43.39,42.52,43.18,29537
20091007,AGN,55.87,56.24,55.285,56.21,12314
20091007,AIG,44.45,46.83,43.8,45.9,290507
20091007,AIV,14.4,14.6943,14.19,14.52,23878
20091007,AIZ,32.99,33.35,32.79,33.04,8622
20091007,AKAM,19.4,20.26,19.18,20.22,62257
20091007,AKS,18.66,19.2,18.65,18.88,58115
20091007,ALL,31.02,31.38,30.77,31.38,29837
20091007,ALTR,20.61,20.73,20.22,20.34,73743
20091007,AMAT,13.15,13.15,12.93,13.01,124874
20091007,AMD,5.66,5.69,5.52,5.54,169110
20091007,AMGN,58.7,58.8725,58.3,58.54,46161
20091007,AMP,36.29,36.75,35.99,36.75,23847
20091007,AMT,37.24,37.24,36.7,36.91,22731
20091007,AMZN,91.5,94.48,91.15,93.97,74465
20091007,AN,17.93,18.1795,17.76,18.04,21784
20091007,ANF,32.39,33.01,32.13,32.66,57571
20091007,AOC,40.82,41.16,40.38,40.81,17319
20091007,APA,96.52,97.84,95.83,97.67,51675
20091007,APC,65.21,65.4,63.78,65.3,52315
20091007,APD,78,78.57,77.59,78.15,13145
20091007,APH,37,37.62,36.78,37.55,16046
20091007,APOL,71.73,73.23,70.88,73.1,19496
20091007,ATI,35.16,35.89,34.83,35.43,13388
20091007,AVB,69.68,71.24,69.46,71.2,8321
20091007,AVP,33.28,33.84,33.25,33.68,36092
20091007,AVY,35.08,35.32,34.72,35.18,14206
20091007,AXP,33.26,34.05,33.22,33.99,87419
20091007,AYE,26.02,26.13,25.74,25.97,12686
20091007,AZO,146.59,147.4,144.7,147.21,7777
20091007,BA,52.18,52.25,51.25,51.79,36595
20091007,BAC,17.08,17.35,17.04,17.35,1531920
20091007,BAX,57.27,57.63,57.06,57.58,23097
20091007,BBBY,37.59,37.59,37.1,37.33,20004
20091007,BBT,26.44,27.03,26.22,26.92,48632
20091007,BBY,37.88,38.1,37.56,38.1,36642
20091007,BCR,76.98,77.435,76.56,77.18,6491
20091007,BDK,44.56,44.83,44.15,44.5,9052
20091007,BDX,67.5,67.79,67.29,67.72,12119
20091007,BEN,102.34,103.05,101.71,102.96,7824
20091007,BF.B,48.94,53.775,48,48.56,2017
20091007,BHI,42.63,43.74,42.49,43.67,47242
20091007,BIG,26.09,26.47,26.06,26.39,15129
20091007,BIIB,49,49.42,48.72,49.17,13833
20091007,BJS,19.35,19.85,19.29,19.76,50181
20091007,BK,28.17,28.61,28,28.5,93423
20091007,BLL,49.58,50.59,49.48,50.59,6327
20091007,BMC,37.21,37.395,36.82,37.2,19471
20091007,BMS,25.7,25.7,25.31,25.68,6834
20091007,BMY,22.45,22.45,22.18,22.32,75012
20091007,BNI,79.5,80.2,78.87,79.61,17810
20091007,BRCM,29.82,30.18,29.54,29.94,94373
20091007,BSX,9.92,10.19,9.87,10.15,265865
20091007,BTU,38.49,39.27,38.44,39.03,45115
20091007,BXP,63.27,63.85,62.05,63.01,11452
20091007,C,4.64,4.7,4.56,4.64,3691747
20091007,CA,22.05,22.2699,21.87,22.09,26037
20091007,CAG,21.36,21.38,21.15,21.21,33695
20091007,CAH,26.72,26.77,26.56,26.77,40740
20091007,CAM,38.34,38.73,37.96,38.54,25713
20091007,CAT,51.25,52.0791,51.25,51.9,74392
20091007,CB,50.6,50.97,50.32,50.97,15665
20091007,CBE,37.26,38.23,37.08,38.13,22181
20091007,CBG,11.36,11.61,11.15,11.35,17565
20091007,CBS,12.1,12.37,11.925,12.11,134310
20091007,CCE,20.97,21,20.71,20.93,25295
20091007,CCL,32.79,33.09,32.41,32.56,34981
20091007,CEG,32.37,32.75,32.075,32.72,10296
20091007,CELG,53.65,54.09,53.21,53.69,21625
20091007,CEPH,55.05,55.16,53.95,54.41,41181
20091007,CF,87.16,88.28,86.79,87.47,7047
20091007,CHK,27.65,28.05,27.08,27.59,117706
20091007,CHRW,56.87,57.86,56.31,57.51,15259
20091007,CI,28.4,29.92,28.4,29.56,55027
20091007,CIEN,13.43,13.62,12.92,13.44,133677
20091007,CINF,25.76,25.94,25.67,25.89,7641
20091007,CL,77.66,77.83,77.27,77.76,15290
20091007,CLX,56.91,57.33,56.68,57.32,10196
20091007,CMA,29.52,30.52,29.52,30.42,19742
20091007,CMCSA,15.37,15.56,15.24,15.53,184600
20091007,CME,286.56,290.22,281.6101,289.67,11278
20091007,CMI,44.66,45.45,44.38,45.36,23810
20091007,CMS,13.31,13.38,13.23,13.3,19479
20091007,CNP,12.39,12.47,12.31,12.35,29380
20091007,CNX,47.66,48.42,46.32,47.5,35273
20091007,COF,35.76,37.05,35.66,36.94,78245
20091007,COG,35.97,36.45,35.3,35.78,10640
20091007,COH,32.7,33.52,32.21,33.44,51925
20091007,COL,49.91,50.15,49.73,49.9,7896
20091007,COP,48.09,49.75,48,49.7,246226
20091007,COST,59.72,60.3,58.86,59,111172
20091007,CPB,32.21,32.58,32.11,32.28,19795
20091007,CPWR,7.14,7.32,7.12,7.3,29098
20091007,CRM,58.56,59.4,57.64,58.44,12220
20091007,CSC,51.84,52.03,51.2,51.56,6301
20091007,CSCO,23.5,23.78,23.41,23.61,432600
20091007,CSX,42.39,42.92,42.06,42.8,35731
20091007,CTAS,29.4,29.62,29.19,29.33,10416
20091007,CTL,33.63,33.66,32.7,32.96,19967
20091007,CTSH,39.02,39.68,38.64,39.61,42329
20091007,CTXS,39.86,39.89,39.11,39.57,36384
20091007,CVG,10.45,10.6,10.25,10.38,24483
20091007,CVH,19.24,19.72,19.2,19.62,16526
20091007,CVS,34.67,35.78,34.53,35.63,145727
20091007,CVX,70.31,70.69,69.49,70.51,69350
20091007,D,33.87,34.1,33.53,34.09,21100
20091007,DD,31.8,32.15,31.61,31.78,47509
20091007,DE,43.04,43.39,42.15,42.63,42921
20091007,DELL,15.42,15.56,15.17,15.36,209682
20091007,DF,18.48,18.68,18.47,18.65,33162
20091007,DFS,16.62,17.02,16.56,16.89,56310
20091007,DGX,52.79,53.42,52.68,53.34,9721
20091007,DHI,10.97,11.08,10.5,10.69,85038
20091007,DHR,65.4,65.71,65.005,65.34,17739
20091007,DIS,28.29,28.45,27.96,28.17,68613
20091007,DNB,74.44,74.58,74.05,74.44,2455
20091007,DNR,14.47,14.62,14.02,14.27,47287
20091007,DO,96.71,98.179,96.27,98.05,13809
20091007,DOV,37.89,37.99,37.49,37.87,8590
20091007,DOW,24.89,25.11,24.65,25.05,84346
20091007,DPS,28.54,29.35,28.54,29.22,32388
20091007,DRI,33.2,33.43,32.7,32.89,29056
20091007,DTE,34.46,34.79,34.33,34.78,6884
20091007,DTV,27.4,27.5303,27.17,27.53,69476
20091007,DUK,15.63,15.73,15.48,15.68,60941
20091007,DV,53.81,54.36,53.61,54.09,5432
20091007,DVA,56.67,57.23,56.17,56.69,8242
20091007,DVN,66.44,66.93,65.48,66.5,30857
20091007,DYN,2.38,2.46,2.32,2.42,128989
20091007,EBAY,23.9,24.37,23.7,24.35,164441
20091007,ECL,45.82,45.95,45.22,45.49,12683
20091007,ED,40.96,40.96,40.61,40.94,9977
20091007,EFX,28.18,28.25,27.96,28,8698
20091007,EIX,33.4,33.4089,33.05,33.31,14799
20091007,EK,4.58,4.64,4.46,4.51,57576
20091007,EL,37.66,38.59,37.62,38.56,23621
20091007,EMC,17.4,17.53,17.32,17.47,198268
20091007,EMN,52.75,53.06,52,52.5,3941
20091007,EMR,39.07,39.36,38.58,38.75,41589
20091007,EOG,84.43,85,82.88,84.71,26847
20091007,EP,10.05,10.19,10.01,10.16,50391
20091007,EQR,28.83,29.32,28.52,29.03,27962
20091007,EQT,42.68,42.82,42.06,42.43,8430
20091007,ERTS,19.26,20.14,19.255,20,93036
20091007,ESRX,77.38,79.27,77.35,78.31,15534
20091007,ESV,43.22,43.5,42.5,43.28,22064
20091007,ETFC,1.71,1.74,1.66,1.69,1718234
20091007,ETN,55.3,55.88,54.9,55.88,14751
20091007,ETR,78.74,79.27,78.54,78.94,8367
20091007,EXC,48.81,49.16,48.22,48.58,26925
20091007,EXPD,32.87,32.99,32.55,32.75,36616
20091007,EXPE,24.05,24.2,23.8,24.17,44801
20091007,F,7.11,7.14,7.001,7.13,338689
20091007,FAST,37.61,37.81,37.32,37.56,7174
20091007,FCX,69.75,72.85,69.5,72.78,160905
20091007,FDO,29.53,29.69,28.08,28.21,132123
20091007,FDX,75.02,76.33,74.48,76.21,24611
20091007,FE,45.89,45.89,45.07,45.25,23210
20091007,FHN,12.78,12.795,12.56,12.76,30021
20091007,FII,25.66,25.95,25.61,25.87,11117
20091007,FIS,24.23,24.48,23.93,24.13,37881
20091007,FISV,47.53,48.34,47.49,48.23,12843
20091007,FITB,9.78,10.16,9.7,10.15,147409
20091007,FLIR,27.44,27.6,26.975,27.31,15329
20091007,FLR,47.06,49.2,46.95,48.78,77239
20091007,FLS,100.81,101.44,98.72,99.69,6531
20091007,FO,42.06,42.15,41.29,41.73,3934
20091007,FPL,53.75,53.86,52.78,52.89,37840
20091007,FRX,29.26,29.57,29.17,29.53,18166
20091007,FTI,53.21,53.93,52.6605,53.93,13222
20091007,FTR,7.61,7.64,7.36,7.44,29608
20091007,GAS,36.32,36.71,36.17,36.64,4483
20091007,GCI,12.81,13.1,12.59,13,65438
20091007,GD,65.63,65.86,64.85,65.51,25133
20091007,GE,16.03,16.32,15.91,16.16,609114
20091007,GENZ,56.54,56.832,56.07,56.23,17616
20091007,GILD,45.4,45.74,45.07,45.31,49317
20091007,GIS,64.63,64.71,64.24,64.65,17985
20091007,GLW,15.49,15.79,15.35,15.38,123101
20091007,GME,26.34,26.63,26.1,26.24,40081
20091007,GNW,11.96,12.27,11.8,12.1,124526
20091007,GOOG,498.97,518.99,497.81,517.54,48776
20091007,GPC,37.37,37.47,36.64,37.29,7142
20091007,GPS,22.2,22.28,21.51,21.7,106322
20091007,GR,53.93,54,53.04,53.33,16187
20091007,GS,186.51,190.58,186,190.48,105870
20091007,GT,16.32,16.595,16.12,16.35,27451
20091007,GWW,88.2,88.5,87.71,88.28,5397
20091007,HAL,26.85,28.08,26.835,28.02,167020
20091007,HAR,33.91,34.6,33.7,33.87,8257
20091007,HAS,27.68,27.82,27.37,27.48,15912
20091007,HBAN,4.48,4.61,4.47,4.58,228207
20091007,HCBK,13.05,13.16,12.95,13.14,38815
20091007,HCN,42.09,42.56,41.87,42.53,13492
20091007,HCP,27.81,28.08,27.5,27.89,18962
20091007,HD,26.27,26.4206,26.07,26.14,134556
20091007,HES,55.14,55.85,54.06,55.01,56426
20091007,HIG,27.88,28.7,27.82,28.62,94656
20091007,HNZ,39.55,39.65,39.35,39.5,15676
20091007,HOG,22.09,22.57,21.98,22.52,29766
20091007,HON,36.64,36.82,36.22,36.31,44999
20091007,HOT,32.61,33.03,32.13,32.89,26722
20091007,HPQ,46.79,46.87,46.26,46.56,109239
20091007,HRB,18.37,18.85,18.14,18.82,46349
20091007,HRL,35.15,35.41,35.04,35.35,5283
20091007,HRS,37.38,37.62,36.93,37.12,11231
20091007,HSP,43.91,44.22,43.7701,44.22,5030
20091007,HST,11.44,11.61,11.23,11.52,78457
20091007,HSY,39.56,39.56,39.06,39.38,9120
20091007,HUM,37.24,38.39,37.08,37.9,20472
20091007,IBM,121.12,122.85,120.94,122.78,59676
20091007,ICE,95.28,95.54,93.03,94.09,11571
20091007,IFF,37.47,37.78,37.1,37.73,2661
20091007,IGT,20.68,21.03,20.61,20.69,22539
20091007,INTC,19.62,19.87,19.47,19.75,495263
20091007,INTU,28.29,28.37,27.82,27.96,43002
20091007,IP,22.1,22.22,21.68,21.83,40142
20091007,IPG,7.14,7.15,6.8,6.88,67688
20091007,IRM,26.72,26.85,26.48,26.53,12031
20091007,ISRG,253.96,255.3,252.21,255.25,3684
20091007,ITT,49.86,49.89,49.18,49.53,7934
20091007,ITW,43.31,44.19,43.05,44.17,53001
20091007,IVZ,23.4,23.59,22.93,23.59,33659
20091007,JAVA,8.88,9.03,8.81,8.95,242107
20091007,JBL,13.82,13.97,13.64,13.92,43895
20091007,JCI,25.11,26.18,25.01,26.18,169335
20091007,JCP,34.76,35.38,34.55,34.91,57490
20091007,JDSU,6.78,6.95,6.71,6.9,25402
20091007,JEC,44.3,44.81,43.565,44.17,17150
20091007,JNJ,60.165,60.77,59.96,60.71,72714
20091007,JNPR,26.93,27.05,26.4,26.529,46344
20091007,JNS,13.78,14.26,13.76,14.26,24978
20091007,JPM,44.6,45.82,44.46,45.7,361486
20091007,JWN,31.99,32.55,31.67,32.28,43222
20091007,K,49.21,49.46,49.124,49.37,10994
20091007,KBH,15.42,15.43,14.84,15.19,61208
20091007,KEY,6.23,6.35,6.08,6.28,101839
20091007,KFT,26.1,26.19,25.99,26.05,77731
20091007,KG,10.4,10.45,10.18,10.26,25754
20091007,KIM,12.17,12.36,11.87,12.2,58668
20091007,KLAC,35.25,35.33,34.61,35.23,38225
20091007,KMB,58.85,58.91,58.22,58.68,22496
20091007,KO,54.86,55.28,54.32,54.81,103806
20091007,KR,21.27,21.59,21.2,21.56,76931
20091007,KSS,58.37,58.71,57.69,58.54,43827
20091007,L,34.69,34.91,34.42,34.8,13996
20091007,LEG,18.72,18.72,18.46,18.57,11802
20091007,LEN,13.69,13.7,13.16,13.18,63236
20091007,LH,65.88,66.65,65.71,66.25,8951
20091007,LIFE,46.86,47.24,46.7,47.23,15975
20091007,LLL,78.4,78.53,77.51,77.94,7510
20091007,LLTC,27.08,27.16,26.79,27.08,27965
20091007,LLY,33,33.12,32.85,33.12,54581
20091007,LM,30.63,31.504,30.39,30.9,14481
20091007,LMT,76.01,76.01,73.5899,74.03,56520
20091007,LNC,26.33,26.95,26.04,26.82,38185
20091007,LO,76.85,76.99,76.1,76.25,17393
20091007,LOW,20.59,20.73,20.15,20.2,151452
20091007,LSI,5.53,5.62,5.48,5.58,61889
20091007,LTD,17.86,18.24,17.74,17.83,50010
20091007,LUK,23.9,24.14,23.52,23.83,7374
20091007,LUV,9.26,9.32,9.12,9.2,68827
20091007,LXK,21.27,21.86,21.23,21.83,17732
20091007,M,18.63,18.92,18.33,18.59,95952
20091007,MA,201.12,211.5,200.82,210.9,32573
20091007,MAR,26.93,27.32,26.66,26.95,53573
20091007,MAS,12.62,12.68,12.39,12.55,39905
20091007,MAT,18.05,18.26,17.782,17.99,19080
20091007,MBI,6.29,6.35,6.12,6.22,65733
20091007,MCD,57.23,57.56,56.72,57.14,72847
20091007,MCHP,25.38,25.67,25.23,25.55,31310
20091007,MCK,58.11,59.48,58.03,59.3,28673
20091007,MCO,20.54,20.84,20.47,20.84,43308
20091007,MDP,29.21,29.44,28.8,29,2169
20091007,MDT,36.11,36.88,35.75,36.84,72812
20091007,MEE,29.7,30.64,29.6,30.57,41491
20091007,MET,37.61,37.76,37.16,37.41,52104
20091007,MFE,43.67,44.2,43.54,44.16,11468
20091007,MHP,25.99,26.16,25.71,26.14,36767
20091007,MHS,54.31,54.94,54.24,54.54,22078
20091007,MI,7.69,7.82,7.5,7.76,56043
20091007,MIL,70.55,70.73,70.01,70.53,2548
20091007,MKC,33.56,33.67,33.4,33.54,3897
20091007,MMC,24.05,24.28,23.88,24.26,38070
20091007,MMM,73.54,73.85,72.73,73.14,31675
20091007,MO,17.78,17.86,17.66,17.73,134155
20091007,MOLX,20.32,20.68,20.28,20.63,11549
20091007,MON,75.5,76.47,73.85,74.33,123757
20091007,MOT,8.53,8.78,8.48,8.61,380408
20091007,MRK,32.39,32.48,31.94,32.19,115887
20091007,MRO,31.85,32.23,31.45,31.97,45975
20091007,MS,30.53,31.175,30.52,31.16,107271
20091007,MSFT,24.97,25.18,24.88,25.1,384738
20091007,MTB,61.95,62.61,61.35,62.46,6277
20091007,MTW,9.58,9.73,9.43,9.64,45042
20091007,MU,7.85,8.25,7.83,8.22,219864
20091007,MUR,58.63,59.4,58.08,59.38,17913
20091007,MWV,23.24,23.39,22.92,23.06,13019
20091007,MWW,17.33,17.46,16.95,17.1,15069
20091007,MYL,16.1,16.75,15.98,16.69,158121
20091007,NBL,67.32,68.02,66.91,67.83,13605
20091007,NBR,20.41,20.94,20.3,20.89,41505
20091007,NDAQ,20.22,20.37,20,20.21,19434
20091007,NEM,46.74,46.9,45.63,46.58,81825
20091007,NI,13.64,13.75,13.59,13.75,24537
20091007,NKE,62.94,63.725,62.8,63.42,21906
20091007,NOC,50.84,51,50.23,50.43,20555
20091007,NOV,43.45,44.18,43.2,43.94,56001
20091007,NOVL,4.45,4.53,4.37,4.5,34038
20091007,NSC,44.45,44.9,44.01,44.41,24898
20091007,NSM,13.53,13.66,13.23,13.29,56655
20091007,NTAP,26.77,26.96,25.97,26.44,92966
20091007,NTRS,57.33,58.47,57.16,58.2,14804
20091007,NU,23.24,23.26,23.045,23.19,10056
20091007,NUE,45.14,45.89,44.75,45.29,32140
20091007,NVDA,13.94,14.06,13.75,13.9,114901
20091007,NVLS,20.43,20.47,20.1,20.39,29945
20091007,NWL,15.1,15.11,14.62,14.79,96906
20091007,NWSA,11.69,11.86,11.57,11.76,141758
20091007,NYT,8.19,8.22,7.92,8.03,17398
20091007,NYX,27.83,28.74,27.7,28.71,30995
20091007,ODP,6.8,6.97,6.7,6.9,77074
20091007,OI,36.98,37.54,36.836,37.45,13792
20091007,OMC,36.35,36.62,36.1411,36.44,15301
20091007,ORCL,20.5,20.95,20.47,20.57,417540
20091007,ORLY,35.95,36,34.45,34.81,71925
20091007,OXY,77.3,78.02,76.33,77.43,39912
20091007,PAYX,28.45,28.68,28.38,28.64,21359
20091007,PBCT,15.22,15.5,15.15,15.5,38182
20091007,PBG,37.28,37.49,37.14,37.41,7666
20091007,PBI,24.86,24.94,24.61,24.74,12115
20091007,PCAR,36.33,36.8,35.95,36.36,22159
20091007,PCG,40.01,40.92,40.01,40.85,21248
20091007,PCL,29.8,30.07,29.5,30.05,16682
20091007,PCP,100.86,101.2,99.94,100.63,8290
20091007,PCS,8.5,8.63,8.33,8.45,46930
20091007,PDCO,26.47,26.83,26.41,26.68,7061
20091007,PEG,31.08,31.17,30.79,31.13,20858
20091007,PEP,60.85,61.38,60.45,61.17,64418
20091007,PFE,16.74,16.84,16.64,16.69,419964
20091007,PFG,27.14,27.58,26.86,27.4,26613
20091007,PG,57.01,57.08,56.76,56.95,76088
20091007,PGN,37.54,37.69,37.16,37.27,24944
20091007,PGR,16.5,16.57,16.3,16.43,29059
20091007,PH,51.42,51.7,50.72,51,13881
20091007,PHM,10.55,10.55,9.94,10.06,90948
20091007,PKI,19.25,19.45,19.13,19.43,6882
20091007,PLD,11.14,11.29,10.88,11.15,80216
20091007,PLL,31.68,31.93,31.63,31.81,7571
20091007,PM,49.8,49.86,49.4,49.59,96839
20091007,PNC,45.6,46.38,45.15,45.73,56668
20091007,PNW,32.64,32.67,32.26,32.62,5622
20091007,POM,14.78,14.93,14.64,14.89,26657
20091007,PPG,58.03,58.32,57.45,57.87,6798
20091007,PPL,29.68,29.89,29.49,29.64,21462
20091007,PRU,49.88,50.61,49.19,50.44,30651
20091007,PSA,72,72.72,71.54,72.47,9314
20091007,PTV,26.66,27,26.5,26.76,17153
20091007,PWR,22.06,22.28,21.87,22.08,15519
20091007,PX,80.63,81.5,80.45,80.73,16031
20091007,PXD,37.33,37.76,36.73,37.75,21315
20091007,Q,3.8,3.83,3.68,3.77,193519
20091007,QCOM,42.42,42.66,42.02,42.18,153306
20091007,QLGC,17.47,17.84,17.4,17.83,47834
20091007,R,37.78,38.37,37.55,37.99,6023
20091007,RAI,46.52,46.68,46.27,46.48,14543
20091007,RDC,23.5,24,23.37,23.96,27096
20091007,RF,5.86,6.01,5.77,6,207062
20091007,RHI,25.09,25.21,24.86,25.11,12657
20091007,RHT,27.96,27.96,27.47,27.91,13190
20091007,RL,74.58,75.98,74.37,75.25,7492
20091007,ROK,41.78,41.78,40.91,41.26,17442
20091007,RRC,50.55,50.72,49.55,50.35,16937
20091007,RRD,21.05,21.3,20.75,21.3,17905
20091007,RSG,26.14,26.32,25.95,26.31,22775
20091007,RSH,16.11,16.35,16,16.04,22642
20091007,RTN,46.47,46.5,45.45,45.78,36763
20091007,RX,14.82,14.84,14.61,14.81,14816
20091007,S,3.8,3.81,3.71,3.73,410810
20091007,SBUX,20.44,20.6,20.18,20.4,69970
20091007,SCG,34.67,34.68,34.43,34.64,4817
20091007,SCHW,19.04,19.23,18.9499,19.2,65360
20091007,SE,19.15,19.28,18.95,19.21,25657
20091007,SEE,19.08,19.38,18.99,19.38,7803
20091007,SGP,28.66,28.66,28.34,28.56,96978
20091007,SHLD,66.66,68.2,66.03,67.27,7796
20091007,SHW,59.9,60.14,59.37,59.56,8234
20091007,SIAL,53.38,53.94,53.2,53.47,7345
20091007,SII,28.4,29.45,28.35,29.33,43530
20091007,SJM,54.12,54.2,53.9375,54.12,4159
20091007,SLB,59.44,61.28,59.32,61.02,104170
20091007,SLE,10.98,11.0706,10.96,11.06,55049
20091007,SLM,8.58,8.91,8.52,8.88,37888
20091007,SNA,34.7,34.96,34.6,34.82,5752
20091007,SNDK,21.25,21.71,21.105,21.29,44518
20091007,SNI,37.25,38.055,37.18,37.71,6873
20091007,SO,32.06,32.06,31.66,31.83,30786
20091007,SPG,67.88,68.39,67.11,68.07,22355
20091007,SPLS,22.93,23.11,22.72,23.11,53961
20091007,SRCL,48.14,48.49,47.72,48.03,5976
20091007,SRE,50.92,51.02,50.51,50.97,9890
20091007,STI,22.07,22.5,21.8,22.32,45522
20091007,STJ,33.71,33.96,32.925,33.01,128153
20091007,STR,37.42,37.77,37.25,37.64,7974
20091007,STT,52.43,53.4,52.43,53.23,31192
20091007,STZ,16.21,16.26,15.82,16.06,36182
20091007,SUN,27.12,28.64,27.12,28.49,44219
20091007,SVU,14.72,14.96,14.58,14.92,25065
20091007,SWK,42.72,42.77,41.99,42.33,5681
20091007,SWN,43.05,43.33,42.15,42.97,27255
20091007,SWY,20.25,20.57,20.2,20.56,39711
20091007,SYK,44.18,44.73,44.02,44.61,19293
20091007,SYMC,16.31,16.57,16.3,16.56,100403
20091007,SYY,24.63,24.72,24.39,24.42,41321
20091007,T,26.85,26.85,26.15,26.18,403635
20091007,TAP,49.44,49.86,48.76,49.75,13506
20091007,TDC,27.22,27.61,27.05,27.61,7607
20091007,TE,14.02,14.22,13.89,14.14,19422
20091007,TEG,35.76,36.02,35.65,35.85,2599
20091007,TER,9.57,9.66,9.46,9.62,52133
20091007,TGT,47.97,48.66,47.85,48.51,73116
20091007,THC,5.65,5.77,5.64,5.67,38568
20091007,TIE,9.68,9.83,9.55,9.8,19751
20091007,TIF,40.24,40.77,39.65,40.02,19801
20091007,TJX,38.56,38.64,37.83,38.07,31655
20091007,TLAB,6.97,7.05,6.93,6.99,90580
20091007,TMK,44.21,44.6,43.88,44.33,6548
20091007,TMO,45.25,45.75,44.82,45.75,25377
20091007,TROW,44.71,44.95,44.18,44.49,19762
20091007,TRV,49.39,49.48,48.79,48.93,52017
20091007,TSN,12.57,12.62,12.38,12.41,21221
20091007,TSO,14.51,14.97,14.36,14.66,51664
20091007,TSS,15.92,16,15.7218,16,12667
20091007,TWC,43.61,43.61,41.84,41.99,20564
20091007,TWX,30.28,30.46,29.74,30.05,64195
20091007,TXN,22.99,23.11,22.67,22.82,140129
20091007,TXT,18.69,18.87,18.44,18.7,25149
20091007,UNH,24.42,25.34,24.4,25.05,120816
20091007,UNM,21.48,21.65,21.18,21.65,25891
20091007,UNP,58.57,59.07,58.22,58.64,23391
20091007,UPS,55.5,55.8,55.15,55.63,23495
20091007,USB,21.87,22.27,21.8,22.18,119510
20091007,UTX,60.86,61.46,60.86,61.07,23753
20091007,VAR,39.46,39.81,38.96,39.14,18125
20091007,VFC,71.57,72.71,71.42,72.63,6037
20091007,VIA,30.2,31.05,30.05,30.28,735
20091007,VLO,19.02,19.66,19,19.31,78910
20091007,VMC,51.72,52.06,50.77,51.23,5449
20091007,VNO,61.41,62.15,60.72,61.71,17565
20091007,VRSN,23.21,23.9,23.13,23.86,27954
20091007,VTR,37.47,38.01,37.25,37.91,13718
20091007,VZ,29.77,29.81,29.22,29.38,241499
20091007,WAG,38.23,39.3,38.18,39.12,85786
20091007,WAT,56.21,56.65,55.85,56.61,6505
20091007,WDC,36.75,36.89,36.09,36.22,31694
20091007,WEC,44.36,44.56,44.15,44.56,2938
20091007,WFC,28.49,29.3,28.36,29.26,418240
20091007,WFMI,30.93,31.15,30.62,31.05,15918
20091007,WFR,16.04,16.2,15.8,15.96,25639
20091007,WHR,67.45,68.38,66.69,68.14,9449
20091007,WIN,10.2,10.23,10.05,10.18,39194
20091007,WLP,46.58,48.15,46.28,47.66,48352
20091007,WM,28.63,28.89,28.28,28.39,30421
20091007,WMB,18.36,18.46,18.14,18.46,49199
20091007,WMT,49.53,49.7,49.32,49.49,116229
20091007,WPI,36.36,36.72,36.04,36.72,5958
20091007,WPO,460.92,463.98,457.16,460.8,183
20091007,WU,18.64,18.82,18.47,18.66,44028
20091007,WY,35.54,35.75,34.65,34.88,20476
20091007,WYE,48.6,48.99,48.57,48.87,113690
20091007,WYN,17.26,17.95,17.1,17.47,74634
20091007,WYNN,67.71,69.44,66.45,67.35,37077
20091007,X,42.84,43.29,41.92,42.59,96929
20091007,XEL,19.22,19.44,19.14,19.4,26892
20091007,XL,17.6,17.83,17.22,17.5,56905
20091007,XLNX,23.05,23.1301,22.61,22.76,45911
20091007,XOM,68.48,68.93,67.96,68.67,153049
20091007,XRAY,34.5,34.89,34.46,34.87,5968
20091007,XRX,7.29,7.33,7.19,7.25,343996
20091007,XTO,40.97,41.51,40.09,40.82,53678
20091007,YHOO,17.24,17.49,17.15,17.49,124638
20091007,YUM,34.79,35.11,33.86,34.37,156401
20091007,ZION,17.25,17.58,16.98,17.34,31871
20091007,ZMH,51.24,51.71,51.2,51.6,22857
