20100622,A,32.41,32.92,31.99,32.02,20420
20100622,AA,11.76,11.8,11.25,11.29,318267
20100622,AAPL,272.24,275.97,271.5,273.85,256164
20100622,ABC,32.5,32.65,31.9,31.96,33832
20100622,ABT,48.32,48.705,47.95,47.99,59419
20100622,ADBE,33.77,33.77,32.68,32.7625,95935
20100622,ADI,30.34,30.66,29.49,29.58,31940
20100622,ADM,27.14,27.14,26.59,26.65,60625
20100622,ADP,41.75,42.16,41.11,41.14,39361
20100622,ADSK,29.01,29.46,28.39,28.43,26375
20100622,AEE,25.29,25.4,24.59,24.64,17510
20100622,AEP,33.83,33.98,33.22,33.3,33648
20100622,AES,10.55,10.59,10.14,10.17,71574
20100622,AET,29.88,30.19,29.16,29.2,51260
20100622,AFL,44.61,45.15,43.7,43.77,44189
20100622,AGN,61.72,62.18,60.43,60.54,19906
20100622,AIG,38.57,39.14,38.13,38.27,39192
20100622,AIV,21.87,21.99,20.76,20.78,23223
20100622,AIZ,37.09,37.42,36.6,36.68,16406
20100622,AKAM,45.82,46.25,44.28,44.35,45903
20100622,AKS,14.42,14.52,13.83,13.87,68469
20100622,ALL,30.26,31.04,30.2,30.55,67844
20100622,ALTR,25.89,26.15,25.38,25.44,56133
20100622,AMAT,13.32,13.5,13.01,13.06,162892
20100622,AMD,8.81,9.02,8.54,8.58,238775
20100622,AMGN,56.54,57.2,56.04,56.12,58197
20100622,AMP,39.74,40.28,39.05,39.11,17664
20100622,AMT,45.15,45.46,44.29,44.37,36239
20100622,AMZN,122.64,125.23,121.55,122.307,62073
20100622,AN,20.67,21.05,19.95,20.21,38578
20100622,ANF,34.61,35.05,33.03,33.15,38117
20100622,AON,39.62,39.84,39.07,39.1,12485
20100622,APA,95.85,96.03,93.01,93.33,39843
20100622,APC,42.59,43.5,41.15,41.7,167945
20100622,APD,71.3,72,70.18,70.22,10086
20100622,APH,42.59,42.92,41.79,41.86,7912
20100622,APOL,47.89,48.02,46.49,46.55,36140
20100622,ARG,63,63.65,62.75,62.75,4542
20100622,ATI,52.25,53.09,50.16,50.4,17365
20100622,AVB,103.4,103.79,99.4,99.67,11229
20100622,AVP,28.74,29.32,28.66,28.71,42368
20100622,AVY,34.64,35.1,33.96,34.04,12510
20100622,AXP,42.64,42.92,41.84,41.94,98947
20100622,AYE,21.98,21.98,21.15,21.2,21496
20100622,AZO,194.7,196.65,192.63,192.85,5343
20100622,BA,67.97,68.47,66.15,66.28,41881
20100622,BAC,15.775,15.905,15.56,15.58,1082356
20100622,BAX,42.39,42.6,41.64,41.66,48327
20100622,BBBY,41.34,41.69,40.155,40.29,56874
20100622,BBT,29.35,29.62,29.01,29.06,59309
20100622,BBY,37.02,37.54,36.52,36.61,58954
20100622,BCR,81.19,82.53,80.57,80.62,7618
20100622,BDX,71.48,72.56,71.15,71.16,15074
20100622,BEN,93.58,94.74,92.59,92.66,18885
20100622,BF.B,59.82,60.44,59.69,59.74,4091
20100622,BHI,44.26,44.34,41.86,42.15,72041
20100622,BIG,33.12,33.57,31.27,31.56,61651
20100622,BIIB,49.73,50.55,49.46,49.54,24609
20100622,BK,26.41,26.74,26.24,26.25,87509
20100622,BLL,55.68,56.0999,54.83,54.88,9904
20100622,BMC,37.5,37.98,36.73,36.84,22056
20100622,BMS,29.17,29.31,28.57,28.59,6230
20100622,BMY,25.41,25.78,25.38,25.44,109180
20100622,BRCM,35.85,36.27,35.58,35.66,118424
20100622,BRK.B,79.54,80.32,79.11,79.53,90604
20100622,BSX,6.13,6.25,6.02,6.02,128434
20100622,BTU,42.34,42.53,40.76,40.89,45861
20100622,BXP,79.72,79.77,76.27,76.36,17581
20100622,C,4,4.03,3.94,3.94,4877246
20100622,CA,20.12,20.24,19.65,19.71,43451
20100622,CAG,24.99,25.18,24.65,24.69,35335
20100622,CAH,35.56,35.74,34.82,34.88,34434
20100622,CAM,37.25,37.34,35.65,35.77,47500
20100622,CAT,66.3,66.48,63.88,64.11,86601
20100622,CB,52.78,53.4,52.31,52.38,21769
20100622,CBG,15.4,15.56,14.86,14.93,44543
20100622,CBS,14.8,14.99,14.305,14.37,70001
20100622,CCE,26.92,27.06,26.54,26.65,46911
20100622,CCL,33.69,34.29,33.12,33.19,126471
20100622,CEG,36.38,36.44,34.79,34.95,26425
20100622,CELG,55.17,56.05,54.52,54.61,32862
20100622,CEPH,59.83,60.24,59.07,59.17,13904
20100622,CERN,79.73,80.46,77.64,77.77,8145
20100622,CF,64.18,66.1,64.18,64.46,20118
20100622,CFN,24.59,24.8025,23.9,23.97,19835
20100622,CHK,24.48,24.55,23.5,23.66,161399
20100622,CHRW,59.25,59.38,57.3805,57.59,11503
20100622,CI,35.13,35.41,34.11,34.21,41853
20100622,CINF,27.89,27.93,27.49,27.54,15199
20100622,CL,81.17,81.95,80.84,80.94,27230
20100622,CLF,58.17,59.02,55.8,55.88,47530
20100622,CLX,64.98,65.44,64.41,64.42,9199
20100622,CMA,39.12,39.27,38.25,38.31,19884
20100622,CMCSA,18.41,18.66,18.23,18.24,269050
20100622,CME,308.03,314.05,303.52,304.07,7530
20100622,CMI,75.01,75.57,72.01,72.21,30504
20100622,CMS,15.5,15.55,15.11,15.13,17726
20100622,CNP,13.98,14.04,13.62,13.64,41858
20100622,CNX,39.28,39.37,36.95,37.2,44272
20100622,COF,43.38,44.78,43.02,43.65,72453
20100622,COG,35.79,36.05,32.99,33.18,49371
20100622,COH,42.15,42.85,40.62,40.71,47254
20100622,COL,58.3,59,57.31,57.41,9154
20100622,COP,55.7,56.19,54.25,54.46,113065
20100622,COST,57.87,58.31,57.54,57.61,27163
20100622,CPB,37.07,37.24,36.56,36.63,20185
20100622,CPWR,8.62,8.75,8.41,8.42,23040
20100622,CRM,94.9,95.81,91.33,91.9,33323
20100622,CSC,50.28,50.66,49.31,49.41,9443
20100622,CSCO,23.32,23.65,22.92,22.97,421481
20100622,CSX,56.14,56.3,53.17,53.48,42456
20100622,CTAS,25.88,26.01,25.25,25.31,9967
20100622,CTL,35.07,35.09,34.59,34.6,21761
20100622,CTSH,53.46,53.73,52.18,52.38,33710
20100622,CTXS,46.4,46.85,45.42,45.52,27681
20100622,CVH,20.2,20.39,19.69,19.73,15515
20100622,CVS,31.4,31.84,31.35,31.4,119258
20100622,CVX,75.45,75.72,73.88,74,105765
20100622,D,41.95,41.99,40.7,40.86,37102
20100622,DD,38.39,38.52,37.41,37.45,65071
20100622,DE,60.38,60.75,58.92,59.1,39654
20100622,DELL,14,14.2,13.76,13.8025,201894
20100622,DF,10.62,10.75,10.6,10.63,30635
20100622,DFS,14.05,14.27,13.81,13.84,54070
20100622,DGX,53.12,53.41,52.09,52.14,13977
20100622,DHI,10.52,10.67,10.16,10.22,81665
20100622,DHR,40.47,40.83,39.6,39.65,36367
20100622,DIS,35.12,35.4595,34.29,34.35,97319
20100622,DISCA,39.46,39.82,38.58,38.7,41818
20100622,DNB,72.86,73.33,71.67,71.76,4598
20100622,DNR,17.07,17.28,16.39,16.51,38988
20100622,DO,64.59,68.65,62.36,62.85,74480
20100622,DOV,46.45,46.53,44.38,44.49,26715
20100622,DOW,26.93,27.28,26.16,26.24,79809
20100622,DPS,38.16,38.38,37.36,37.42,46968
20100622,DRI,42.8,43.72,42.34,42.39,26493
20100622,DTE,48.11,48.19,46.85,47.01,8798
20100622,DTV,37.44,37.79,36.27,36.56,184750
20100622,DUK,16.57,16.6,16.28,16.32,67439
20100622,DV,56.45,56.82,55.15,55.47,13709
20100622,DVA,64.92,65.03,63.45,63.61,6574
20100622,DVN,68.79,69.27,67,67.17,40851
20100622,EBAY,21.99,22.1,21.53,21.56,102051
20100622,ECL,46.85,47.59,46.6,46.62,24683
20100622,ED,44.69,44.81,43.71,43.81,17572
20100622,EFX,29.9,30.125,29.5,29.54,8068
20100622,EIX,34.21,34.2197,33.29,33.4,15242
20100622,EK,5.15,5.24,4.98,4.98,48731
20100622,EL,58.92,59.68,57.62,57.76,14195
20100622,EMC,19.28,19.48,18.985,19.05,217006
20100622,EMN,62.36,62.91,60.84,60.91,7020
20100622,EMR,47.57,48.07,46.31,46.39,37654
20100622,EOG,110.61,111.35,105.813,106.45,30018
20100622,EP,12.64,12.68,12.1,12.15,76043
20100622,EQR,45.74,45.79,43.8,43.85,35350
20100622,EQT,40.41,40.51,38.52,38.75,23550
20100622,ERTS,15.72,15.84,15.285,15.32,53348
20100622,ESRX,51.97,52.05,50.06,50.2,55386
20100622,ETFCD,14.06,14.2,13.72,13.75,19884
20100622,ETN,74.32,74.85,71.39,71.58,15030
20100622,ETR,76.01,76.63,74.45,74.74,28756
20100622,EXC,40.75,40.97,39.62,39.75,54014
20100622,EXPD,38.57,38.878,37.13,37.23,12241
20100622,EXPE,20.54,21.01,20.37,20.43,63918
20100622,F,11.52,11.6,11.18,11.215,735089
20100622,FAST,54.96,55.11,52.64,52.82,13288
20100622,FCX,68.26,68.3,65.01,65.19,134666
20100622,FDO,38.94,39.35,38.37,38.45,23251
20100622,FDX,78.52,78.96,75.88,76.2,46660
20100622,FE,37.85,37.88,36.35,36.41,45400
20100622,FHN,12.03,12.2,11.96,11.99,27403
20100622,FII,22.01,22.13,21.68,21.69,11654
20100622,FIS,27.83,28.04,27.25,27.27,31866
20100622,FISV,48.59,49.07,47.72,47.82,8362
20100622,FITB,13.52,13.925,13.48,13.51,101901
20100622,FLIR,28.93,29.25,28.53,28.59,11020
20100622,FLR,46.29,46.92,45.28,45.42,13199
20100622,FLS,95.03,95.46,91.03,91.22,8744
20100622,FMC,62.55,63.47,61.65,61.67,6184
20100622,FO,44.6,45.01,43.27,43.58,18105
20100622,FPL,51.86,51.89,50.54,50.71,19805
20100622,FRX,27.14,27.64,27.04,27.13,34674
20100622,FSLR,122.67,124.5,119.7,119.84,17791
20100622,FTI,56.08,56.08,53.44,53.51,33853
20100622,FTR,7.9,7.9,7.65,7.69,77695
20100622,GAS,42.85,43.15,41.86,41.97,3401
20100622,GCI,16.56,16.79,16.33,16.34,40362
20100622,GD,67.11,67.35,65.31,65.45,18258
20100622,GE,16.09,16.17,15.77,15.79,649826
20100622,GENZ,53.3,54.49,52.9,53.38,42002
20100622,GILD,36.26,36.79,35.84,35.91,103331
20100622,GIS,37.97,38.14,37.66,37.71,51654
20100622,GLW,18.43,18.48,18.06,18.13,166727
20100622,GME,18.86,19.2,18.74,18.83,48032
20100622,GNW,15.175,15.22,14.61,14.63,81237
20100622,GOOG,489.71,496.6,485.73,486.25,22199
20100622,GPC,41.69,42,40.62,40.69,5969
20100622,GPS,20.97,21.31,20.37,20.44,73978
20100622,GR,71.49,72,70.07,70.21,12862
20100622,GS,137.54,137.75,134.59,134.79,90088
20100622,GT,12.29,12.58,11.98,12.07,31222
20100622,GWW,107.74,108.14,104.62,104.89,6348
20100622,HAL,26.99,27.3,25.87,25.99,186211
20100622,HAR,35.1,35.5,33.71,33.78,8920
20100622,HAS,42.36,42.67,41.17,41.27,26570
20100622,HBAN,6.06,6.12,5.95,5.9625,149878
20100622,HCBK,13.26,13.28,13.02,13.07,89468
20100622,HCN,43.05,43.18,42.01,42.09,19362
20100622,HCP,32.55,32.77,31.82,32.05,59986
20100622,HD,31.46,31.6,30.525,30.61,229022
20100622,HES,55.84,56.06,54.34,54.51,43279
20100622,HIG,24.81,25.16,24.43,24.5,61728
20100622,HNZ,45.48,45.82,45.13,45.17,21496
20100622,HOG,26.48,26.5,24.91,25.06,45595
20100622,HON,43.11,43.28,42.12,42.2,47537
20100622,HOT,48.06,48.4,46.11,46.25,23558
20100622,HP,41.81,42,40.13,40.31,18734
20100622,HPQ,47.52,48,46.7,46.77,132488
20100622,HRB,15.75,15.76,15.26,15.27,36559
20100622,HRL,41.86,42.23,41.57,41.6,3055
20100622,HRS,48.05,48.56,47.05,47.13,9123
20100622,HSP,56.58,57.08,55.26,55.42,25941
20100622,HST,15.43,15.51,14.88,14.89,125349
20100622,HSY,49.33,49.905,49.12,49.16,13092
20100622,HUM,49.22,49.59,48.34,48.41,15805
20100622,IBM,130.37,131.47,129.07,129.3,60306
20100622,ICE,121.75,123.41,119.19,119.41,6668
20100622,IFF,46.17,46.61,45.51,45.53,4724
20100622,IGT,18.08,18.25,17.62,17.68,41376
20100622,INTC,21.14,21.33,20.86,20.98,588310
20100622,INTU,37.12,37.81,36.69,36.77,31828
20100622,IP,26.26,26.57,24.26,24.35,110304
20100622,IPG,8.29,8.39,8.16,8.16,54292
20100622,IRM,24.05,24.39,23.65,23.73,18518
20100622,ISRG,352.98,356.89,343.77,345.09,5556
20100622,ITT,48.28,48.68,47.42,47.5,14498
20100622,ITW,46.27,46.4,44.46,44.55,35411
20100622,IVZ,19.23,19.45,18.83,18.85,32439
20100622,JBL,13.75,13.96,13.31,13.59,74461
20100622,JCI,28.8,29.18,28.12,28.15,43969
20100622,JCP,25.4,25.9,24.56,24.66,77460
20100622,JDSU,11.46,11.68,11.32,11.36,43960
20100622,JEC,41.67,42.2,40.51,40.63,7580
20100622,JNJ,59.25,60.09,59.12,59.16,138240
20100622,JNPR,25.02,25.18,24.43,24.43,64293
20100622,JNS,10.21,10.3,9.99,10.03,29151
20100622,JPM,38.93,39.58,38.22,38.33,422533
20100622,JWN,37.86,38.68,36.83,36.89,39636
20100622,K,53.78,54.47,53.44,53.48,23594
20100622,KEY,8.43,8.44,8.16,8.17,88582
20100622,KFT,29.84,29.97,29.34,29.36,154724
20100622,KG,8.15,8.295,8.04,8.11,37613
20100622,KIM,15.15,15.34,14.64,14.65,69027
20100622,KLAC,31.62,32,30.62,30.78,48551
20100622,KMB,62.69,63.15,62.31,62.37,25119
20100622,KO,52.46,53.08,52.43,52.46,104024
20100622,KR,19.85,20.32,19.85,20.18,115896
20100622,KSS,51.81,52.46,50.57,50.66,40966
20100622,L,33.84,34.155,33.72,33.76,46460
20100622,LEG,22.53,22.78,21.92,21.98,18181
20100622,LEN,14.55,14.85,14.125,14.2,60919
20100622,LH,80.43,80.85,78.86,78.95,7404
20100622,LIFE,51.53,52.5,51.01,51.12,17810
20100622,LLL,80.32,81.26,78.67,78.8,12387
20100622,LLTC,29.25,29.4,28.44,28.56,36557
20100622,LLY,34.66,34.98,34.42,34.45,52563
20100622,LM,32.53,32.8,31.23,31.28,27198
20100622,LMT,79.96,81.14,79.77,79.86,18941
20100622,LNC,27.62,27.9,27.27,27.41,65931
20100622,LO,75.51,75.82,73.96,74.23,16366
20100622,LOW,22.665,22.73,21.73,21.76,202842
20100622,LSI,5.21,5.29,5.08,5.13,75471
20100622,LTD,24.23,24.65,23.11,23.19,83782
20100622,LUK,21.43,21.69,21.03,21.05,7246
20100622,LUV,12.19,12.32,11.85,11.87,60351
20100622,LXK,38.33,38.83,37.53,37.55,19336
20100622,M,20.8,21.15,20,20.06,110878
20100622,MA,223.34,226.98,220.58,220.94,22197
20100622,MAR,35.13,35.375,33.92,34.07,50775
20100622,MAS,12.28,12.39,11.9,11.96,43519
20100622,MAT,22.62,22.84,21.87,22.03,68275
20100622,MCD,70.01,70.37,68.55,68.64,54887
20100622,MCHP,29.44,29.815,28.9,28.96,18564
20100622,MCK,69.73,70.13,68.33,68.45,24873
20100622,MCO,21.35,21.39,20.7,20.73,29244
20100622,MDP,34.94,35.155,33.96,34.06,6032
20100622,MDT,38.65,38.98,38.05,38.08,50116
20100622,MEE,32.29,32.36,31.06,31.13,30044
20100622,MET,41.25,41.78,40.5,40.56,40867
20100622,MFE,32.85,33.1,32.06,32.09,12733
20100622,MHP,30.08,30.3,29.6,29.72,21589
20100622,MHS,58.61,59.01,57.59,57.69,53123
20100622,MI,7.66,7.75,7.38,7.4,75762
20100622,MIL,106.64,106.67,106.57,106.57,8971
20100622,MJN,53.52,54.16,52.83,52.95,15838
20100622,MKC,39.85,40.05,39.54,39.55,8783
20100622,MMC,23.14,23.24,22.87,22.95,39860
20100622,MMM,81.71,81.87,79.88,80.03,31174
20100622,MO,20.05,20.15,19.78,19.85,125033
20100622,MOLX,20.63,20.8,20.09,20.14,11873
20100622,MON,50.01,50.8,49.52,49.58,45081
20100622,MOT,7.15,7.32,7.13,7.2,213739
20100622,MRK,35.19,35.7225,35.07,35.13,163998
20100622,MRO,33.84,34.18,33.05,33.11,68152
20100622,MS,25.61,25.92,25.15,25.18,161852
20100622,MSFT,26.17,26.45,25.76,25.77,559863
20100622,MTB,94.28,96.15,93.03,93.71,18362
20100622,MU,9.93,10.12,9.6,9.6425,269299
20100622,MUR,55.68,55.68,53.72,53.78,15589
20100622,MWV,24.28,24.49,23.405,23.48,13357
20100622,MWW,13.12,13.215,12.58,12.65,17164
20100622,MYL,18.12,18.3913,17.97,18.07,61158
20100622,NBL,65.24,65.3,62.77,63.06,18252
20100622,NBR,21.05,21.22,20.1,20.29,75207
20100622,NDAQ,18.99,19.16,18.66,18.67,20780
20100622,NEM,59.6,60.39,59.41,59.52,63335
20100622,NI,15.53,15.57,15.04,15.08,24218
20100622,NKE,74.44,75,72.17,72.46,25970
20100622,NOC,61.1,61.67,60.12,60.25,18620
20100622,NOV,36.95,37.25,35.615,35.86,92438
20100622,NOVL,6.01,6.1,5.96,5.99,24027
20100622,NRG,23.41,23.47,22.27,22.4,44602
20100622,NSC,59.86,60.01,57.23,57.47,33636
20100622,NSM,14.62,14.85,14.37,14.44,66670
20100622,NTAP,40.55,40.9,39.63,39.77,50989
20100622,NTRS,49.49,49.73,48.55,48.61,19976
20100622,NU,26.7,26.74,26.02,26.06,12641
20100622,NUE,41.75,42.06,40.99,41.08,47512
20100622,NVDA,12.2,12.31,11.5,11.56,204540
20100622,NVLS,28.12,28.58,27.56,27.67,19600
20100622,NWL,16.44,16.6,15.92,15.97,53205
20100622,NWSA,13.89,13.98,13.43,13.49,202966
20100622,NYT,10.16,10.27,10,10.04,13403
20100622,NYX,29.56,29.815,28.98,29.04,16692
20100622,ODP,5.03,5.1525,4.78,4.83,84247
20100622,OI,30.39,30.5394,29.12,29.16,12382
20100622,OKE,47.14,47.22,45.35,45.48,7520
20100622,OMC,37.78,38.09,36.7,36.74,24077
20100622,ORCL,23.25,23.49,22.88,22.89,191078
20100622,ORLY,49.66,50.43,48.94,49.07,10664
20100622,OXY,86.03,86.35,83.39,83.66,52111
20100622,PAYX,28.27,28.38,27.69,27.73,39022
20100622,PBCT,14.65,14.67,14.16,14.2,72297
20100622,PBI,23.07,23.24,22.7,22.72,17870
20100622,PCAR,44.62,44.98,42.88,43.02,30715
20100622,PCG,43.09,43.09,42.16,42.28,22274
20100622,PCL,37.04,37.31,36.53,36.57,24605
20100622,PCLN,189.64,194.71,188.58,188.95,12007
20100622,PCP,115.09,115.7,111.84,111.98,14148
20100622,PCS,9.13,9.14,8.7,8.77,61700
20100622,PDCO,30.72,30.94,30.21,30.23,6720
20100622,PEG,33.05,33.36,32.075,32.19,55551
20100622,PEP,64.03,64.25,63.18,63.3,59790
20100622,PFE,15.155,15.24,14.97,14.97,438489
20100622,PFG,26.1,26.37,25.62,25.68,22668
20100622,PG,61.06,61.65,60.69,60.72,132303
20100622,PGN,40.2,40.29,39.53,39.64,21933
20100622,PGR,19.75,19.95,19.45,19.5,53870
20100622,PH,60.98,61.2125,58.43,58.53,30647
20100622,PHM,9.12,9.26,8.82,8.86,138077
20100622,PKI,22.96,23.08,22.46,22.53,14326
20100622,PLD,11.65,11.69,11.06,11.11,100990
20100622,PLL,37.17,37.51,36.41,36.5,10731
20100622,PM,45.81,46.005,44.95,44.99,82485
20100622,PNC,62.01,62.11,60.52,60.63,36649
20100622,PNW,37.54,37.56,36.59,36.71,7572
20100622,POM,16.41,16.49,16.09,16.14,17761
20100622,PPG,66.96,67.27,65.5,65.54,13486
20100622,PPL,25.28,25.35,24.24,24.24,171841
20100622,PRU,58.98,59.15,57.6,57.7,36951
20100622,PSA,92.86,93.69,91.66,91.84,21479
20100622,PTV,29.05,29.25,28.5,28.51,13286
20100622,PWR,22.57,22.85,22.08,22.12,18350
20100622,PX,81.76,82.44,80.53,80.55,17759
20100622,PXD,70.49,70.575,66.38,66.97,38136
20100622,Q,5.42,5.44,5.34,5.37,146064
20100622,QCOM,35.77,36.36,35.55,35.57,162881
20100622,QLGC,18.03,18.315,17.54,17.74,19710
20100622,R,44.17,44.56,42.15,42.34,5160
20100622,RAI,52.98,53.39,52.24,52.26,16076
20100622,RDC,25.18,25.5,24.22,24.42,34552
20100622,RF,7.21,7.21,7,7,167388
20100622,RHI,25.06,25.41,24.61,24.66,23905
20100622,RHT,31.71,31.88,30.81,30.86,37924
20100622,RL,79.95,80.998,77.93,78.18,21873
20100622,ROK,53.95,54.4535,52.07,52.21,8345
20100622,ROP,60.43,60.97,58.97,59.05,4112
20100622,ROST,56.49,57.17,55.12,55.27,15794
20100622,RRC,48.12,48.38,45.06,45.52,60796
20100622,RRD,18.13,18.22,17.66,17.71,20430
20100622,RSG,31.38,31.48,30.56,30.6,22708
20100622,RSH,21.68,22.04,21.3,21.35,26009
20100622,RTN,52.94,53.47,52.07,52.18,16499
20100622,S,4.52,4.5206,4.28,4.32,633502
20100622,SAI,17.69,17.78,17.47,17.48,28411
20100622,SBUX,28.03,28.48,27.15,27.23,103166
20100622,SCG,37.62,37.64,36.68,36.8,7377
20100622,SCHW,15.28,15.36,14.87,14.89,142980
20100622,SE,21.72,21.75,21.11,21.23,36935
20100622,SEE,21.41,21.5,20.9,20.93,6141
20100622,SHLD,74.9,76.39,73.13,73.61,13032
20100622,SHW,76.59,76.78,74.64,74.76,13600
20100622,SIAL,53.56,54.29,52.98,53.05,7774
20100622,SII,41.06,41.23,39.55,39.62,67036
20100622,SJM,61.88,62.47,61.72,61.82,10152
20100622,SLB,60.33,60.56,58.19,58.26,150554
20100622,SLE,14.67,15.08,14.67,14.84,143926
20100622,SLM,12.03,12.15,11.61,11.93,55743
20100622,SNA,43.7,44.03,42.45,42.5,3246
20100622,SNDK,48.54,49.4,47,47.08,108083
20100622,SNI,44.97,45.29,43.86,43.9,6788
20100622,SO,33.9,34.06,33.51,33.54,49215
20100622,SPG,89.2,89.32,85.51,85.59,32764
20100622,SPLS,21.49,21.93,20.88,20.9,138879
20100622,SRCL,65.64,66.3,64.68,64.8,10818
20100622,SRE,49.2,49.43,47.75,47.82,23593
20100622,STI,25.9,25.93,25.19,25.24,64681
20100622,STJ,37.56,37.62,36.74,36.78,26234
20100622,STR,48.9,49.05,47.41,47.56,15160
20100622,STT,37.26,37.48,36.34,36.41,46243
20100622,STZ,16.42,16.54,16.2,16.23,18515
20100622,SUN,34.76,35.29,34.34,34.54,35012
20100622,SVU,12.34,12.78,12.32,12.66,45524
20100622,SWK,54.78,55.49,52.23,52.27,36164
20100622,SWN,43.62,43.77,41.76,42.06,51867
20100622,SWY,20.3,20.65,20.23,20.3,71704
20100622,SYK,51.73,52.1,50.93,50.94,18796
20100622,SYMC,14.9,15.11,14.65,14.68,81184
20100622,SYY,30.87,30.99,30.61,30.67,46170
20100622,T,25.43,25.6,25.29,25.36,257876
20100622,TAP,43.98,44.7,43.98,44.13,10368
20100622,TDC,33.77,34.14,33.4,33.43,19064
20100622,TE,16.25,16.28,15.73,15.78,12540
20100622,TEG,46.64,46.66,45.27,45.43,4876
20100622,TER,11.67,11.86,11.29,11.33,46794
20100622,TGT,52.92,53.6,51.9,52.28,94401
20100622,THC,4.74,4.83,4.68,4.7,85307
20100622,TIE,20.43,20.6,19.655,19.68,36845
20100622,TIF,44.06,44.44,42.11,42.17,24431
20100622,TJX,45.13,45.67,44.44,44.48,37757
20100622,TLAB,6.91,6.97,6.66,6.69,76762
20100622,TMK,52.69,52.98,51.2,51.29,10129
20100622,TMO,53.8,53.89,52.33,52.41,22717
20100622,TROW,48.73,49.42,47.77,47.83,22418
20100622,TRV,51.4,51.84,50.99,51.01,38833
20100622,TSN,18.09,18.25,17.655,17.7,54535
20100622,TSO,12.14,12.32,12.04,12.07,49837
20100622,TSS,14.66,14.85,14.4,14.45,11562
20100622,TWC,55.01,55.95,53.97,54.18,22022
20100622,TWX,32.54,32.86,31.51,31.55,114647
20100622,TXN,25.34,25.58,24.69,24.75,119284
20100622,TXT,20.16,20.24,19.24,19.35,30431
20100622,UNH,31.11,31.34,30.58,30.64,65781
20100622,UNM,23.39,23.68,22.93,22.96,26149
20100622,UNP,76.76,76.87,73.63,73.83,41284
20100622,UPS,62.1,62.29,60.11,60.4,64830
20100622,URBN,35.88,35.99,34.59,34.7,26130
20100622,USB,23.75,24,23.47,23.55,142089
20100622,UTX,69.3,69.67,67.85,67.99,41980
20100622,V,80.99,81,78.63,78.76,117179
20100622,VAR,54.27,54.96,53.1,53.22,15579
20100622,VFC,78.95,79.57,76.26,76.37,8650
20100622,VIA.B,35.56,36.04,35.11,35.22,46565
20100622,VLO,18.08,18.26,17.7,17.8,68124
20100622,VMC,48.68,48.97,46.7,46.84,13921
20100622,VNO,79.83,80.47,77.21,77.39,21118
20100622,VRSN,28.97,29.37,28.16,28.26,88989
20100622,VTR,49.42,49.65,47.91,48.01,21202
20100622,VZ,29.11,29.38,29.01,29.06,148357
20100622,WAG,28.91,28.94,28.07,28.17,279619
20100622,WAT,71.68,72.24,71,71.09,12258
20100622,WDC,34.05,34.64,33.22,33.28,50654
20100622,WEC,51.37,51.42,50.26,50.33,5999
20100622,WFC,28.03,28.33,27.43,27.46,336973
20100622,WFMI,39.52,39.99,38.805,38.91,17039
20100622,WFR,11.79,11.87,11.25,11.26,37285
20100622,WHR,103.77,104.1875,97.33,97.94,15042
20100622,WIN,11.44,11.47,11.3,11.32,36204
20100622,WLP,55.16,55.56,53.615,53.72,51361
20100622,WM,33.51,33.78,32.9975,33.04,22161
20100622,WMB,21.19,21.32,20.19,20.27,82710
20100622,WMT,51.07,51.47,50.6,50.68,136592
20100622,WPI,43.11,43.74,42.99,43.18,11536
20100622,WPO,457,457.475,443.84,444.43,353
20100622,WU,16,16.08,15.76,15.78,47891
20100622,WY,39.44,39.84,37.95,38.06,22280
20100622,WYN,23.88,24.025,22.8,22.84,18563
20100622,WYNN,87.43,88,84.33,84.45,21695
20100622,X,45.5,45.52,43.39,43.59,114652
20100622,XEL,21.16,21.28,20.805,20.86,23341
20100622,XL,17.75,18,17.49,17.5,42788
20100622,XLNX,26.37,26.75,25.92,26.02,49941
20100622,XOM,63.13,63.2,61.79,61.94,261480
20100622,XRAY,31.53,31.9,31.2,31.26,7929
20100622,XRX,9.36,9.44,9.11,9.13,126276
20100622,XTO,44.67,44.81,43.8,43.83,71076
20100622,YHOO,15.26,15.51,15.07,15.09,224199
20100622,YUM,43.15,43.15,41.92,41.99,58464
20100622,ZION,23.91,24.3,23.61,23.63,36134
20100622,ZMH,55.11,55.4298,54.53,54.58,17350
