20100405,A,34.59,34.84,34.54,34.82,26694
20100405,AA,14.57,14.8,14.49,14.73,312994
20100405,AAPL,234.99,238.51,234.77,238.49,244466
20100405,ABC,28.63,29.02,28.53,28.92,23396
20100405,ABT,52.99,53.25,52.7,52.93,53405
20100405,ADBE,35.71,36.07,35.66,35.99,52670
20100405,ADI,28.89,29.57,28.89,29.45,26086
20100405,ADM,29.26,29.26,28.32,28.46,73851
20100405,ADP,44.15,44.69,44.12,44.39,32487
20100405,ADSK,29.2,30.36,29.2,30.18,35828
20100405,AEE,26.55,26.55,26.35,26.48,17808
20100405,AEP,34.64,34.65,34.27,34.31,37791
20100405,AES,11.37,11.63,11.27,11.6,113659
20100405,AET,35.09,35.53,35,35.17,30831
20100405,AFL,55.08,55.52,54.9,55.52,20807
20100405,AGN,65.34,65.53,65.08,65.17,14181
20100405,AIG,34.43,35.45,33.9,35.06,162812
20100405,AIV,18.71,19.44,18.59,19.43,17339
20100405,AIZ,34.97,35.63,34.87,35.63,10015
20100405,AKAM,31.45,32.59,31.44,32.45,30798
20100405,AKS,23.32,24.25,23.1,24.2,104983
20100405,ALL,32.77,32.77,32.42,32.63,22854
20100405,ALTR,24.43,25.21,24.35,25.08,53626
20100405,AMAT,13.42,13.61,13.37,13.52,293320
20100405,AMD,9.47,9.54,9.42,9.53,104713
20100405,AMGN,60.6,60.89,60.27,60.42,36797
20100405,AMP,46.27,46.6,45.82,46.24,28759
20100405,AMT,42.77,43.44,42.69,43.32,25818
20100405,AMZN,132.8,133.74,130.78,131.49,58174
20100405,AN,18.2,18.53,17.99,18.04,25884
20100405,ANF,46.785,48.15,46.78,48.11,34128
20100405,AON,42.99,43,42.81,42.93,5968
20100405,APA,104.23,106.55,103.55,106.21,34751
20100405,APC,74.82,74.9484,74.13,74.74,41125
20100405,APD,73.99,74.33,73.36,74.17,13218
20100405,APH,42.52,43.08,42.52,42.97,10777
20100405,APOL,61.61,62.64,61.45,62.56,22966
20100405,ARG,63.56,63.99,63.25,63.92,8489
20100405,ATI,55.29,56.29,54.83,56.23,17268
20100405,AVB,86.19,89.07,85.93,88.98,10995
20100405,AVP,34.24,34.38,33.75,33.9,23958
20100405,AVY,36.58,36.61,36.33,36.55,6621
20100405,AXP,41.83,42.68,41.74,42.67,78570
20100405,AYE,23.07,23.1525,23,23.07,26255
20100405,AZO,174.59,174.99,172.9,173.53,4031
20100405,BA,72.99,73.05,70.95,72.04,93264
20100405,BAC,18.17,18.25,18.02,18.13,1079892
20100405,BAX,58.22,58.6,57.89,58.26,29193
20100405,BBBY,44.52,45.14,44.28,45.1,27261
20100405,BBT,32.6,32.92,32.41,32.92,48370
20100405,BBY,42.94,43.46,42.65,43.37,50649
20100405,BCR,84.5,85.13,84.12,84.2,6361
20100405,BDX,79.21,79.22,78.42,78.51,11687
20100405,BEN,114.3,114.91,113.42,114.47,9755
20100405,BF.B,60.09,60.44,60.01,60.16,3345
20100405,BHI,48.73,50,48.35,49.68,49684
20100405,BIG,36.88,37.28,36.74,37.28,13282
20100405,BIIB,57.56,57.96,57.13,57.53,11421
20100405,BJS,22.19,22.66,22,22.54,24420
20100405,BK,31.4,31.59,31.18,31.5,46752
20100405,BLL,54.44,54.54,54.14,54.42,3631
20100405,BMC,38.07,38.83,37.92,38.61,32102
20100405,BMS,29.73,30.16,29.7,30.09,5713
20100405,BMY,26.94,26.95,26.56,26.77,122809
20100405,BRCM,33.52,34.73,33.41,34.63,89646
20100405,BRK.B,81.92,81.95,81,81.16,36015
20100405,BSX,7.24,7.24,7.15,7.21,149386
20100405,BTU,46.36,46.49,45.67,46.02,80089
20100405,BXP,75.76,77.79,75.52,77.79,9714
20100405,C,4.27,4.28,4.23,4.26,3445332
20100405,CA,23.37,23.91,23.3,23.85,35937
20100405,CAG,25.32,25.38,25.11,25.22,38783
20100405,CAH,36.48,36.59,36.265,36.33,19813
20100405,CAM,44.68,45.64,44.51,45.5,24243
20100405,CAT,64.36,65,64.2,64.99,66961
20100405,CB,52.1,52.12,51.59,51.69,23110
20100405,CBG,16.65,16.76,16.25,16.48,55441
20100405,CBS,14.18,14.71,14.1,14.64,122904
20100405,CCE,27.82,28.32,27.82,28.26,46325
20100405,CCL,39.34,39.8,39.1901,39.39,28837
20100405,CEG,36.21,37.06,36.1,36.97,22488
20100405,CELG,62.14,62.67,61.75,62.03,24368
20100405,CEPH,67.97,68.22,67.2,67.39,12285
20100405,CF,91.71,93,91.225,91.95,8980
20100405,CFN,26.16,26.69,25.89,26.36,6936
20100405,CHK,24.44,24.7,24.17,24.58,109787
20100405,CHRW,55.84,56.16,55.44,55.66,10947
20100405,CI,37.33,37.61,36.97,37,26778
20100405,CINF,29.03,29.3,28.9605,29.27,6589
20100405,CL,85.99,86.15,85.39,85.62,19571
20100405,CLF,73.42,75,72.76,74.85,46506
20100405,CLX,64.49,64.49,63.66,63.97,12989
20100405,CMA,38.1,38.94,38.03,38.94,16097
20100405,CMCSA,18.79,18.98,18.68,18.82,132501
20100405,CME,320.43,323.9,315.45,317.12,6847
20100405,CMI,62.82,65.98,62.82,65.63,32738
20100405,CMS,15.68,15.85,15.59,15.84,20374
20100405,CNP,14.56,14.69,14.51,14.64,24025
20100405,CNX,44.03,45.33,44.03,45.27,70839
20100405,COF,41.86,43.21,41.62,43.15,56901
20100405,COG,38.03,38.98,37.77,38.85,12342
20100405,COH,40.24,40.7,39.92,40.54,26496
20100405,COL,62.94,63.19,62.58,62.76,5239
20100405,COP,52.36,53.31,52.02,53.28,93743
20100405,COST,60.32,60.87,60,60.82,21540
20100405,CPB,35.56,35.66,35.38,35.42,10093
20100405,CPWR,8.43,8.55,8.36,8.51,13737
20100405,CRM,75.91,76.95,75.88,76.85,8622
20100405,CSC,53.29,54.71,52.9,54.04,18962
20100405,CSCO,25.85,26.24,25.8,26.17,348061
20100405,CSX,52.58,53.148,51.75,52.61,30327
20100405,CTAS,28,28.37,27.92,28.14,9761
20100405,CTL,36,36.24,35.94,36.2,22336
20100405,CTSH,51.1,52.23,50.92,51.98,35333
20100405,CTXS,46.95,47.59,46.8,47.32,26299
20100405,CVH,24.85,24.9,24.55,24.65,5538
20100405,CVS,36.26,36.3,35.86,36.01,96945
20100405,CVX,76.95,77.75,76.73,77.66,81086
20100405,D,41.88,41.93,41.65,41.81,34711
20100405,DD,38.17,38.49,37.84,38.42,50155
20100405,DE,60.38,60.8,60.1001,60.64,35149
20100405,DELL,15.03,15.31,15,15.2,180900
20100405,DF,16.06,16.44,15.92,16.19,48925
20100405,DFS,15.32,15.725,15.32,15.58,59242
20100405,DGX,59.3,59.3,58.57,58.9,8118
20100405,DHI,12.62,12.79,12.46,12.59,43647
20100405,DHR,80.83,81,80.37,80.9,11667
20100405,DIS,35.28,35.545,35.07,35.22,106080
20100405,DISCA,33.75,34.14,33.6,34.11,19813
20100405,DNB,74.67,75.19,74.42,74.69,2277
20100405,DNR,17.66,18,17.56,17.88,62064
20100405,DO,92.62,92.62,91.3,92.22,16025
20100405,DOV,47.22,47.7,47.15,47.55,14249
20100405,DOW,30.28,31.09,30.25,30.99,82454
20100405,DPS,35.69,35.93,35.385,35.47,21684
20100405,DRI,44.5,45.51,44.5,45.51,14084
20100405,DTE,45.46,45.75,45.28,45.75,6775
20100405,DTV,34.3,35.01,34.3,34.69,97557
20100405,DUK,16.43,16.49,16.35,16.42,69747
20100405,DV,64.93,65.19,64.6078,64.8,5969
20100405,DVA,63.87,64.2381,63.65,63.98,6123
20100405,DVN,66.11,67.27,65.58,67.21,40881
20100405,EBAY,26.62,27.67,26.5,27.37,127908
20100405,ECL,44.43,44.71,44.29,44.56,13361
20100405,ED,45.04,45.12,44.85,45.04,9098
20100405,EFX,35.61,36.05,35.61,35.95,8929
20100405,EIX,34.37,34.46,34.185,34.39,11936
20100405,EK,6,6.88,5.99,6.78,365263
20100405,EL,65.68,65.98,64.61,64.75,15334
20100405,EMC,18.31,18.71,18.27,18.62,200646
20100405,EMN,65,66.52,64.83,66.21,9980
20100405,EMR,51,51.36,50.71,51.33,26660
20100405,EOG,96.16,98.13,95.6,97.77,32145
20100405,EP,11.34,11.5,11.23,11.48,49549
20100405,EQR,39.26,40.26,39.21,40.23,34861
20100405,EQT,42.1,43.28,42.1,43.28,18945
20100405,ERTS,18.95,19.16,18.88,19.1,28155
20100405,ESRX,102.75,102.99,102.02,102.4,8347
20100405,ETFC,1.67,1.69,1.66,1.69,234498
20100405,ETN,76.51,77.31,76.11,76.89,11978
20100405,ETR,82.34,82.34,80.08,81.61,27475
20100405,EXC,44.44,44.62,44.1,44.4,26307
20100405,EXPD,36.68,37.18,36.41,36.96,16334
20100405,EXPE,24.47,25.09,24.315,25.04,38974
20100405,F,12.89,12.92,12.76,12.77,889571
20100405,FAST,48.93,49.77,48.71,49.7,8512
20100405,FCX,86.84,87.87,85.93,87.33,109855
20100405,FDO,37.28,37.7,36.94,37.49,20481
20100405,FDX,92.12,92.63,91.66,92.46,20918
20100405,FE,39.49,39.61,39.28,39.52,23203
20100405,FHN,14.23,14.46,14.04,14.46,20737
20100405,FII,26.54,26.69,26.26,26.66,9840
20100405,FIS,23.72,23.86,23.66,23.82,11654
20100405,FISV,51.13,51.5,51.05,51.4,6397
20100405,FITB,13.63,13.97,13.6,13.95,76524
20100405,FLIR,28.09,28.47,28.02,28.27,20841
20100405,FLR,48.18,49.52,47.75,49.5,29466
20100405,FLS,113.7,114.81,113.25,114.72,6143
20100405,FMC,61.31,62.27,60.91,62.25,6477
20100405,FO,49.16,49.87,49.16,49.83,7138
20100405,FPL,48.9,49.01,48.58,48.97,23829
20100405,FRX,30.77,31.18,30.25,30.96,74483
20100405,FSLR,122.4,124,120.83,122.28,10956
20100405,FTI,66.54,68.11,66.32,68.03,9625
20100405,FTR,7.49,7.55,7.46,7.55,37794
20100405,GAS,42.4,42.49,42.16,42.47,6238
20100405,GCI,16.79,17.3,16.72,17.24,28073
20100405,GD,78.47,78.96,77.74,78.23,12991
20100405,GE,18.42,18.65,18.33,18.53,558843
20100405,GENZ,52.49,52.86,52.24,52.51,16872
20100405,GILD,45.95,46.19,45.41,45.84,63369
20100405,GIS,71.62,71.66,70.485,70.84,26800
20100405,GLW,20.49,20.75,20.42,20.66,83852
20100405,GME,22.46,22.66,22.35,22.64,32368
20100405,GNW,18.35,18.84,18.26,18.7,100817
20100405,GOOG,571.26,574.88,569,571.01,19020
20100405,GPC,42.67,43.12,42.56,43.05,5023
20100405,GPS,23.62,23.79,23.41,23.78,45404
20100405,GR,71.33,71.72,70.97,71.11,11170
20100405,GS,170.68,173.37,169.77,173.16,61375
20100405,GT,13.06,13.13,12.94,13.03,30510
20100405,GWW,109.97,112.87,109.615,112.19,5997
20100405,HAL,31.15,31.98,30.79,31.85,165718
20100405,HAR,47.57,49.01,47.26,48.89,7542
20100405,HAS,38.29,39.21,38.29,39.13,12822
20100405,HBAN,5.43,5.55,5.39,5.53,172592
20100405,HCBK,14.34,14.35,14.08,14.13,46309
20100405,HCN,45.25,45.65,45.1203,45.39,8665
20100405,HCP,33.05,33.325,32.96,33.28,31960
20100405,HD,32.35,32.74,32.16,32.66,113813
20100405,HES,64.27,64.61,64,64.28,34797
20100405,HIG,29.27,29.48,28.95,29.34,51248
20100405,HNZ,46.01,46.08,45.64,45.75,15993
20100405,HOG,28.82,31.66,28.64,31.37,103950
20100405,HON,45.28,45.64,45.0775,45.45,42043
20100405,HOT,47.69,48.91,47.58,48.02,43310
20100405,HP,39.31,39.96,38.99,39.9,15013
20100405,HPQ,53.28,53.95,53.19,53.87,98831
20100405,HRB,18.09,18.21,18.01,18.14,21373
20100405,HRL,42.3,42.37,41.73,41.93,3788
20100405,HRS,47.84,48.64,47.6748,48.59,6971
20100405,HSP,56.78,56.97,56.13,56.93,10460
20100405,HST,14.92,15.13,14.86,15.13,75255
20100405,HSY,43.17,43.43,43.04,43.24,8312
20100405,HUM,47.03,47.27,46.72,47.11,11688
20100405,IBM,128.38,129.8,128.14,129.35,41188
20100405,ICE,112.63,113.1399,110.04,110.39,11429
20100405,IFF,48.18,48.87,48.18,48.82,3452
20100405,IGT,18.65,19.59,18.55,19.47,75651
20100405,INTC,22.48,22.65,22.34,22.59,349481
20100405,INTU,34.52,34.92,34.425,34.88,15386
20100405,IP,25.37,25.57,25.2,25.5,58887
20100405,IPG,8.5,8.67,8.45,8.67,34382
20100405,IRM,27.53,27.55,27.21,27.3,11100
20100405,ISRG,352.75,353.99,344.5,345.8,4837
20100405,ITT,54.25,54.64,54.06,54.44,8682
20100405,ITW,47.74,48,47.45,47.88,31752
20100405,IVZ,22.23,22.23,21.97,22.15,29169
20100405,JBL,16.34,16.7,16.34,16.67,24683
20100405,JCI,33.55,33.55,32.68,33.1,46914
20100405,JCP,33.01,33.75,32.94,33.67,45603
20100405,JDSU,12.79,13.07,12.7505,13.01,78124
20100405,JEC,45.97,46.4,45.78,46.17,11687
20100405,JNJ,65.77,65.89,65.38,65.4,86175
20100405,JNPR,30.78,30.929,30.43,30.86,76863
20100405,JNS,14.78,15.03,14.74,14.98,18832
20100405,JPM,45.28,45.4,44.79,45.34,213479
20100405,JWN,41.54,42.88,41.33,42.76,19130
20100405,K,53.75,53.81,53.0275,53.14,19603
20100405,KEY,7.88,8.17,7.79,8.16,161633
20100405,KFT,30.51,30.53,30.16,30.21,100987
20100405,KG,11.88,12.05,11.68,11.76,45232
20100405,KIM,15.75,16.13,15.74,16.06,62184
20100405,KLAC,31.44,32.2,31.41,32.11,35749
20100405,KMB,62.85,62.88,62.085,62.26,23326
20100405,KO,55.5,55.56,54.65,54.86,95960
20100405,KR,21.89,22.05,21.78,22.03,53966
20100405,KSS,55.52,57.67,55.52,57.42,48621
20100405,L,37.96,38.46,37.83,38.44,18064
20100405,LEG,21.8,21.82,21.7,21.73,15896
20100405,LEN,17.36,17.73,17.18,17.56,53232
20100405,LH,77.46,77.5,76.82,76.89,7167
20100405,LIFE,52.96,53.07,52.58,52.67,11229
20100405,LLL,92.73,93.38,92.55,92.83,6268
20100405,LLTC,28.52,29.05,28.39,28.99,24684
20100405,LLY,36.35,36.97,36.2,36.55,81963
20100405,LM,30.7,31.59,30.54,31.55,29923
20100405,LMT,84,84.49,83.57,83.84,11516
20100405,LNC,31.6,32.3,31.46,32.29,40933
20100405,LO,76,77.03,75.75,76.9,14825
20100405,LOW,24.6,24.87,24.53,24.87,70543
20100405,LSI,6.18,6.29,6.15,6.27,64031
20100405,LTD,24.81,25.77,24.81,25.73,46192
20100405,LUK,25.44,25.75,25.2,25.56,6832
20100405,LUV,13.28,13.37,13.08,13.16,79818
20100405,LXK,36.44,36.81,36.36,36.81,12967
20100405,M,22.4,22.86,22.24,22.84,99101
20100405,MA,254.53,256.27,252.87,255.58,7456
20100405,MAR,32.1,32.76,32.1,32.44,36159
20100405,MAS,15.91,16.22,15.71,16.15,31736
20100405,MAT,22.76,23.525,22.66,23.52,39268
20100405,MCD,67.76,68.2,67.76,68.03,48755
20100405,MCHP,28.48,28.85,28.47,28.67,21517
20100405,MCK,66.71,66.95,66.21,66.61,16670
20100405,MCO,29.5,29.63,29.43,29.53,22266
20100405,MDP,34.86,35.4,34.86,35.12,1264
20100405,MDT,45.69,46,45.6,45.74,42930
20100405,MEE,53.75,54.8,53.17,54.69,57767
20100405,MET,44.21,45,44.176,44.95,45084
20100405,MFE,40.32,40.79,40.28,40.55,15097
20100405,MHP,35.6,35.93,35.51,35.61,11592
20100405,MHS,64.26,64.26,63.33,63.51,35661
20100405,MI,8.08,8.34,8.05,8.32,49711
20100405,MIL,105.7,105.9,105.7,105.77,5133
20100405,MJN,52.95,53,52.19,52.31,6273
20100405,MKC,38.63,38.65,38.05,38.14,5758
20100405,MMC,24.46,24.49,24.36,24.46,15508
20100405,MMM,84.22,84.48,83.58,84.19,26007
20100405,MO,20.89,20.97,20.84,20.92,90158
20100405,MOLX,21.08,21.46,21.02,21.44,8762
20100405,MON,70.94,71.03,70.37,70.44,78537
20100405,MOT,7.07,7.18,6.98,7.16,224585
20100405,MRK,37.94,37.97,37.325,37.39,104645
20100405,MRO,32.3,32.56,32.1,32.42,49121
20100405,MS,29.28,29.49,29.13,29.29,114296
20100405,MSFT,29.09,29.425,29.03,29.27,343382
20100405,MTB,79.91,81.83,79.41,81.61,7417
20100405,MU,10.35,10.64,10.25,10.6,524803
20100405,MUR,57.9,59.66,57.74,59.47,21124
20100405,MWV,26.29,26.47,26.14,26.39,6151
20100405,MWW,16.14,16.68,15.98,16.51,24784
20100405,MYL,23.07,23.63,23.01,23.25,68470
20100405,NBL,75.58,77.88,75.3,76.99,24624
20100405,NBR,20.03,20.7,20,20.64,58797
20100405,NDAQ,21.27,21.67,21.21,21.61,24054
20100405,NEM,53.37,53.98,52.86,53.81,55174
20100405,NI,16.17,16.33,16.17,16.29,16907
20100405,NKE,74.19,74.82,73.62,74.11,17704
20100405,NOC,66.45,66.69,66.19,66.42,13809
20100405,NOV,42.12,42.94,41.63,42.61,44442
20100405,NOVL,6.05,6.1,6,6.02,30362
20100405,NRG,21.55,21.81,21.46,21.65,42759
20100405,NSC,57.16,57.81,56.58,57.56,26021
20100405,NSM,14.51,14.67,14.43,14.65,45902
20100405,NTAP,34.26,34.91,34.19,34.77,50161
20100405,NTRS,56.85,57.18,56.34,57.17,15152
20100405,NU,28,28.115,27.94,28.04,7098
20100405,NUE,46.44,47.85,46.08,47.53,59074
20100405,NVDA,17.34,17.51,17.31,17.48,103408
20100405,NVLS,25.13,25.61,25.11,25.53,20928
20100405,NWL,15.63,15.92,15.62,15.86,28461
20100405,NWSA,14.62,15,14.495,14.79,127751
20100405,NYT,11.03,11.42,11.03,11.29,13236
20100405,NYX,30.02,30.78,29.85,30.76,31518
20100405,ODP,8.14,8.28,8.04,8.24,32945
20100405,OI,36.6,36.94,36.43,36.8,13872
20100405,OKE,46.84,47.5,46.83,47.45,6144
20100405,OMC,38.78,39.47,38.78,39.24,24978
20100405,ORCL,25.53,25.74,25.35,25.58,193902
20100405,ORLY,41.98,42.12,41.67,42.07,10912
20100405,OXY,87.01,88.74,86.81,88.41,46032
20100405,PAYX,30.84,31.2,30.71,31.08,26578
20100405,PBCT,15.81,15.81,15.54,15.61,55381
20100405,PBI,24.54,24.79,24.48,24.78,13686
20100405,PCAR,44.4,44.98,43.83,44.76,31376
20100405,PCG,42.73,43.09,42.66,42.96,14516
20100405,PCL,39.53,39.83,39.25,39.44,20903
20100405,PCLN,257.05,259.16,255.15,257.65,8113
20100405,PCP,127.4,128.42,126.62,127.26,9456
20100405,PCS,7.24,7.4,7.2,7.28,58567
20100405,PDCO,30.97,31.05,30.63,30.98,7463
20100405,PEG,30.25,30.87,30.23,30.82,33175
20100405,PEP,66.68,66.68,65.83,65.98,67326
20100405,PFE,17.14,17.14,16.85,16.9,687501
20100405,PFG,29.58,30.22,29.575,30.09,40411
20100405,PG,63.39,63.89,63.3,63.76,85797
20100405,PGN,39.89,40.08,39.75,40.08,13296
20100405,PGR,19.33,19.33,19.15,19.32,35266
20100405,PH,65.4,66.56,65.4,66.42,9709
20100405,PHM,11.33,11.6,11.2,11.44,64200
20100405,PKI,24.29,24.35,24.03,24.2,11918
20100405,PLD,13.54,13.9,13.5,13.89,49224
20100405,PLL,40.46,40.55,40.3,40.44,7752
20100405,PM,52.6,52.99,52.36,52.85,43911
20100405,PNC,60.5,61.7,60.34,61.66,30576
20100405,PNW,38.22,38.46,38.05,38.42,7600
20100405,POM,17.35,17.52,17.3,17.51,13410
20100405,PPG,66.63,67.12,66.18,66.92,6787
20100405,PPL,28.4,28.48,28.14,28.28,19165
20100405,PRU,61.65,63.16,61.45,63,38485
20100405,PSA,92.81,94.15,92.56,93.78,10506
20100405,PTV,25.7,25.79,25.54,25.7,16265
20100405,PWR,19.55,19.79,19.48,19.75,13351
20100405,PX,83.92,84.26,83.5,83.95,22072
20100405,PXD,59.63,61.44,59.36,61.4,22509
20100405,Q,5.22,5.28,5.18,5.25,173809
20100405,QCOM,42.66,43.01,42.39,42.53,146930
20100405,QLGC,20.23,20.77,20.11,20.72,32973
20100405,R,39.45,39.69,39.155,39.62,4741
20100405,RAI,55,55.09,54.63,54.76,8015
20100405,RDC,30.23,30.77,29.81,30.73,46510
20100405,RF,7.93,8.2,7.84,8.19,284922
20100405,RHI,30.73,31.28,30.41,31.18,11775
20100405,RHT,29.94,30.39,29.94,30.36,31860
20100405,RL,86.86,88.38,86.66,88.14,6241
20100405,ROK,56.87,57.72,56.6,57.32,6963
20100405,ROP,58.87,59.29,58.69,58.97,3738
20100405,ROST,53.85,55.13,53.69,54.97,22029
20100405,RRC,47.78,49.07,47.58,48.88,21290
20100405,RRD,21.66,21.95,21.5019,21.91,15938
20100405,RSG,29.32,29.5,29.18,29.39,14996
20100405,RSH,22.71,22.75,22.35,22.56,23982
20100405,RTN,57.18,57.67,57.11,57.55,17389
20100405,S,3.95,3.96,3.89,3.91,292250
20100405,SAI,17.49,17.55,17.36,17.42,44256
20100405,SBUX,24.16,24.78,24.11,24.61,78828
20100405,SCG,38.43,38.49,38.31,38.45,4733
20100405,SCHW,18.63,18.89,18.51,18.88,129329
20100405,SE,22.9,23.29,22.86,23.24,26490
20100405,SEE,21.45,21.71,21.34,21.7,6353
20100405,SHLD,108.99,109.91,107.4,108.45,7610
20100405,SHW,68.18,69.13,68.08,68.99,9537
20100405,SIAL,54.56,54.96,54.2,54.91,5004
20100405,SII,43.97,44.71,43.7,44.43,47585
20100405,SJM,60.5,60.5,60.18,60.39,5626
20100405,SLB,65.03,66.23,64.76,65.77,97347
20100405,SLE,14.15,14.27,14.13,14.21,50265
20100405,SLM,12.66,12.81,12.53,12.76,33115
20100405,SNA,43.81,44.54,43.63,44.42,2105
20100405,SNDK,35.01,36.11,34.95,35.99,77383
20100405,SNI,44.37,44.77,44.01,44.57,4147
20100405,SO,33.51,33.52,33.305,33.49,21267
20100405,SPG,84.98,86.21,84.38,86.14,14806
20100405,SPLS,23.65,24.07,23.58,24.05,76297
20100405,SRCL,54.76,55.17,54.68,55.08,3853
20100405,SRE,50.74,51.26,50.718,51.25,15746
20100405,STI,27.3,27.789,27.05,27.74,63262
20100405,STJ,41.56,41.83,41.29,41.51,18442
20100405,STR,44.66,45.29,44.4,45.13,8324
20100405,STT,46.22,46.43,45.86,46.35,40205
20100405,STZ,16.51,16.72,16.43,16.67,8231
20100405,SUN,30.89,31.8,30.78,31.63,32676
20100405,SVU,16.85,16.99,16.74,16.9,23779
20100405,SWK,58.26,59.25,58.2,59.23,13137
20100405,SWN,41.81,42.935,41.2603,42.74,55157
20100405,SWY,25.47,25.67,25.27,25.58,45347
20100405,SYK,57.74,58.2,57.51,57.85,9421
20100405,SYMC,16.8,16.88,16.72,16.83,113902
20100405,SYY,29.7,29.93,29.6,29.73,24813
20100405,T,26.3,26.36,26.13,26.31,239782
20100405,TAP,43.28,43.4,42.94,43.17,8721
20100405,TDC,29.32,29.42,29.2,29.3,12118
20100405,TE,16.08,16.24,16.08,16.24,10950
20100405,TEG,48.12,48.18,47.9,48.14,6231
20100405,TER,11.28,11.49,11.21,11.47,54125
20100405,TGT,53.29,53.96,52.67,53.76,42409
20100405,THC,5.92,6.05,5.88,5.93,97605
20100405,TIE,17.03,17.16,16.97,17.15,39248
20100405,TIF,48.28,49.17,47.99,49.12,12164
20100405,TJX,42.8,44.41,42.8,44.35,48375
20100405,TLAB,7.7,7.85,7.66,7.83,48287
20100405,TMK,54.28,54.69,54.11,54.64,3780
20100405,TMO,51.83,52.16,51.63,51.87,13443
20100405,TROW,55.93,55.96,55.5,55.86,17137
20100405,TRV,54.15,54.15,53.18,53.33,43619
20100405,TSN,19.48,19.53,19.16,19.2,75862
20100405,TSO,13.59,13.69,13.36,13.61,145638
20100405,TSS,15.83,16.04,15.81,16.03,8685
20100405,TWC,53.4,53.79,53.22,53.53,17903
20100405,TWX,31.37,31.92,31.23,31.9,69990
20100405,TXN,24.7,25.5,24.66,25.39,142257
20100405,TXT,21.54,21.61,21.16,21.33,49152
20100405,UNH,33.12,33.22,32.77,33.14,67284
20100405,UNM,25.21,25.45,25.19,25.34,26002
20100405,UNP,73.77,74.26,73.16,73.81,33492
20100405,UPS,64.42,64.62,64.01,64.18,38272
20100405,URBN,37.88,39,37.78,38.91,30442
20100405,USB,26.32,26.48,26.15,26.47,78658
20100405,UTX,74.32,74.95,74.22,74.85,45049
20100405,V,93.05,93.2,92.1,92.47,38410
20100405,VAR,56.55,56.77,55.78,56,13093
20100405,VFC,81.2,82.53,81.09,82.02,6657
20100405,VIA,37.45,37.88,36.94,37.72,619
20100405,VLO,20.14,20.66,19.96,20.63,101522
20100405,VMC,49.12,49.95,48.91,49.42,8435
20100405,VNO,76.19,78.38,76.04,78.37,15397
20100405,VRSN,26.47,27.0825,26.44,26.81,36699
20100405,VTR,47.68,48.24,47.48,48.15,14221
20100405,VZ,31.71,31.71,31.29,31.46,176822
20100405,WAG,37.69,37.95,37.43,37.83,68974
20100405,WAT,68.16,68.44,67.81,67.99,7276
20100405,WDC,39.34,40.77,39.2,40.63,46981
20100405,WEC,50.05,50.42,49.72,50.42,5531
20100405,WFC,31.48,31.75,31.26,31.51,308238
20100405,WFMI,36.97,37.74,36.91,37.69,13540
20100405,WFR,15.38,15.98,15.34,15.93,63157
20100405,WHR,88.14,90.99,88.14,90.74,10771
20100405,WIN,10.97,11.13,10.96,11.08,31728
20100405,WLP,65.11,65.57,64.7,65.34,29626
20100405,WM,34.72,34.8,34.5,34.68,12566
20100405,WMB,23.44,23.96,23.44,23.83,40157
20100405,WMT,55.7,55.73,55.22,55.49,107496
20100405,WPI,42.45,42.45,42.2,42.28,7162
20100405,WPO,466,495,460.15,483,1493
20100405,WU,17.13,17.46,17.08,17.37,66806
20100405,WY,45.73,46.59,45.6,46.12,11634
20100405,WYN,26.03,26.74,26.03,26.57,19030
20100405,WYNN,78.04,82.35,77.79,82.28,37570
20100405,X,66.81,69.01,66.15,68.96,147418
20100405,XEL,21.49,21.66,21.408,21.63,21385
20100405,XL,19.21,19.39,19.15,19.36,33908
20100405,XLNX,25.7,26.49,25.63,26.34,49361
20100405,XOM,67.84,68.36,67.72,68.19,209025
20100405,XRAY,34.48,34.85,34.42,34.59,4927
20100405,XRX,10,10.4,9.9,10.38,174081
20100405,XTO,47.65,48.03,47.57,47.92,78817
20100405,YHOO,16.36,16.56,16.3,16.51,92260
20100405,YUM,39.46,40.265,39.29,40.04,56971
20100405,ZION,22.5,23.26,22.24,23.21,65553
20100405,ZMH,60.09,60.26,59.35,59.5,11406
