20100319,A,33.53,33.66,33.13,33.42,42077
20100319,AA,14.43,14.54,14.07,14.26,446355
20100319,AAPL,225.16,225.24,221.23,222.2499,199801
20100319,ABC,28.68,29.11,28.27,28.68,54685
20100319,ABT,53.88,53.9,53.19,53.46,163286
20100319,ADBE,35.79,35.95,34.5,34.67,163511
20100319,ADI,30.23,30.38,29.64,29.75,48703
20100319,ADM,29.24,29.4,28.63,29.09,69607
20100319,ADP,45.1,45.22,44.1,44.6,42653
20100319,ADSK,29.44,29.64,28.93,29.11,38884
20100319,AEE,26.03,26.2,25.83,26.04,29121
20100319,AEP,34.79,34.88,34.26,34.52,39386
20100319,AES,11.65,11.81,11.4,11.46,97088
20100319,AET,33.93,34.94,33.31,34.46,143340
20100319,AFL,55.09,55.2,54.06,54.1,37236
20100319,AGN,63.84,64.86,63.57,64,24149
20100319,AIG,34.92,35.02,33.85,34.8,113267
20100319,AIV,18.28,18.31,17.91,17.95,31109
20100319,AIZ,33.36,33.53,33.03,33.2,12399
20100319,AKAM,32.08,32.08,31.32,31.39,42693
20100319,AKS,22.84,22.84,21.93,22.05,81991
20100319,ALL,31.43,31.49,31.07,31.26,53701
20100319,ALTR,25.35,25.45,24.63,24.66,116307
20100319,AMAT,12.71,12.71,12.37,12.49,247673
20100319,AMD,9.38,9.41,9.1,9.11,159379
20100319,AMGN,58.82,60.13,57.65,60,189067
20100319,AMP,45.06,45.22,44.06,44.18,25633
20100319,AMT,43.99,44.42,43.99,44.29,32883
20100319,AMZN,133.64,133.71,129.66,130.35,89062
20100319,AN,18.41,18.6,18.15,18.56,38508
20100319,ANF,44.74,44.98,43.87,43.91,23333
20100319,AON,42.36,42.68,42.34,42.65,32985
20100319,APA,103.82,104.46,100.63,101.68,37742
20100319,APC,71.59,71.59,69.22,69.99,56883
20100319,APD,74.9,75.24,74.12,74.44,23161
20100319,APH,44.31,44.56,43.43,43.49,20761
20100319,APOL,64.3,65.47,63.98,64.37,20021
20100319,ARG,64.42,64.42,63.66,63.9,13955
20100319,ATI,51.79,52.74,50.66,51.17,43929
20100319,AVB,88.49,88.92,87.5,87.97,13183
20100319,AVP,32.67,32.87,31.9,32.1,39119
20100319,AVY,34.95,35.24,34.62,35.03,24582
20100319,AXP,41.23,41.28,40.28,40.33,107292
20100319,AYE,23.46,23.6,23.242,23.44,13632
20100319,AZO,172.21,173.19,170.15,172.28,5510
20100319,BA,73.16,73.3,70.72,70.72,177224
20100319,BAC,17.16,17.23,16.74,16.82,1782187
20100319,BAX,58.95,59.32,58.75,59.25,43222
20100319,BBBY,44.38,44.5,43.54,43.89,44441
20100319,BBT,32.02,32.31,31.6,31.85,73863
20100319,BBY,41.79,41.8,40.8,40.99,141726
20100319,BCR,84.53,84.53,83.32,83.82,7383
20100319,BDX,79.67,79.67,78.71,79.1,13707
20100319,BEN,111.67,112.3,110.11,110.37,14535
20100319,BF.B,57.4,58.01,57.09,57.57,5681
20100319,BHI,49.2,49.25,47.11,47.53,101194
20100319,BIG,36.97,37,36.21,36.7,10329
20100319,BIIB,59.82,60.17,58.59,59.63,50252
20100319,BJS,22.31,22.45,21.47,21.56,56867
20100319,BK,30.84,31.07,30.55,30.64,77947
20100319,BLL,54.16,54.47,53.84,54.2,10536
20100319,BMC,39.24,39.8,39.02,39.35,26515
20100319,BMS,29.62,29.81,29.1,29.15,10007
20100319,BMY,26.13,26.25,25.86,26.01,149366
20100319,BRCM,34.09,34.25,33.34,33.6725,76792
20100319,BRK.B,82.78,82.98,81.8,82.06,97200
20100319,BSX,7.2,7.24,7.04,7.13,415292
20100319,BTU,48.3,48.72,46.5,47,70922
20100319,BXP,76.89,77.6,75.88,75.89,18959
20100319,C,4.03,4.05,3.9,3.9,5580303
20100319,CA,23.74,23.75,23.14,23.45,48995
20100319,CAG,25.89,26.04,25.66,25.84,47161
20100319,CAH,35.95,36,35.575,35.85,50306
20100319,CAM,43.16,43.22,41.42,41.81,52380
20100319,CAT,60.11,60.31,58.95,59.37,94254
20100319,CB,51.33,51.71,50.99,51.71,57891
20100319,CBG,15,15.15,14.65,14.73,37453
20100319,CBS,14.42,14.63,13.98,13.98,99261
20100319,CCE,27.09,27.17,26.715,26.96,69768
20100319,CCL,38.04,38.37,37.43,37.62,33407
20100319,CEG,36.19,36.69,35.84,35.91,25018
20100319,CELG,65.7,65.79,63.56,64.32,53948
20100319,CEPH,71.44,72.6,70.65,72.34,25281
20100319,CF,93.34,93.7,90.82,91.4,26153
20100319,CFN,25.6,25.85,25.08,25.18,10955
20100319,CHK,24.07,24.43,23.4,24.21,261577
20100319,CHRW,57.2,57.68,56.38,56.6,30594
20100319,CI,36.03,38.01,35.99,37.08,77796
20100319,CINF,29.63,29.65,29.14,29.39,15584
20100319,CL,84.92,85.09,84.29,84.84,29935
20100319,CLF,64.93,65.3,62.4,64.01,57664
20100319,CLX,64.69,64.852,64.04,64.43,11344
20100319,CMA,38.1,38.36,37.64,38.14,40536
20100319,CMCSA,17.84,17.87,17.35,17.53,241706
20100319,CME,314.98,314.99,309.62,311.64,7932
20100319,CMI,59.46,60.18,58.06,58.16,30432
20100319,CMS,15.99,16,15.68,15.82,21135
20100319,CNP,14.43,14.52,14.33,14.43,40856
20100319,CNX,47.55,48.16,45.45,45.55,60116
20100319,COF,40.94,41.23,39.75,39.77,77845
20100319,COG,39.53,39.93,37.4,38.14,31614
20100319,COH,38.18,38.37,37.681,37.85,33314
20100319,COL,61.82,63.43,61.82,62.97,36285
20100319,COP,52.96,52.98,51.7,52.37,117271
20100319,COST,61.5,61.5,60.49,60.72,46874
20100319,CPB,35.08,35.31,35.01,35.31,37613
20100319,CPWR,8.75,8.77,8.46,8.67,32492
20100319,CRM,76.92,77.5,75.64,76.02,15463
20100319,CSC,54.53,54.93,54.31,54.56,16342
20100319,CSCO,26.44,26.44,26.07,26.15,556617
20100319,CSX,52.16,52.46,51.15,51.51,37138
20100319,CTAS,28.05,28.23,27.19,28.13,34263
20100319,CTL,34.98,35.24,34.725,34.86,26991
20100319,CTSH,52.22,52.22,50.98,51.25,51225
20100319,CTXS,48.17,48.85,47.86,48.34,75473
20100319,CVH,25.81,26.64,25.81,26.24,21288
20100319,CVS,35.16,35.26,34.23,34.55,164379
20100319,CVX,75.09,75.16,73.89,74.98,166106
20100319,D,40.49,40.77,40.38,40.7,61790
20100319,DD,37.38,37.42,36.61,36.86,129406
20100319,DE,59.62,59.64,58.64,58.99,52439
20100319,DELL,14.61,14.63,14.23,14.41,297038
20100319,DF,15.82,15.88,15.45,15.5,30100
20100319,DFS,15.54,15.66,15.15,15.24,98453
20100319,DGX,57.35,57.64,56.95,57.3,25743
20100319,DHI,12.81,12.93,12.5,12.51,55931
20100319,DHR,78.38,78.38,76.73,76.98,20177
20100319,DIS,33.81,33.98,33.48,33.64,167289
20100319,DISCA,32.63,33.02,32.3,32.5,22761
20100319,DNB,73.58,74.43,73.51,74.25,8571
20100319,DNR,15.82,15.95,15.28,15.45,76866
20100319,DO,85.09,85.85,83.37,84.41,25296
20100319,DOV,47.34,47.44,46.43,46.53,12855
20100319,DOW,30,30.2,28.95,28.95,161565
20100319,DPS,36.82,36.85,36.05,36.18,37313
20100319,DRI,43.58,43.925,43.55,43.65,18729
20100319,DTE,45.17,45.36,44.76,45.1,13485
20100319,DTV,34.37,34.62,32.85,33.42,258724
20100319,DUK,16.56,16.755,16.46,16.58,116676
20100319,DV,67.72,68.42,66.78,67.28,5919
20100319,DVA,63.73,63.85,63.23,63.37,7232
20100319,DVN,65.36,65.49,63.95,64.31,89408
20100319,EBAY,27.67,27.78,27.04,27.1925,216138
20100319,ECL,43.19,43.47,43,43.19,23274
20100319,ED,44.29,44.51,44.03,44.3,20928
20100319,EFX,35.93,35.93,35.25,35.53,16940
20100319,EIX,34.58,34.68,34.11,34.41,30804
20100319,EK,6.02,6.05,5.81,5.86,81102
20100319,EL,63.89,65,62.74,63.13,13620
20100319,EMC,18.71,18.83,18.5,18.61,201586
20100319,EMN,62.38,62.85,61.08,61.21,8434
20100319,EMR,49.06,49.28,48.385,48.62,39593
20100319,EOG,93.82,94.36,90.34,91.7,42081
20100319,EP,11.14,11.25,10.98,11.13,106839
20100319,EQR,39.64,39.83,39.09,39.31,40767
20100319,EQT,42.78,42.95,41.24,41.72,30896
20100319,ERTS,18.61,18.72,18.25,18.42,78234
20100319,ESRX,101.08,101.11,99.5,100.73,28481
20100319,ETFC,1.65,1.66,1.57,1.57,446093
20100319,ETN,75.31,75.97,73.94,74.15,21898
20100319,ETR,80.34,80.91,80.12,80.69,19250
20100319,EXC,44.89,44.9,44.25,44.62,55044
20100319,EXPD,38.34,38.93,37.63,38.61,39633
20100319,EXPE,22.89,22.89,22.53,22.69,64289
20100319,F,13.91,13.92,13.04,13.29,2524136
20100319,FAST,47.52,47.8,46.57,46.98,23377
20100319,FCX,80.91,80.96,78.11,78.51,156103
20100319,FDO,36.24,36.29,35.61,35.82,19244
20100319,FDX,92.02,92.17,90.36,91.05,56129
20100319,FE,39.65,39.98,39.4,39.78,41643
20100319,FHN,14.36,14.61,14.26,14.44,64876
20100319,FII,26.43,26.58,25.77,25.81,12240
20100319,FIS,23.63,23.75,23.48,23.63,34318
20100319,FISV,51.47,51.47,50.5,50.68,21673
20100319,FITB,13.49,13.6,13.13,13.3,171675
20100319,FLIR,26.93,27.3222,26.8,27.32,37573
20100319,FLR,46.03,46.2,45.02,45.25,25904
20100319,FLS,106.27,106.6,104.26,104.56,6647
20100319,FMC,60.5,60.86,59.51,59.99,7517
20100319,FO,49.79,49.99,48.86,48.89,17530
20100319,FPL,48.02,48.56,47.805,48.16,33017
20100319,FRX,31.48,31.65,30.945,31.06,30900
20100319,FSLR,114.29,114.9,112.55,113.3,22229
20100319,FTI,62.45,62.58,59.89,60.18,14565
20100319,FTR,7.5,7.55,7.42,7.49,50480
20100319,GAS,43.42,43.75,43.04,43.44,6000
20100319,GCI,16.51,16.64,16.05,16.06,81022
20100319,GD,75.69,76.24,75.24,75.49,24379
20100319,GE,18.33,18.34,17.93,18.07,1147966
20100319,GENZ,57.98,59.75,56.75,59.39,46062
20100319,GILD,47.79,48,46.9,47.87,192848
20100319,GIS,73.71,73.95,73.24,73.34,27694
20100319,GLW,19.39,19.73,19.31,19.39,241054
20100319,GME,21.21,21.375,20.9001,21.11,78626
20100319,GNW,16.38,16.54,15.78,15.78,167812
20100319,GOOG,566.81,568,557.28,560,47941
20100319,GPC,41.75,41.79,41.33,41.6,11109
20100319,GPS,23.35,23.42,23.07,23.22,72379
20100319,GR,70.3,71.77,70.09,71.41,37041
20100319,GS,178.19,178.21,175.95,177.9,108965
20100319,GT,13.4,13.41,12.85,13.01,59153
20100319,GWW,108.59,109.07,106.94,107.56,7780
20100319,HAL,31.83,31.9,30.21,30.5,187903
20100319,HAR,44.3,44.56,43.41,43.97,10730
20100319,HAS,38.24,38.34,37.85,37.89,14362
20100319,HBAN,5.52,5.55,5.2878,5.32,372375
20100319,HCBK,14.15,14.15,13.73,13.84,88313
20100319,HCN,45.96,46.22,45.3,45.75,16277
20100319,HCP,33.56,33.76,33.07,33.11,51593
20100319,HD,32.41,32.57,32.1,32.36,224306
20100319,HES,61.89,62.13,60.46,61.19,40255
20100319,HIG,27.9,27.98,26.91,27.26,191444
20100319,HNZ,47.59,47.8399,47.16,47.36,26567
20100319,HOG,28.34,28.65,28,28.31,39204
20100319,HON,43.99,44.29,43.6,43.82,96930
20100319,HOT,42.55,43.06,42.1301,42.57,27135
20100319,HP,39.12,39.16,37.5,38.03,28631
20100319,HPQ,52.87,52.95,52.21,52.49,209202
20100319,HRB,17,17.15,16.81,16.91,48026
20100319,HRL,41.61,41.75,41.11,41.4,5971
20100319,HRS,47.28,47.43,45.75,46.05,11500
20100319,HSP,56.48,57.13,56.27,56.66,15730
20100319,HST,13.79,13.82,13.55,13.55,135257
20100319,HSY,43.05,43.14,42.35,42.44,21418
20100319,HUM,49.33,50.84,49.26,50,36786
20100319,IBM,128.84,128.93,126.78,127.71,107442
20100319,ICE,109.89,110.41,107.73,108.11,8635
20100319,IFF,45.44,45.74,44.84,44.98,4653
20100319,IGT,16.95,17.14,16.92,17,46729
20100319,INTC,22.31,22.39,21.81,21.9925,779984
20100319,INTU,34.74,34.97,34.35,34.61,41310
20100319,IP,26.7,26.73,25.74,25.82,68893
20100319,IPG,8.68,8.75,8.53,8.61,51202
20100319,IRM,26.41,26.55,25.9,26,11825
20100319,ISRG,357.02,360,347.19,349.18,8749
20100319,ITT,52.83,53.33,52.03,52.59,31199
20100319,ITW,47.59,48.41,46.6,46.77,46439
20100319,IVZ,21.22,21.32,20.45,20.45,79942
20100319,JBL,17.76,17.87,17.17,17.34,46180
20100319,JCI,32.24,32.4,31.0401,31.82,44686
20100319,JCP,31.22,31.52,31.07,31.42,46396
20100319,JDSU,11.27,11.34,10.82,10.96,90498
20100319,JEC,43.88,44.2099,42.98,43.1,16867
20100319,JNJ,65.25,65.49,64.81,65.11,231175
20100319,JNPR,30.47,30.47,29.77,29.89,57933
20100319,JNS,14.31,14.41,14.01,14.02,24438
20100319,JPM,43.72,43.89,43.13,43.45,370143
20100319,JWN,40.37,41.07,40.11,40.42,40096
20100319,K,53.14,53.46,52.69,53.43,32830
20100319,KEY,7.58,7.67,7.47,7.6,151605
20100319,KFT,29.94,29.99,29.5,29.63,165815
20100319,KG,12.45,12.53,12.2,12.22,27100
20100319,KIM,15.61,15.76,15.45,15.57,53609
20100319,KLAC,29.4,29.53,28.49,28.79,39414
20100319,KMB,61.39,61.59,61.08,61.43,37146
20100319,KO,54.14,55.06,53.6,54.75,218053
20100319,KR,22.2,22.24,21.49,21.64,148600
20100319,KSS,54.94,55.67,54.86,55.26,47871
20100319,L,37.5,37.55,37.04,37.17,33689
20100319,LEG,21.78,21.89,21.37,21.47,28290
20100319,LEN,16.48,16.7297,16.1,16.11,54623
20100319,LH,75.64,76.15,75.17,75.51,11779
20100319,LIFE,54.06,54.06,53.25,53.33,19609
20100319,LLL,94.23,94.87,93.74,94.17,10846
20100319,LLTC,28.81,28.91,28.2,28.36,39643
20100319,LLY,36.48,36.58,36.01,36.17,96412
20100319,LM,29.81,30.03,29.34,29.4,21013
20100319,LMT,86.82,87.185,86.1,86.9,40316
20100319,LNC,29.33,29.49,28.74,28.76,38217
20100319,LO,76.9,77.44,76.54,77.08,21392
20100319,LOW,24.97,25.01,24.65,24.78,163287
20100319,LSI,6.38,6.52,6.29,6.41,212452
20100319,LTD,24.79,24.91,24.43,24.67,34809
20100319,LUK,25.66,25.9,25.37,25.37,14254
20100319,LUV,13.09,13.21,12.73,12.81,104082
20100319,LXK,35.43,35.43,34.42,34.71,21450
20100319,M,21.46,21.5,20.81,20.89,108865
20100319,MA,247.545,248.08,242.55,244.36,9800
20100319,MAR,29.12,29.46,28.94,29.06,36199
20100319,MAS,15.55,15.75,15,15,58149
20100319,MAT,23.31,23.47,22.51,23.19,55353
20100319,MCD,66.89,66.91,66,66.53,102300
20100319,MCHP,28.69,28.69,28.1,28.25,35954
20100319,MCK,64.22,64.27,63.07,64.07,35940
20100319,MCO,29.78,30.86,29.46,29.66,33338
20100319,MDP,34,34.69,34,34.3,5728
20100319,MDT,45.5,45.73,44.54,44.79,75253
20100319,MEE,52.44,52.5,49.73,49.91,65000
20100319,MET,42.68,42.79,41.67,41.83,85167
20100319,MFE,41.6,41.77,40.98,41.13,14563
20100319,MHP,36.36,36.48,35.61,35.77,20203
20100319,MHS,65.89,66.39,65.46,66.05,57852
20100319,MI,8.04,8.06,7.65,7.8,127251
20100319,MIL,105.38,105.47,105.25,105.25,24558
20100319,MJN,51.87,52.25,51.08,51.39,19897
20100319,MKC,38.815,39.19,38.815,39.11,9899
20100319,MMC,24.64,24.79,24.48,24.59,53899
20100319,MMM,83.8,84,81.51,81.96,68761
20100319,MO,20.45,20.55,20.25,20.34,158622
20100319,MOLX,21.18,21.25,20.9,21.09,13980
20100319,MON,72.36,72.65,71.78,72.2,67520
20100319,MOT,7.38,7.42,7.1,7.18,234608
20100319,MRK,38.7,38.84,37.85,38.06,307756
20100319,MRO,32.18,32.3,31.43,31.98,86945
20100319,MS,30.14,30.21,29.5,29.63,246659
20100319,MSFT,29.8,29.9,29.35,29.59,813410
20100319,MTB,84.3,85,83.021,83.28,10575
20100319,MU,10.22,10.27,9.95,9.95,197802
20100319,MUR,55.54,55.67,54.21,55.03,19280
20100319,MWV,25.86,25.87,24.8221,24.93,19603
20100319,MWW,17.06,17.08,16.57,16.72,15838
20100319,MYL,22.57,22.88,22.33,22.53,108175
20100319,NBL,74.43,74.97,72.47,73.19,25103
20100319,NBR,20.59,20.66,19.57,19.88,142120
20100319,NDAQ,20.77,21.07,20.62,21.03,42996
20100319,NEM,51.64,51.78,50.44,50.76,78296
20100319,NI,15.75,15.88,15.55,15.73,24576
20100319,NKE,74.26,74.32,73.12,73.52,46974
20100319,NOC,65.19,65.61,64.91,65.54,43421
20100319,NOV,43.77,43.77,42.04,42.46,67051
20100319,NOVL,5.73,5.77,5.6378,5.64,64741
20100319,NRG,22.1,22.35,21.8,22.06,51960
20100319,NSC,55.71,56.17,55.01,55.33,31756
20100319,NSM,14.89,15.04,14.43,14.57,70027
20100319,NTAP,33.58,33.58,32.16,32.46,87865
20100319,NTRS,55.8,56.01,54.48,55.45,19225
20100319,NU,27.25,27.48,27.05,27.16,13175
20100319,NUE,44.83,45.01,43.97,44.39,64944
20100319,NVDA,17.69,17.77,17.03,17.25,146158
20100319,NVLS,23.51,23.54,22.96,23.16,20976
20100319,NWL,15.77,15.79,15.25,15.34,51330
20100319,NWSA,14.22,14.23,13.69,13.98,244665
20100319,NYT,10.98,11.55,10.96,11.05,14630
20100319,NYX,29.5,29.61,29.14,29.35,32578
20100319,ODP,8.18,8.27,7.76,7.76,90723
20100319,OI,33.77,34.35,33.66,34.03,28128
20100319,OKE,46.84,46.88,45.58,45.95,12987
20100319,OMC,39.7,39.7,38.93,39.08,30425
20100319,ORCL,25.68,25.73,24.95,25.19,458810
20100319,ORLY,42.18,42.18,41.72,42,22480
20100319,OXY,83.19,83.19,81.84,82.58,67810
20100319,PAYX,32.75,32.75,32.01,32.17,47131
20100319,PBCT,15.93,15.99,15.59,15.79,109168
20100319,PBI,24.4,24.64,24.16,24.52,25293
20100319,PCAR,42.46,42.49,41.6901,42.25,39691
20100319,PCG,43.22,43.41,42.93,43.3,35066
20100319,PCL,38.57,38.85,38.1,38.4,19847
20100319,PCLN,243.44,244.61,238.47,239.01,10160
20100319,PCP,122.29,123.675,121.24,121.79,26311
20100319,PCS,6.96,7.06,6.88,7.05,82948
20100319,PDCO,30.85,31.12,30.7,30.86,15028
20100319,PEG,31.3,31.34,30.65,30.92,35689
20100319,PEP,66.58,66.98,66.26,66.56,109474
20100319,PFE,17.27,17.3,16.8,16.91,1132388
20100319,PFG,27.8,27.94,27.24,27.4,46556
20100319,PG,63.83,64,63.52,63.84,174580
20100319,PGN,39.89,40.131,39.55,39.84,31040
20100319,PGR,18.14,18.25,17.55,18.1,66831
20100319,PH,65.75,66.41,64.89,65.11,17141
20100319,PHM,11.32,11.65,11.19,11.2,89108
20100319,PKI,24.12,24.45,23.6,23.61,17144
20100319,PLD,14.67,14.72,14.03,14.04,97328
20100319,PLL,38.82,39,38.45,38.66,13371
20100319,PM,51.91,52.85,51.83,52.68,152437
20100319,PNC,59.48,60.14,58.84,59.61,45480
20100319,PNW,38.12,38.23,37.54,37.77,10878
20100319,POM,17.31,17.38,17.08,17.18,23461
20100319,PPG,64.92,65.38,64.68,64.93,15649
20100319,PPL,28.9,29.05,28.27,28.51,35043
20100319,PRU,57.93,58.52,57.46,57.96,53807
20100319,PSA,92.03,92.23,90.84,90.91,13521
20100319,PTV,24.88,25.08,24.63,24.63,21973
20100319,PWR,19.68,19.8,19.33,19.42,22556
20100319,PX,82.2,83.22,81.23,81.62,24635
20100319,PXD,53.05,53.38,51.837,53.03,24682
20100319,Q,5.1,5.12,5.01,5.02,415472
20100319,QCOM,40.57,40.61,39.78,40.05,334201
20100319,QLGC,20.48,20.48,19.74,19.85,28986
20100319,R,38.63,39.39,38.38,38.69,13583
20100319,RAI,53.74,54.233,53.25,53.42,17170
20100319,RDC,27.03,27.23,26.29,26.39,36301
20100319,RF,7.55,7.6,7.32,7.38,226662
20100319,RHI,31.49,31.7,30.97,31.16,16873
20100319,RHT,30.2,30.335,29.8,29.97,29826
20100319,RL,83.43,83.95,82.43,82.86,10566
20100319,ROK,55.24,55.58,54.9,55.37,17853
20100319,ROP,57.92,58.22,57.12,57.26,11761
20100319,ROST,52.34,54.0722,52.1,54.07,50424
20100319,RRC,49.26,49.45,47.1,47.76,40053
20100319,RRD,20.78,20.8128,20.08,20.36,24460
20100319,RSG,28.91,29,28.39,28.55,35514
20100319,RSH,22.34,22.53,21.61,22.09,39758
20100319,RTN,56.91,57.08,56.48,56.87,38429
20100319,S,3.79,3.8,3.69,3.76,591816
20100319,SAI,19.16,19.18,18.78,19.14,52677
20100319,SBUX,24.97,25.15,24.75,24.97,110192
20100319,SCG,37.79,37.99,37.6,37.91,10213
20100319,SCHW,18.83,18.96,18.58,18.58,142623
20100319,SE,22.53,22.65,22.09,22.22,44475
20100319,SEE,21.75,22.1,21.5,21.6,13045
20100319,SHLD,105.68,106.15,102.85,103.61,14441
20100319,SHW,65.34,65.57,65.025,65.3,20410
20100319,SIAL,54.98,55.33,54.31,54.71,11545
20100319,SII,44.18,44.41,42.98,43.31,115298
20100319,SJM,60.06,60.41,59.51,59.79,12359
20100319,SLB,65.43,65.78,63.74,64.32,186658
20100319,SLE,14.08,14.11,13.81,13.87,112635
20100319,SLM,12.39,12.46,11.54,11.6,95218
20100319,SNA,44.02,44.02,42.78,42.88,4922
20100319,SNDK,33.11,33.11,31.82,32.2525,84306
20100319,SNI,41.43,41.79,40.88,41.25,7770
20100319,SO,33.39,33.5,33.13,33.18,80629
20100319,SPG,84.87,85.63,83.44,83.54,44672
20100319,SPLS,24,24.06,23.61,23.75,108724
20100319,SRCL,55.5,56.55,55.16,55.61,9786
20100319,SRE,50.81,51.09,50.17,50.5,23262
20100319,STI,27.61,27.8,26.89,27.18,69210
20100319,STJ,40.21,40.21,38.89,39.41,69522
20100319,STR,43.32,43.48,41.89,42.65,19663
20100319,STT,46.53,46.59,45.77,45.95,48408
20100319,STZ,16.25,16.31,15.96,16,17313
20100319,SUN,30.3,30.6,29.39,29.79,37266
20100319,SVU,17.06,17.08,16.54,16.73,54520
20100319,SWK,58.91,59.35,58.03,58.07,22805
20100319,SWN,41.01,41.1,38.25,39.6,149487
20100319,SWY,24.6,24.8,23.9,24.04,119647
20100319,SYK,56.9,57.09,56.21,56.64,18040
20100319,SYMC,17.57,17.57,17.11,17.19,349747
20100319,SYY,28.5618,29.1,28.5618,28.77,44290
20100319,T,26.19,26.31,25.99,26.24,358666
20100319,TAP,43.37,43.69,43.05,43.36,14177
20100319,TDC,29.19,29.25,28.7,28.94,19056
20100319,TE,16.14,16.24,15.8,15.9,23563
20100319,TEG,46.02,46.39,45.79,46.24,14255
20100319,TER,10.79,10.86,10.34,10.66,59462
20100319,TGT,53.26,53.39,52.98,53.3,52254
20100319,THC,5.69,5.8,5.64,5.75,106426
20100319,TIE,14.46,14.79,14.31,14.71,66022
20100319,TIF,47.93,48,46.8832,47.25,25374
20100319,TJX,43.32,43.41,42.86,42.98,36129
20100319,TLAB,7.7,7.76,7.5,7.53,116856
20100319,TMK,53.96,54.19,53.15,53.18,7114
20100319,TMO,50.14,50.19,49.56,49.88,30478
20100319,TROW,55.57,55.59,54.44,54.81,15181
20100319,TRV,53.58,53.6,52.78,53.46,131990
20100319,TSN,17.58,17.82,17.5497,17.72,66230
20100319,TSO,14.02,14.12,13.45,13.84,64012
20100319,TSS,15.28,15.395,15.08,15.16,18972
20100319,TWC,48.89,49.17,48.26,48.76,25598
20100319,TWX,31.28,31.64,30.93,31.24,138019
20100319,TXN,24.72,24.73,24.13,24.36,169453
20100319,TXT,22.21,22.97,22.07,22.21,56745
20100319,UNH,33.72,34.7,33.72,34.39,218275
20100319,UNM,23.63,24.48,23.63,23.93,51423
20100319,UNP,74.16,74.35,72.79,73.24,53145
20100319,UPS,64.9,64.94,64.02,64.33,79764
20100319,URBN,36.26,36.26,35.36,35.6,33440
20100319,USB,26.13,26.39,25.77,26.14,139772
20100319,UTX,72.76,73.735,72.72,73.24,91990
20100319,V,90.52,90.75,88.69,88.84,60559
20100319,VAR,53.94,54,53.12,53.3,7142
20100319,VFC,80.1,80.24,79.51,79.71,10697
20100319,VIA,33.54,34.11,33.54,33.69,441
20100319,VLO,20.6,20.66,19.959,20.31,96877
20100319,VMC,48.66,48.85,47.85,48.57,17719
20100319,VNO,76.25,76.68,75.12,75.43,19416
20100319,VRSN,27.06,27.18,26.47,26.8,45540
20100319,VTR,47.66,47.82,46.9,47.41,18104
20100319,VZ,30.45,30.54,30.25,30.41,198909
20100319,WAG,34.77,35,34.32,34.53,96626
20100319,WAT,66.16,66.19,64.93,65.06,15387
20100319,WDC,39.06,39.16,37.76,38.14,54036
20100319,WEC,51.08,51.41,50.23,50.56,13536
20100319,WFC,30.5,30.535,29.96,30.38,537817
20100319,WFMI,35.84,35.98,35.31,35.83,34182
20100319,WFR,14.5,14.57,14.01,14.2,59966
20100319,WHR,88.9,88.9,85.98,86.28,15757
20100319,WIN,11.36,11.4,10.97,10.98,127290
20100319,WLP,64.35,65.84,64.25,65.07,124646
20100319,WM,34.17,34.47,33.98,34.16,43850
20100319,WMB,22.89,22.9,22.22,22.53,55550
20100319,WMT,56.03,56.27,55.15,55.34,171840
20100319,WPI,40.83,41.34,40.23,40.42,14236
20100319,WPO,452.15,452.15,446.76,448,616
20100319,WU,16.87,16.93,16.57,16.66,79759
20100319,WY,44.77,45.32,44.11,44.37,16987
20100319,WYN,24.1,24.34,23.87,23.98,29166
20100319,WYNN,72.66,72.8,71.395,71.75,24899
20100319,X,60.53,60.55,58.24,59.24,151405
20100319,XEL,21.46,21.69,21.42,21.58,35456
20100319,XL,19.31,19.33,18.83,18.83,72890
20100319,XLNX,27.21,27.21,26.27,26.6,87863
20100319,XOM,67.84,67.89,66.43,67.04,455641
20100319,XRAY,34.68,34.74,33.93,34.14,29848
20100319,XRX,9.91,9.94,9.52,9.57,178054
20100319,XTO,47.72,47.77,46.86,47.21,139232
20100319,YHOO,16.71,16.81,16.34,16.44,178709
20100319,YUM,38.29,38.55,37.86,37.94,61810
20100319,ZION,22.73,22.9699,22.02,22.11,77986
20100319,ZMH,57.58,57.58,56.23,56.97,24385
