20100430,A,37.25,37.43,36.23,36.26,30011
20100430,AA,13.73,13.78,13.37,13.43,293020
20100430,AAPL,269.74,270.57,261,261.09,193736
20100430,ABC,31.42,31.6,30.85,30.85,33805
20100430,ABT,50.85,51.5,50.63,51.16,107046
20100430,ADBE,34.87,34.99,33.565,33.6,127357
20100430,ADI,30.96,30.96,29.69,29.93,60099
20100430,ADM,28.19,28.38,27.93,27.94,69248
20100430,ADP,44.34,44.59,43.33,43.37,42200
20100430,ADSK,34.64,34.82,33.88,33.99,39634
20100430,AEE,26.04,26.29,25.11,25.96,41324
20100430,AEP,34.47,35,34.3,34.3,58481
20100430,AES,11.8,11.9,11.54,11.54,62313
20100430,AET,31.04,31.14,29.48,29.55,123404
20100430,AFL,52.05,52.36,50.93,50.96,44787
20100430,AGN,62.13,64.51,61.92,63.69,47829
20100430,AIG,40.45,40.73,38.22,38.9,119059
20100430,AIV,22.1,23.07,21.83,22.41,42055
20100430,AIZ,36.3,37.07,36.1075,36.43,17651
20100430,AKAM,39.54,39.79,38.61,38.83,59523
20100430,AKS,17.12,17.29,16.6,16.75,130374
20100430,ALL,33.15,33.45,32.58,32.67,59860
20100430,ALTR,26.04,26.09,25.35,25.36,85294
20100430,AMAT,14.3,14.31,13.76,13.78,258999
20100430,AMD,9.72,9.72,9.06,9.07,379821
20100430,AMGN,58.88,59.03,57.29,57.31,81938
20100430,AMP,47.92,48.13,46.35,46.36,26579
20100430,AMT,41.19,41.85,40.81,40.81,37731
20100430,AMZN,141.4,141.4,136.91,137.1,61134
20100430,AN,20.57,20.81,19.99,20.2,29677
20100430,ANF,46.48,46.57,43.63,43.73,42322
20100430,AON,43.26,43.5,42.09,42.46,37515
20100430,APA,102.78,103,96.06,101.76,144875
20100430,APC,66,66.225,61.71,62.16,210792
20100430,APD,78.22,78.54,76.78,76.78,13961
20100430,APH,46.65,47,46.05,46.21,13466
20100430,APOL,57.95,58.48,57.37,57.41,44293
20100430,ARG,63.85,64.09,63.29,63.45,4895
20100430,ATI,53.9,54.14,53.16,53.47,27250
20100430,AVB,106.12,107.08,103.6,104.04,18721
20100430,AVP,31.41,33.03,31.09,32.33,63485
20100430,AVY,40.49,40.79,39.03,39.03,20874
20100430,AXP,47.52,48.03,45.8,46.12,140196
20100430,AYE,21.56,21.84,21.51,21.78,33993
20100430,AZO,186.49,187.9399,183.61,185.01,4430
20100430,BA,73.8,74.48,72.26,72.43,56010
20100430,BAC,18.28,18.3,17.61,17.83,2315361
20100430,BAX,48.63,48.87,47.22,47.22,83003
20100430,BBBY,46.99,47.305,45.91,45.96,47209
20100430,BBT,33.36,33.88,33.2,33.24,60801
20100430,BBY,47.66,48,45.5,45.52,75814
20100430,BCR,87.95,88.25,86.18,86.53,13909
20100430,BDX,76.74,77.15,76.048,76.37,21317
20100430,BEN,117.64,118.75,115.51,115.64,11065
20100430,BF.B,58.64,59.34,58.16,58.18,3154
20100430,BHI,51.15,51.27,48.1,49.76,116298
20100430,BIG,39.18,39.57,38.03,38.2,13519
20100430,BIIB,53.32,54.04,53.13,53.29,33488
20100430,BK,31.82,31.92,31.09,31.13,76494
20100430,BLL,53.94,54.68,53.1,53.21,9991
20100430,BMC,39.83,40.01,39.34,39.36,28065
20100430,BMS,31.47,31.48,30.34,30.41,15874
20100430,BMY,25.42,25.58,25.18,25.31,143681
20100430,BRCM,35.86,36.05,34.41,34.5,103314
20100430,BRK.B,77.9,78.46,77,77,48439
20100430,BSX,6.98,7.05,6.87,6.88,121003
20100430,BTU,48.3,48.84,46.32,46.72,62653
20100430,BXP,83.01,83.3,78.755,78.86,18115
20100430,C,4.55,4.55,4.37,4.37,8034176
20100430,CA,23.34,23.51,22.81,22.82,50250
20100430,CAG,24.62,24.75,24.46,24.47,56279
20100430,CAH,35.66,35.79,34.6,34.69,50174
20100430,CAM,39.09,40.91,36,39.46,281195
20100430,CAT,70.99,71.36,67.82,68.09,94289
20100430,CB,53.29,53.48,52.77,52.87,23304
20100430,CBG,17.54,17.86,17.28,17.32,49777
20100430,CBS,16.49,16.61,16.14,16.21,96301
20100430,CCE,28.19,28.32,27.73,27.73,50803
20100430,CCL,42.8,43.14,41.57,41.7,59737
20100430,CEG,37.5,37.5,34.69,35.35,73807
20100430,CELG,61.93,62.32,61.3,61.99,48823
20100430,CEPH,64.79,65.38,64.2,64.2,14948
20100430,CF,87.97,87.97,82.98,83.67,35747
20100430,CFN,27.66,27.96,27.48,27.58,7891
20100430,CHK,23.69,24.27,23.35,23.8,151966
20100430,CHRW,61.08,61.62,60.3,60.32,17207
20100430,CI,33.9,33.9,32,32.06,75626
20100430,CINF,28.79,28.85,28.37,28.44,14671
20100430,CL,85.24,85.46,84.02,84.1,26217
20100430,CLF,65.13,65.86,62.25,62.53,74357
20100430,CLX,64.66,65.19,64.4,64.7,15047
20100430,CMA,41.86,42.46,41.38,42,41199
20100430,CMCSA,19.8,19.87,19.46,19.77,409325
20100430,CME,333.54,338.5,328.31,329.27,6707
20100430,CMI,75.75,76.56,72.05,72.23,35661
20100430,CMS,16.37,16.49,16.25,16.26,28809
20100430,CNP,14.44,14.65,14.36,14.36,43007
20100430,CNX,45.44,45.84,44.2,44.68,86041
20100430,COF,44.71,45.11,43.3,43.41,55488
20100430,COG,36.22,36.95,35.78,36.13,29424
20100430,COH,43.2,43.38,41.71,41.75,33360
20100430,COL,66.45,66.54,64.95,65,8852
20100430,COP,59.29,59.45,57.81,59.19,148448
20100430,COST,59.24,59.68,59.02,59.08,49606
20100430,CPB,35.65,36.25,35.6,35.86,27644
20100430,CPWR,8.79,8.8,8.6,8.61,23787
20100430,CRM,88.4,88.4,85.5,85.6,11141
20100430,CSC,53.82,53.82,52.32,52.39,10765
20100430,CSCO,27.64,27.74,26.92,26.93,418961
20100430,CSX,57.47,57.91,56.01,56.05,39737
20100430,CTAS,27.6,27.795,27.25,27.26,11366
20100430,CTL,34.2,34.49,34.11,34.11,59489
20100430,CTSH,52.3,52.5399,51.11,51.11,24431
20100430,CTXS,47.68,47.78,46.75,47.03,29798
20100430,CVH,25.17,25.17,23.59,23.74,24823
20100430,CVS,37.14,37.82,36.86,36.92,128059
20100430,CVX,82.37,83.13,81.29,81.44,139114
20100430,D,41.36,42.22,41.26,41.8,39319
20100430,DD,40.55,40.69,39.8,39.84,95101
20100430,DE,61.03,61.65,59.77,59.82,39846
20100430,DELL,16.57,16.75,16.18,16.2,306242
20100430,DF,15.78,15.95,15.69,15.7,22108
20100430,DFS,15.95,16.1417,15.43,15.46,63568
20100430,DGX,57.17,57.72,56.9,57.16,25622
20100430,DHI,15.07,15.44,14.63,14.69,154285
20100430,DHR,85.35,85.49,83.98,84.28,30181
20100430,DIS,37.19,37.49,36.6,36.84,114564
20100430,DISCA,37.74,39.11,37.62,38.73,43374
20100430,DNB,77.53,79.73,75.79,76.97,9598
20100430,DNR,18.49,19.46,18.29,19.15,123305
20100430,DO,82.38,83,77.46,79.1,48260
20100430,DOV,53,53.42,52.21,52.22,17987
20100430,DOW,31.99,32.04,30.76,30.83,129927
20100430,DPS,34.27,34.44,32.69,32.73,43134
20100430,DRI,46.12,46.44,44.75,44.75,23673
20100430,DTE,48.2,48.78,48,48.17,15303
20100430,DTV,36.68,37.02,36.21,36.24,136626
20100430,DUK,16.56,16.82,16.53,16.78,97445
20100430,DV,63.61,64.6,62.36,62.39,12998
20100430,DVA,64.11,64.16,62.32,62.43,14919
20100430,DVN,67.59,68.94,67.26,67.33,50063
20100430,EBAY,24.15,24.35,23.77,23.78,152860
20100430,ECL,49.1,49.16,48.8,48.84,24605
20100430,ED,45.27,45.79,45.07,45.2,20725
20100430,EFX,33.54,33.9,33.41,33.6,16243
20100430,EIX,33.79,34.62,33.71,34.37,28480
20100430,EK,6.98,7.03,6.12,6.13,316983
20100430,EL,66,66.65,65.69,65.92,16378
20100430,EMC,19.62,19.6325,18.99,19.01,296251
20100430,EMN,68.61,68.77,66.61,66.92,16154
20100430,EMR,53.17,53.5,52.16,52.23,35796
20100430,EOG,111.54,114.95,110.56,112.12,35360
20100430,EP,12.45,12.45,12.06,12.1,79068
20100430,EQR,46.16,47.08,45.1301,45.27,47114
20100430,EQT,43.88,44.15,43.4,43.49,10872
20100430,ERTS,19.81,19.81,19.37,19.37,39772
20100430,ESRX,102.41,103.27,99.79,100.13,26235
20100430,ETFC,1.73,1.73,1.68,1.69,749170
20100430,ETN,78.96,79.14,77.12,77.16,39016
20100430,ETR,80.69,81.88,80.25,81.29,14222
20100430,EXC,43.39,43.89,43.31,43.59,53424
20100430,EXPD,40.72,41.58,40.38,40.71,25166
20100430,EXPE,24.98,24.99,23.28,23.61,108385
20100430,F,13.64,13.73,12.96,13.02,1463228
20100430,FAST,55.98,56.49,54.42,54.69,11117
20100430,FCX,78.46,78.68,75.1,75.53,122695
20100430,FDO,40.05,40.21,39.04,39.56,28835
20100430,FDX,92.42,93.8,89.9,90.01,26627
20100430,FE,37.47,37.93,37.396,37.87,52803
20100430,FHN,14.47,14.54,14.15,14.15,33871
20100430,FII,24.63,24.83,24.11,24.12,22598
20100430,FIS,26.7,26.75,26.18,26.29,35730
20100430,FISV,51.98,52.07,50.68,51.13,52698
20100430,FITB,14.92,15.28,14.85,14.915,156949
20100430,FLIR,31.05,31.35,30.59,30.59,10031
20100430,FLR,55.21,55.3699,52.71,52.84,30228
20100430,FLS,119.26,119.4412,114.39,114.58,6607
20100430,FMC,65.37,65.7,63.61,63.64,9394
20100430,FO,53.94,54.46,52.4,52.42,12191
20100430,FPL,50.88,52.22,50.84,52.05,47417
20100430,FRX,27.21,27.79,27.09,27.26,50674
20100430,FSLR,147.92,150.79,143.49,143.98,34594
20100430,FTI,72.04,72.87,67.55,67.69,42629
20100430,FTR,8.09,8.15,7.96,7.96,44485
20100430,GAS,43.56,44.4,43.48,43.51,5934
20100430,GCI,17.54,17.66,16.83,17.02,54484
20100430,GD,78.12,78.33,76.33,76.36,15633
20100430,GE,19.46,19.7,18.79,18.86,1121330
20100430,GENZ,53.87,54.37,53.21,53.22,16390
20100430,GILD,41.1,41.1,39.55,39.71,203471
20100430,GIS,71.39,71.78,71.1401,71.16,32885
20100430,GLW,20.14,20.24,19.23,19.25,203944
20100430,GME,25.06,25.14,24.21,24.31,41874
20100430,GNW,17.86,17.88,16.51,16.52,184068
20100430,GOOG,531.28,537.68,525.44,525.695,24402
20100430,GPC,43.3,43.43,42.8,42.8,11569
20100430,GPS,25.57,25.75,24.65,24.73,98911
20100430,GR,75.87,76.34,74.07,74.18,10216
20100430,GS,151.9,152.5,143.3,145.2,731878
20100430,GT,14.34,14.52,13.4,13.43,91448
20100430,GWW,111.32,111.99,110.46,110.54,9215
20100430,HAL,29.7,31.43,29.06,30.65,607121
20100430,HAR,40.54,40.62,38.39,39.48,40985
20100430,HAS,39.32,39.58,38.32,38.36,21563
20100430,HBAN,6.86,7.04,6.73,6.76,285862
20100430,HCBK,13.36,13.41,13.22,13.32,88131
20100430,HCN,45.64,46.02,44.9,44.93,13154
20100430,HCP,32.77,33.24,32.07,32.12,36218
20100430,HD,35.7,35.995,35.23,35.23,158010
20100430,HES,64.45,64.75,62.08,63.55,45694
20100430,HIG,29.48,29.48,28.38,28.57,86072
20100430,HNZ,46.94,47.12,46.655,46.87,32718
20100430,HOG,34.94,35.46,33.68,33.83,29886
20100430,HON,48.48,48.6315,47.47,47.47,54678
20100430,HOT,56.13,56.42,54.25,54.51,25969
20100430,HP,41.66,41.88,40.5,40.62,24655
20100430,HPQ,53,53.38,51.92,51.97,157321
20100430,HRB,18.93,18.97,18.3,18.31,45581
20100430,HRL,40.55,41.35,40.51,40.76,10484
20100430,HRS,54.21,54.21,51.42,51.48,14852
20100430,HSP,55.03,55.03,53.66,53.79,13317
20100430,HST,16.7,16.91,16.23,16.26,104664
20100430,HSY,47.25,47.5,46.9,47.01,13326
20100430,HUM,47.17,47.32,45.64,45.72,35766
20100430,IBM,130.43,130.636,128.84,129,62666
20100430,ICE,118.18,119.35,116.59,116.63,7739
20100430,IFF,51.39,51.41,50.06,50.09,5734
20100430,IGT,21.53,21.67,21.01,21.08,48479
20100430,INTC,23.45,23.46,22.81,22.84,818639
20100430,INTU,36.11,36.41,35.97,36.19,33567
20100430,IP,28.27,28.45,26.73,26.74,74474
20100430,IPG,9.53,9.56,8.86,8.91,118534
20100430,IRM,25.86,25.89,24.97,25.15,20171
20100430,ISRG,368.02,371.53,360.56,360.56,3634
20100430,ITT,57.73,57.86,55.33,55.57,39764
20100430,ITW,52.38,52.57,51.05,51.1,37601
20100430,IVZ,23.61,23.61,22.93,22.99,75496
20100430,JBL,16.27,16.27,15.27,15.32,48498
20100430,JCI,34.59,34.87,33.54,33.59,59578
20100430,JCP,31.17,31.2,29,29.17,94230
20100430,JDSU,13.55,13.72,12.95,13.01,58339
20100430,JEC,50.12,50.2,48.12,48.22,18082
20100430,JNJ,65.13,65.34,64.3,64.3,142558
20100430,JNPR,29.51,29.59,28.39,28.41,65544
20100430,JNS,14.54,14.65,14.08,14.08,34042
20100430,JPM,44.02,44.05,42.23,42.58,541210
20100430,JWN,43.01,43.22,41.2,41.33,42171
20100430,K,54.79,55.45,54.76,54.94,34604
20100430,KEY,8.98,9.1,8.82,9.02,230673
20100430,KFT,29.94,30.025,29.54,29.6,124901
20100430,KG,9.87,10.01,9.77,9.8,48746
20100430,KIM,16.21,16.48,15.57,15.59,64467
20100430,KLAC,35.6,36.07,34.04,34.06,73780
20100430,KMB,61.43,62.04,61.25,61.26,29758
20100430,KO,53.62,53.96,53.4,53.45,96747
20100430,KR,22.57,22.66,22.21,22.23,106517
20100430,KSS,56.56,56.72,54.801,54.99,37437
20100430,L,37.74,37.87,37,37.24,27634
20100430,LEG,24.83,25.15,24.53,24.53,28435
20100430,LEN,20.6,21.17,19.88,19.92,67989
20100430,LH,78.96,79.17,78.53,78.57,15896
20100430,LIFE,55.3,56.19,54.71,54.76,27473
20100430,LLL,95.53,95.68,93.57,93.57,7821
20100430,LLTC,30.73,30.81,29.86,30.04,48036
20100430,LLY,35.13,35.5,34.97,34.97,69376
20100430,LM,32.32,33.07,31.59,31.69,36045
20100430,LMT,86.24,86.87,84.89,84.89,15554
20100430,LNC,31.26,31.61,30.5,30.59,34259
20100430,LO,78.66,79.41,78.33,78.37,9029
20100430,LOW,27.46,27.74,27.1,27.12,172711
20100430,LSI,6.25,6.28,6,6.02,120927
20100430,LTD,27.6,27.69,26.36,26.8,66875
20100430,LUK,25.81,25.85,25.26,25.31,12208
20100430,LUV,13.45,13.49,13.17,13.18,93893
20100430,LXK,38.92,39.1,36.785,37.05,24347
20100430,M,24.73,24.77,23.13,23.2,137369
20100430,MA,257.21,257.4,245.99,248.04,16694
20100430,MAR,37.74,37.77,36.68,36.76,50930
20100430,MAS,16.8,17.26,16.23,16.23,48316
20100430,MAT,23.69,23.89,22.99,23.02,44537
20100430,MCD,71.53,71.71,70.39,70.59,69665
20100430,MCHP,30.3,30.43,29.17,29.21,28757
20100430,MCK,66.62,66.93,64.79,64.81,21259
20100430,MCO,25.25,25.25,24.69,24.72,52572
20100430,MDP,37.24,37.64,35.92,35.93,3461
20100430,MDT,44.05,44.28,43.64,43.69,58372
20100430,MEE,41.63,41.83,36.51,36.63,243973
20100430,MET,46.24,47.72,45.53,45.58,116322
20100430,MFE,34.88,35.4,33.92,34.75,132146
20100430,MHP,34.26,34.91,33.55,33.72,34795
20100430,MHS,60.65,60.89,58.9,58.92,59785
20100430,MI,9.39,9.5,9,9.1,122344
20100430,MIL,106.36,106.37,106.11,106.15,15352
20100430,MJN,52.76,53.11,51.59,51.61,17788
20100430,MKC,39.9,40.19,39.54,39.57,7976
20100430,MMC,24.87,24.87,24.15,24.22,35174
20100430,MMM,88.7,89.7,88.4,88.67,52620
20100430,MO,21.23,21.48,21.18,21.19,142194
20100430,MOLX,23.21,23.34,22.41,22.41,20469
20100430,MON,62.8,63.4957,62.326,63.06,79644
20100430,MOT,7.16,7.22,6.98,7.07,363340
20100430,MRK,35.33,35.8,35.03,35.04,157220
20100430,MRO,32.51,32.67,32.06,32.15,66905
20100430,MS,30.99,31.08,30.2,30.22,252014
20100430,MSFT,31.05,31.08,30.52,30.535,632202
20100430,MTB,89.06,89.56,87.17,87.35,8147
20100430,MU,10.14,10.15,9.33,9.35,529422
20100430,MUR,61.02,61.04,59.54,60.15,20983
20100430,MWV,27.89,27.93,27.14,27.17,15140
20100430,MWW,16.2,18.08,16,17.43,74504
20100430,MYL,21.73,22.19,21.65,22.01,103535
20100430,NBL,78.34,78.68,75.54,76.4,27739
20100430,NBR,21.78,21.99,21.12,21.57,110830
20100430,NDAQ,20.76,21.39,20.6,21,70573
20100430,NEM,56.56,57.05,55.89,56.08,79332
20100430,NI,16.3,16.6,16.3,16.3,27411
20100430,NKE,77.45,77.88,75.89,75.91,24674
20100430,NOC,69.31,69.7199,67.77,67.83,20244
20100430,NOV,44.92,45.09,43.13,44.03,101081
20100430,NOVL,5.76,5.76,5.61,5.6375,39188
20100430,NRG,23.86,24.74,23.8,24.17,43685
20100430,NSC,60.51,61.15,59.25,59.33,29718
20100430,NSM,15.37,15.4,14.75,14.78,89174
20100430,NTAP,35.97,36,34.6401,34.67,41738
20100430,NTRS,55.28,56.13,54.83,54.98,22090
20100430,NU,27.65,28.025,27.59,27.79,14117
20100430,NUE,45.86,46.17,45.28,45.32,63806
20100430,NVDA,16.46,16.48,15.7,15.71,267055
20100430,NVLS,27.24,27.34,26.19,26.22,29732
20100430,NWL,17.83,17.96,17.02,17.07,115131
20100430,NWSA,15.8,16.11,15.41,15.43,214490
20100430,NYT,10.33,10.45,9.92,9.92,24795
20100430,NYX,33.06,33.56,32.61,32.63,27323
20100430,ODP,7.1,7.29,6.81,6.86,116181
20100430,OI,36.24,36.71,35.43,35.44,22461
20100430,OKE,49.47,49.84,48.982,49.14,12500
20100430,OMC,43.21,43.5,42.54,42.66,32450
20100430,ORCL,26.1,26.1,25.69,25.8675,255674
20100430,ORLY,48.9,49.69,48.85,48.87,28656
20100430,OXY,86.64,90.43,86.42,88.66,99600
20100430,PAYX,30.84,31.05,30.56,30.57,29205
20100430,PBCT,15.59,15.64,15.42,15.52,50779
20100430,PBI,25.91,25.98,25.4,25.4,17257
20100430,PCAR,47.99,48.31,46.51,46.52,20282
20100430,PCG,43.61,44.25,43.55,43.8,26714
20100430,PCL,41.08,41.2899,39.78,39.8,27115
20100430,PCLN,273.75,273.87,261.51,262.05,9031
20100430,PCP,133.92,134.27,128.34,128.34,14609
20100430,PCS,7.79,7.94,7.6,7.63,52759
20100430,PDCO,32.62,32.75,31.94,31.96,8838
20100430,PEG,31.94,32.65,31.89,32.13,49373
20100430,PEP,65.33,65.98,65.18,65.22,82741
20100430,PFE,16.99,17,16.68,16.72,510711
20100430,PFG,29.95,30.44,29.19,29.22,30142
20100430,PG,62.53,63,62.11,62.16,157688
20100430,PGN,39.45,40.03,39.45,39.92,25167
20100430,PGR,20.32,20.49,20.09,20.09,41882
20100430,PH,71.22,71.78,69.09,69.18,14864
20100430,PHM,13.56,13.91,13.03,13.09,104888
20100430,PKI,25.16,25.45,24.935,25.05,19716
20100430,PLD,13.56,13.72,13.11,13.17,71560
20100430,PLL,39.86,40.22,38.98,38.99,9260
20100430,PM,49.47,49.81,49.02,49.08,68847
20100430,PNC,65.9,67.7,65.89,67.21,96166
20100430,PNW,37.66,38.1,37.34,37.34,13667
20100430,POM,16.71,16.97,16.65,16.74,27495
20100430,PPG,71.44,72.24,70.36,70.37,16170
20100430,PPL,25.05,25.24,24.73,24.76,75517
20100430,PRU,64.73,65.13,63.42,63.56,35636
20100430,PSA,98.75,99.66,96.76,96.91,16394
20100430,PTV,26,26.19,25.34,25.41,68820
20100430,PWR,20.37,20.41,20,20.13,30184
20100430,PX,84.54,84.82,83.68,83.77,22218
20100430,PXD,64.13,66.15,63.74,64.13,18615
20100430,Q,5.3,5.34,5.22,5.23,424507
20100430,QCOM,39.15,39.29,38.61,38.68,184622
20100430,QLGC,20.3,20.55,19.21,19.37,86975
20100430,R,47.53,48.49,46.5,46.52,8432
20100430,RAI,54,54.59,53.41,53.42,11714
20100430,RDC,31.28,31.28,29.28,29.8,54931
20100430,RF,8.59,8.89,8.54,8.8375,303692
20100430,RHI,27.88,28.15,26.96,27.38,33306
20100430,RHT,30.78,30.83,29.82,29.87,21319
20100430,RL,93.98,94.88,89.83,89.9,10407
20100430,ROK,61.81,61.98,60.2308,60.72,20146
20100430,ROP,62.48,62.84,60.92,61.02,6884
20100430,ROST,57.3,57.59,55.84,56,21369
20100430,RRC,46.69,48.37,46.05,47.76,41079
20100430,RRD,21.83,22.05,21.49,21.5,23286
20100430,RSG,30.31,31.47,30.31,31.03,51584
20100430,RSH,22.76,22.87,21.31,21.55,76984
20100430,RTN,59.54,59.75,58.29,58.29,26231
20100430,S,4.43,4.47,4.22,4.2475,592862
20100430,SAI,17.77,17.8,17.34,17.41,63264
20100430,SBUX,26.67,26.74,25.98,25.98,75038
20100430,SCG,39.17,39.825,39.17,39.47,6454
20100430,SCHW,19.3,19.45,19.05,19.29,100425
20100430,SE,23.44,23.67,23.31,23.34,26721
20100430,SEE,22.37,22.49,21.45,21.5,18685
20100430,SHLD,123.58,124.3,120.56,120.95,10219
20100430,SHW,79.3,79.64,78.02,78.07,14564
20100430,SIAL,59.99,61,59.24,59.3,12551
20100430,SII,49.03,49.2,46.6,47.76,170794
20100430,SJM,61.58,61.94,61.04,61.07,7547
20100430,SLB,73.33,73.8,70.53,71.42,244919
20100430,SLE,14.34,14.34,14.14,14.22,102776
20100430,SLM,12.57,13.185,12.23,12.24,48544
20100430,SNA,49.52,49.93,48.11,48.18,4156
20100430,SNDK,42.02,42.1,39.75,39.84,103113
20100430,SNI,44.86,46.5,44.65,45.34,11799
20100430,SO,34.67,35.03,34.55,34.56,64796
20100430,SPG,91.61,93.28,88.56,89.02,34582
20100430,SPLS,23.91,24.06,23.36,23.5375,91019
20100430,SRCL,58.14,59.525,58.14,58.9,9016
20100430,SRE,49.41,49.64,49.04,49.18,21439
20100430,STI,29.49,29.97,29.41,29.6,62068
20100430,STJ,40.71,41,40.38,40.82,24568
20100430,STR,48.46,48.69,47.75,47.95,15612
20100430,STT,44.05,44.27,43.44,43.5,60393
20100430,STZ,18.5,18.66,18.27,18.27,20452
20100430,SUN,31.85,32.99,31.55,32.78,61825
20100430,SVU,15.12,15.25,14.78,14.9,41400
20100430,SWK,64.99,64.99,62.13,62.15,30260
20100430,SWN,38.65,40.09,37.81,39.68,132120
20100430,SWY,24,24.13,23.54,23.6,100754
20100430,SYK,58.85,58.925,57.4,57.44,20935
20100430,SYMC,16.79,16.95,16.69,16.77,174533
20100430,SYY,31.36,31.73,31.325,31.54,57493
20100430,T,26.21,26.5,26.05,26.06,337413
20100430,TAP,44.56,45,44.33,44.36,12089
20100430,TDC,29.86,30.33,29.02,29.07,14709
20100430,TE,16.94,17.17,16.86,16.93,20795
20100430,TEG,50.42,50.92,49.58,49.61,9871
20100430,TER,12.74,12.74,12.18,12.23,59117
20100430,TGT,57.46,58.2,56.43,56.87,65711
20100430,THC,6.4,6.44,6.15,6.25,105655
20100430,TIE,16.13,16.15,15.42,15.42,18060
20100430,TIF,49.9,50,48.33,48.48,15561
20100430,TJX,47.38,47.67,46.28,46.34,42980
20100430,TLAB,9.31,9.45,9.02,9.09,90595
20100430,TMK,54.68,55.09,53.51,53.54,6478
20100430,TMO,56.06,56.502,55.23,55.28,28149
20100430,TROW,58.47,59.05,57.48,57.54,14670
20100430,TRV,51.31,51.35,50.49,50.74,52430
20100430,TSN,19.82,19.94,19.59,19.59,40926
20100430,TSO,13.1,13.4,13.01,13.15,63428
20100430,TSS,16.23,16.28,16,16.01,18111
20100430,TWC,57.2,57.69,56.09,56.25,24243
20100430,TWX,33.55,34.07,32.89,33.08,95669
20100430,TXN,26.91,26.95,26.01,26.01,180689
20100430,TXT,23.5,23.72,22.84,22.84,36452
20100430,UNH,31.34,31.34,30.22,30.31,155458
20100430,UNM,24.91,25.17,24.36,24.47,45758
20100430,UNP,77.87,78.61,75.5,75.66,39269
20100430,UPS,69.75,70.31,68.96,69.14,70258
20100430,URBN,38.02,38.14,36.97,37.56,40732
20100430,USB,27.39,27.46,26.75,26.77,172497
20100430,UTX,76.02,76.49,74.9,74.95,50684
20100430,V,93.28,93.37,90.02,90.23,62699
20100430,VAR,56.13,56.75,55.91,56.38,12519
20100430,VFC,88.79,89.23,86.41,86.42,14421
20100430,VIA,39.82,40.14,38.97,39.01,675
20100430,VLO,21.18,21.49,20.75,20.79,120392
20100430,VMC,58.34,59.3299,57,57.28,19516
20100430,VNO,85.96,86.75,83.08,83.37,25377
20100430,VRSN,27.5,27.69,27.25,27.28,27492
20100430,VTR,48.55,48.83,47.045,47.23,20047
20100430,VZ,29.2,29.308,28.89,28.9,219174
20100430,WAG,35.75,36.14,35.13,35.15,60381
20100430,WAT,73.25,73.51,71.96,71.99,7359
20100430,WDC,43.02,43.02,41,41.09,47526
20100430,WEC,52.31,53.21,52.19,52.51,10031
20100430,WFC,33.25,33.82,32.98,33.11,534460
20100430,WFMI,39.33,39.61,38.94,39.02,24007
20100430,WFR,14.68,14.68,12.92,12.97,344648
20100430,WHR,110.7,111.44,108.85,108.87,16422
20100430,WIN,11.06,11.19,11.04,11.04,35951
20100430,WLP,58.08,58.14,53.5,53.8,187710
20100430,WM,34.97,35.33,34.68,34.68,29769
20100430,WMB,23.85,23.99,23.39,23.61,57861
20100430,WMT,53.82,54.15,53.64,53.64,162793
20100430,WPI,42.97,43.2,42.79,42.82,10061
20100430,WPO,521.58,524.81,507.16,507.16,588
20100430,WU,18.67,18.79,18.21,18.25,116641
20100430,WY,50.49,51.19,49.51,49.52,23392
20100430,WYN,27.5,27.61,26.6,26.81,37871
20100430,WYNN,91.5,93.99,87.87,88.24,42853
20100430,X,57.21,57.85,54.3,54.66,164747
20100430,XEL,21.72,21.979,21.61,21.75,21376
20100430,XL,18.23,18.29,17.7,17.8,73508
20100430,XLNX,26.81,26.9,25.75,25.79,98804
20100430,XOM,68.9,69.31,67.73,67.77,437620
20100430,XRAY,37.75,38.15,36.64,36.65,14904
20100430,XRX,11.22,11.25,10.84,10.9,189338
20100430,XTO,48.36,48.65,47.46,47.52,200148
20100430,YHOO,17.02,17.1299,16.53,16.53,196881
20100430,YUM,42.85,42.94,42.25,42.42,39573
20100430,ZION,29.02,29.52,28.63,28.73,46478
20100430,ZMH,61.52,61.97,60.5,60.91,14361
