20100217,A,30.36,30.74,30.13,30.63,34986
20100217,AA,13.89,13.9,13.51,13.6,260527
20100217,AAPL,204.25,204.31,200.86,202.55,155855
20100217,ABC,27.73,27.78,27.06,27.59,58689
20100217,ABT,54.79,54.98,54.57,54.75,63756
20100217,ADBE,32.11,32.43,31.96,32.33,92139
20100217,ADI,28.67,28.85,28.01,28.38,66336
20100217,ADM,29.62,29.89,29.56,29.88,46118
20100217,ADP,41.49,41.5,41.2501,41.46,21297
20100217,ADSK,25.43,26.04,25.39,25.88,48786
20100217,AEE,25.22,25.4,25.06,25.4,19574
20100217,AEP,33.83,33.87,33.5,33.55,21452
20100217,AES,11.93,12.04,11.78,12.03,111363
20100217,AET,28.88,30,28.83,29.61,75200
20100217,AFL,48.84,49.13,48.33,48.74,29503
20100217,AGN,60.1,60.1,59.6,59.74,11455
20100217,AIG,27.53,27.84,26.66,26.9,53706
20100217,AIV,16.65,17.06,16.535,16.71,20533
20100217,AIZ,30.88,31.07,30.59,30.71,12814
20100217,AKAM,25.7,25.87,25.44,25.69,19905
20100217,AKS,23.06,23.34,22.53,22.99,82545
20100217,ALL,30.7,30.75,30.47,30.69,47454
20100217,ALTR,23.5,23.65,23.26,23.43,88776
20100217,AMAT,13.09,13.15,12.75,12.99,252025
20100217,AMD,8.11,8.2,7.94,8.03,120286
20100217,AMGN,57,57.57,56.75,57.2,68318
20100217,AMP,39.45,39.97,39.21,39.82,21644
20100217,AMT,43.45,43.81,43.315,43.71,22478
20100217,AMZN,117,117.13,115.55,116.31,89474
20100217,AN,18.23,18.529,18.14,18.46,18145
20100217,ANF,35.2,35.42,34.99,35.38,29399
20100217,AON,40.06,40.51,39.49,40.28,19094
20100217,APA,103.96,104.63,102.94,103.57,30496
20100217,APC,67.99,69,67.92,68.81,46352
20100217,APD,70.63,72,69.83,70.18,28069
20100217,APH,41.49,41.89,41.18,41.69,7763
20100217,APOL,60.25,60.85,60.1,60.47,19597
20100217,ARG,62.3,63.05,62.24,62.94,36861
20100217,ATI,44.77,44.81,43.31,44.03,22764
20100217,AVB,77.94,78.43,77.38,78.04,9777
20100217,AVP,30.25,30.56,30.12,30.53,27448
20100217,AVY,32.68,32.85,31.73,32.1,24475
20100217,AXP,39.53,39.58,38.82,39.05,98499
20100217,AYE,22.87,22.9965,22.49,22.59,36250
20100217,AZO,164.5,165.73,163.45,165.62,3284
20100217,BA,61.39,62,61,61.82,41161
20100217,BAC,15.35,15.88,15.25,15.66,2615418
20100217,BAX,57.14,57.91,57.08,57.65,44992
20100217,BBBY,41.1,41.43,40.29,41.17,33688
20100217,BBT,27.35,27.47,27.05,27.22,48711
20100217,BBY,36.46,36.84,36.02,36.28,57943
20100217,BCR,83.4,84,83.33,83.72,9440
20100217,BDK,69.81,70.81,69.45,70.63,5514
20100217,BDX,77.22,77.74,76.9309,77.36,12826
20100217,BEN,100.02,101.12,99.78,100.9,11582
20100217,BF.B,51.2,52.1,50.99,52,1986
20100217,BHI,48.17,48.27,47.6,48.05,36993
20100217,BIG,31.05,31.13,30.86,31.08,10489
20100217,BIIB,55.59,56.26,55.31,56.23,24977
20100217,BJS,21.77,21.92,21.63,21.81,37332
20100217,BK,27.66,27.91,27.53,27.71,43226
20100217,BLL,52.4,52.93,51.8204,52.15,7580
20100217,BMC,36.49,37.06,36.25,36.69,14017
20100217,BMS,28.38,28.58,27.78,27.94,10789
20100217,BMY,24.33,24.635,24.29,24.51,90111
20100217,BRCM,31.64,31.65,31.03,31.44,93773
20100217,BSX,7.48,7.82,7.47,7.75,385080
20100217,BTU,47.03,47.05,45.38,46.27,51389
20100217,BXP,65.23,65.68,64.92,65.39,10834
20100217,C,3.38,3.45,3.36,3.41,5756903
20100217,CA,22.16,22.25,22.005,22.11,29694
20100217,CAG,23.99,24.13,23.76,24.03,40355
20100217,CAH,33.69,33.8,33.21,33.75,31482
20100217,CAM,41.91,42.08,40.74,41.16,38695
20100217,CAT,58.01,58.35,57.22,57.5,84541
20100217,CB,49.99,50.05,49.77,50.02,22681
20100217,CBG,13.25,13.25,12.76,12.94,163178
20100217,CBS,13.38,13.64,13.34,13.52,80720
20100217,CCE,19.4,19.745,19.25,19.52,46781
20100217,CCL,33.85,34.125,33.75,34.01,41500
20100217,CEG,33.86,34,33.46,33.69,10960
20100217,CELG,57.95,59.38,57.71,59.08,28768
20100217,CEPH,66.2,67.33,65.81,67.28,13431
20100217,CF,104.49,107.46,103.87,104.65,22449
20100217,CFN,25.34,26.27,25.1,26.21,16120
20100217,CHK,26.2,26.44,25.68,26.36,146092
20100217,CHRW,53.22,53.43,52.57,53,13452
20100217,CI,32.63,33.72,32.63,33.19,53071
20100217,CINF,26.32,26.545,26.3,26.51,6749
20100217,CL,80.82,81.3833,80.55,81.2,17338
20100217,CLF,48.64,48.78,46.55,47.4,51900
20100217,CLX,60.05,60.48,59.9735,60.38,11270
20100217,CMA,35.78,35.78,34.82,35.21,23994
20100217,CMCSA,15.73,15.77,15.6,15.66,133990
20100217,CME,297.52,298.34,292.07,293.08,4178
20100217,CMI,57.5,57.5,55.96,56.46,24007
20100217,CMS,15.18,15.22,15.04,15.13,14755
20100217,CNP,13.96,14.09,13.95,14.06,34071
20100217,CNX,50.74,50.92,49.15,50.13,33402
20100217,COF,36.98,37.29,36.45,36.85,64321
20100217,COG,40.94,41.08,39.85,40.39,13670
20100217,COH,36.44,36.44,35.77,36.05,44889
20100217,COL,54.45,54.57,53.87,54.29,8598
20100217,COP,49.91,50.25,48.99,49.3,121089
20100217,COST,60.84,61.3,60.74,61.05,26630
20100217,CPB,33.01,33.79,32.92,33.62,29724
20100217,CPWR,7.14,7.25,7.03,7.22,22768
20100217,CRM,66.23,67.32,66.23,66.78,16680
20100217,CSC,52.29,52.32,51.85,52.05,8509
20100217,CSCO,23.98,24.09,23.74,24.07,485071
20100217,CSX,46.52,46.57,45.49,46.11,40355
20100217,CTAS,23.81,24.02,23.73,23.85,16316
20100217,CTL,35.27,35.34,34.92,35.1,29719
20100217,CTSH,47.46,47.62,46.99,47.19,29500
20100217,CTXS,43.25,43.97,43.17,43.89,35509
20100217,CVH,22.47,23.08,22.47,22.74,10217
20100217,CVS,33.73,34.15,33.62,33.99,91183
20100217,CVX,73.22,73.43,72.46,72.84,87280
20100217,D,38.27,38.47,38.15,38.38,33415
20100217,DD,32.84,33.22,32.74,33.13,69409
20100217,DE,57.69,58.05,56.05,56.48,173792
20100217,DELL,14.27,14.36,14.05,14.11,217673
20100217,DF,14.79,14.95,14.77,14.85,44014
20100217,DFS,13.69,13.69,13.46,13.53,48431
20100217,DGX,56.92,57.72,56.84,57.39,10372
20100217,DHI,13.43,13.53,12.94,13.12,69247
20100217,DHR,74.49,75.3,74.21,75.23,37195
20100217,DIS,30.54,30.93,30.38,30.86,97685
20100217,DNB,70.57,71.18,70.36,71.09,5245
20100217,DNR,15.26,15.26,14.905,15.1,71688
20100217,DO,88.01,88.63,86.22,87.82,19110
20100217,DOV,43.86,44.47,43.68,44.45,21333
20100217,DOW,28.48,28.93,28.32,28.74,85914
20100217,DPS,27.42,28.71,27.39,28.59,39333
20100217,DRI,40.71,40.99,40.48,40.59,19796
20100217,DTE,43.29,43.3,42.75,42.88,9344
20100217,DTV,30.98,31.83,30.875,31.65,133297
20100217,DUK,16.33,16.35,16.1,16.18,71019
20100217,DV,60.63,61.19,60.43,61.07,6686
20100217,DVA,59.87,60.92,59.7,60.35,13078
20100217,DVN,70.51,70.9,69.24,69.79,48391
20100217,EBAY,22.58,22.75,22.37,22.68,117851
20100217,ECL,42.25,42.62,42.09,42.36,26711
20100217,ED,43.11,43.11,42.7,42.86,10274
20100217,EFX,32.04,32.58,32.02,32.49,14783
20100217,EIX,33.44,33.83,33.18,33.31,16224
20100217,EK,6.14,6.22,6,6.05,74278
20100217,EL,58.5,59.005,58.29,58.86,13233
20100217,EMC,17.46,17.49,17.32,17.4,125866
20100217,EMN,59.79,59.97,58.85,59.3,6165
20100217,EMR,46.99,47.21,46.66,47.17,44433
20100217,EOG,93.1,93.27,92.19,92.86,21552
20100217,EP,10.52,10.59,10.38,10.47,118030
20100217,EQR,34.44,34.67,34.3,34.6,26150
20100217,EQT,44.31,44.56,44.17,44.23,21477
20100217,ERTS,16.39,16.66,16.38,16.63,90971
20100217,ESRX,87.89,89.48,87.2765,88.8,16630
20100217,ETFC,1.54,1.57,1.52,1.53,268788
20100217,ETN,66.86,67.42,66.13,67.04,17621
20100217,ETR,79.44,79.52,77.84,78.26,20601
20100217,EXC,44.54,44.54,43.89,43.99,28530
20100217,EXPD,34.13,34.29,33.9,34.19,11727
20100217,EXPE,22.26,22.39,21.8,21.88,77185
20100217,F,11.43,11.52,11.35,11.49,659831
20100217,FAST,43.13,43.34,42.59,43.12,8082
20100217,FCX,76.33,76.64,73.89,75.12,164052
20100217,FDO,32.29,32.5,32.1001,32.42,13524
20100217,FDX,79.9,80.49,78.93,79.94,24843
20100217,FE,39.5,39.5,38.47,38.57,45348
20100217,FHN,13.15,13.22,12.97,13.05,21245
20100217,FII,25.67,25.67,25.2,25.32,10075
20100217,FIS,22.61,22.61,22.32,22.61,28800
20100217,FISV,47.07,47.25,46.87,47.12,10507
20100217,FITB,12.16,12.19,11.89,12.05,149638
20100217,FLIR,26.87,27.07,26.55,26.93,31199
20100217,FLR,45.93,45.97,45.13,45.58,26008
20100217,FLS,97,98.28,96.41,97.34,4067
20100217,FMC,56.77,57.25,56.29,56.98,7645
20100217,FO,42.25,42.9,41.91,42.78,9235
20100217,FPL,46.58,46.6,45.7,45.77,28627
20100217,FRX,29.82,29.96,29.52,29.66,31538
20100217,FSLR,123.29,124.75,121.7,124.22,26028
20100217,FTI,57.03,58.58,55.39,55.87,35835
20100217,FTR,7.66,7.78,7.6,7.77,33149
20100217,GAS,40.01,40.14,39.6601,39.92,2641
20100217,GCI,14.81,15.07,14.79,14.95,42212
20100217,GD,69.76,70.1,69.1,70.1,22843
20100217,GE,16.19,16.22,16.06,16.15,605538
20100217,GENZ,55.51,56.24,54.615,55.78,51549
20100217,GILD,46.94,49,46.94,48.65,178470
20100217,GIS,70.64,71.15,70.58,70.97,17083
20100217,GLW,18.23,18.24,17.79,18.01,125602
20100217,GME,19.04,19.32,18.95,19.28,30588
20100217,GNW,14.95,14.99,14.72,14.86,63821
20100217,GOOG,542.44,543.4,537.61,538.207,20306
20100217,GPC,40.7,41.1,40.52,40.7,10684
20100217,GPS,19.84,19.97,19.74,19.9,66041
20100217,GR,64.6,65,63.491,64.18,13030
20100217,GS,158,158.19,155.81,157.26,100717
20100217,GT,13.35,13.99,13.35,13.9,44304
20100217,GWW,102.17,102.86,101.61,102.64,6402
20100217,HAL,31.15,31.24,30.73,31.08,113939
20100217,HAR,44.54,44.7,43.71,43.87,10418
20100217,HAS,35.14,35.51,35.02,35.43,14857
20100217,HBAN,4.82,4.88,4.725,4.76,126927
20100217,HCBK,13.46,13.47,13.17,13.24,52865
20100217,HCN,41.79,42.1799,41.66,42.02,10392
20100217,HCP,29.1,29.49,29.07,29.3,32018
20100217,HD,29.76,30.06,29.75,30.02,215245
20100217,HES,60.83,61.26,60.26,60.76,32947
20100217,HIG,23.97,24.3,23.79,24.08,62579
20100217,HNZ,44.68,45.02,44.63,45.02,23911
20100217,HOG,24.27,24.49,24.01,24.45,35040
20100217,HON,38.91,39.22,38.74,39.09,47180
20100217,HOT,37.54,37.72,36.9,37.56,19859
20100217,HPQ,49.87,50.25,49.7,50.12,234812
20100217,HRB,20.77,21.04,20.76,21.04,15619
20100217,HRL,40.25,40.73,40.25,40.59,7332
20100217,HRS,45.64,46.15,45.53,46.02,5100
20100217,HSP,51,51.71,50.9,51.69,7238
20100217,HST,11.28,11.92,11.28,11.81,98406
20100217,HSY,38.31,38.48,38.22,38.39,13307
20100217,HUM,46.22,47.3,46.18,46.64,17014
20100217,IBM,125.5,126.53,125.21,126.33,58273
20100217,ICE,104.38,104.75,101.6,102.81,11072
20100217,IFF,42.13,42.61,41.7,42.1,4795
20100217,IGT,18.57,18.65,18.1,18.17,37302
20100217,INTC,20.83,20.86,20.53,20.66,472966
20100217,INTU,29.83,29.99,29.57,29.91,24834
20100217,IP,24.05,24.47,23.55,23.71,59807
20100217,IPG,6.89,7.02,6.84,6.98,59219
20100217,IRM,23.12,23.67,22.86,23.55,29934
20100217,ISRG,335.51,341.18,335.51,341.15,6209
20100217,ITT,49.91,50.02,49.3,49.56,17483
20100217,ITW,44.95,45.55,44.73,45.45,38149
20100217,IVZ,19.29,19.38,19.06,19.16,36837
20100217,JBL,15.34,15.45,15.15,15.29,17512
20100217,JCI,29.15,29.29,28.71,29.08,51541
20100217,JCP,25.76,26.13,25.62,25.88,48160
20100217,JDSU,9.64,9.67,9.37,9.43,73473
20100217,JEC,38.59,38.81,38.19,38.74,13430
20100217,JNJ,63.63,64.36,63.61,63.98,94854
20100217,JNPR,25.51,25.73,25.39,25.62,59103
20100217,JNS,12.43,12.5,12.28,12.41,18595
20100217,JPM,40.26,40.45,39.76,40.04,346506
20100217,JWN,35.35,35.6,35,35.12,14381
20100217,K,52.66,52.98,52.45,52.98,23045
20100217,KEY,6.96,6.97,6.78,6.83,124987
20100217,KFT,28.86,28.95,28.45,28.63,248394
20100217,KG,11.72,11.79,11.63,11.72,16550
20100217,KIM,13.33,13.57,13.23,13.42,44244
20100217,KLAC,30.87,30.96,30.05,30.43,33278
20100217,KMB,59.41,59.64,59.25,59.35,25825
20100217,KO,54.81,55.55,54.76,55.33,85322
20100217,KR,21.71,21.96,21.63,21.73,67748
20100217,KSS,50.9,51.32,50.78,51.21,22024
20100217,L,36.23,36.49,35.89,36.17,15239
20100217,LEG,19.5,19.55,19.23,19.48,9632
20100217,LEN,17.52,17.88,17.09,17.34,57490
20100217,LH,72.49,73.5,72.49,73.15,10216
20100217,LIFE,48.99,49.71,48.76,49.5,15553
20100217,LLL,88.09,88.33,86.56,88.11,9086
20100217,LLTC,27.88,28,27.35,27.69,39214
20100217,LLY,34.35,34.62,34.22,34.39,57083
20100217,LM,26.43,26.54,26.17,26.52,19855
20100217,LMT,76.15,76.77,75.52,76.37,20600
20100217,LNC,25.12,25.4,24.91,25.15,33094
20100217,LO,75.94,75.94,75,75.6,22723
20100217,LOW,22.96,23.18,22.87,23.05,117734
20100217,LSI,5.65,5.68,5.45,5.57,104414
20100217,LTD,20.9,21.17,20.77,21.05,35776
20100217,LUK,22.54,22.98,22.32,22.91,8956
20100217,LUV,12.45,12.4501,12.07,12.29,80759
20100217,LXK,33.99,34.42,33.75,33.99,20489
20100217,M,17.84,18.1,17.76,17.93,84872
20100217,MA,225.6,226.05,223.43,224.83,12499
20100217,MAR,27.07,27.32,26.93,27.09,43296
20100217,MAS,14.12,14.12,13.75,13.95,45162
20100217,MAT,21.45,21.72,21.01,21.56,87383
20100217,MCD,64.21,64.3501,63.77,64.26,54245
20100217,MCHP,27.3,27.36,26.67,27.06,38580
20100217,MCK,59.95,60.5,59.3,60.27,20295
20100217,MCO,27.37,27.4,27.025,27.07,25290
20100217,MDP,30.925,31.26,30.87,31.19,1640
20100217,MDT,42.98,43.75,42.9,43.47,57782
20100217,MEE,43.65,43.97,42.6,43.75,60938
20100217,MET,35.23,35.37,34.73,34.87,60884
20100217,MFE,40.29,40.6,40.04,40.36,18146
20100217,MHP,34.67,34.99,34.47,34.75,9323
20100217,MHS,63.12,64.16,63.08,63.76,20112
20100217,MI,6.66,6.75,6.44,6.54,52522
20100217,MIL,69.86,70.32,69.7,70.04,2949
20100217,MJN,45.42,46.47,45.28,46.43,22554
20100217,MKC,36.6,37.29,36.6,37.12,6856
20100217,MMC,22.7,23.021,22.7,22.78,32995
20100217,MMM,80.42,80.69,79.7401,80.14,30951
20100217,MO,19.77,19.85,19.7,19.78,87580
20100217,MOLX,20.42,20.56,20.24,20.52,9808
20100217,MON,78.34,78.49,77.61,78.1,43551
20100217,MOT,7.28,7.3,6.99,7.11,378304
20100217,MRK,37.73,37.92,37.16,37.34,119612
20100217,MRO,29.8,29.92,29.5,29.63,63188
20100217,MS,27.87,27.96,27.23,27.39,165978
20100217,MSFT,28.58,28.65,28.36,28.59,458828
20100217,MTB,75.37,75.64,73.8,74.49,10184
20100217,MU,8.77,8.79,8.56,8.73,184294
20100217,MUR,52.81,52.87,52.04,52.48,13980
20100217,MWV,23.84,24.08,23.32,23.41,11265
20100217,MWW,14.78,14.92,14.68,14.84,12628
20100217,MYL,18.68,18.92,18.51,18.87,44939
20100217,NBL,77.26,77.42,75.79,76.44,18358
20100217,NBR,23.67,23.8,22.75,23.08,91759
20100217,NDAQ,18.63,18.69,18.38,18.57,23808
20100217,NEM,47.32,47.86,46.92,47.24,120856
20100217,NI,15.08,15.08,14.95,14.97,20575
20100217,NKE,63.87,64.69,63.62,64.48,26601
20100217,NOC,59.72,59.95,59.4,59.94,19530
20100217,NOV,44.21,44.6,44,44.33,51088
20100217,NOVL,4.88,4.9,4.81,4.85,34651
20100217,NRG,22.55,22.76,22.41,22.59,34664
20100217,NSC,49.92,50,48.89,49.26,22534
20100217,NSM,14.6,14.63,14.21,14.44,65559
20100217,NTAP,32.3,32.31,31.6999,32.08,116147
20100217,NTRS,51.22,51.99,50.75,51.84,20458
20100217,NU,25.92,26.03,25.78,25.85,11769
20100217,NUE,42.98,42.98,42.2,42.44,49832
20100217,NVDA,17.87,17.9,17.325,17.84,219139
20100217,NVLS,23.12,23.21,22.57,22.73,22070
20100217,NWL,13.81,13.88,13.61,13.75,39379
20100217,NWSA,13.38,13.55,13.31,13.45,125996
20100217,NYT,11.04,11.27,11.04,11.15,30519
20100217,NYX,25.72,25.75,25.36,25.51,33717
20100217,ODP,6.53,6.73,6.4,6.49,65928
20100217,OI,27.6,27.82,27.05,27.15,23364
20100217,OMC,36.14,36.48,35.87,36.35,34465
20100217,ORCL,23.97,24.285,23.94,24.18,261472
20100217,ORLY,39.91,40.98,39.75,40.79,20198
20100217,OXY,81.18,81.44,79.86,80.94,47493
20100217,PAYX,29.92,30.12,29.92,30.08,18707
20100217,PBCT,15.81,15.885,15.7001,15.83,29013
20100217,PBG,37.86,38.23,37.86,38.23,33696
20100217,PBI,22.82,22.82,22.46,22.59,18565
20100217,PCAR,36.57,36.6,35.67,36.06,16454
20100217,PCG,41.96,42.09,41.64,41.87,20218
20100217,PCL,36.31,36.76,36.17,36.63,20036
20100217,PCLN,213.42,215.73,209.367,212.87,20115
20100217,PCP,111.05,111.57,110.24,111.5,6039
20100217,PCS,6.18,6.28,6.16,6.21,35217
20100217,PDCO,29.64,29.91,29.57,29.62,15436
20100217,PEG,30.92,31.12,30.55,30.74,22196
20100217,PEP,61.48,62.2,61.25,62.11,67034
20100217,PFE,17.85,17.86,17.53,17.67,582604
20100217,PFG,22.91,23.0999,22.77,22.84,30883
20100217,PG,62.8,62.97,62.51,62.85,143843
20100217,PGN,37.87,38,37.68,37.81,21647
20100217,PGR,17.11,17.15,16.87,16.92,37664
20100217,PH,57.75,58.33,57.26,58.19,15015
20100217,PHM,11.73,11.82,11.41,11.61,65817
20100217,PKI,21.7,21.78,21.55,21.59,13218
20100217,PLD,12.19,12.34,12.06,12.27,74365
20100217,PLL,35.94,36.28,35.88,36.18,7151
20100217,PM,49.51,49.89,49.35,49.83,74023
20100217,PNC,52.75,52.8,51.4,51.85,62981
20100217,PNW,36.49,36.65,36.31,36.65,8572
20100217,POM,16.93,17.01,16.6,16.62,37357
20100217,PPG,61.29,61.95,61.07,61.81,14237
20100217,PPL,29.92,29.96,29.55,29.6,11546
20100217,PRU,51.01,51.31,50.22,50.57,42283
20100217,PSA,78.22,79.11,78.19,78.75,12442
20100217,PTV,23.27,23.48,22.88,22.98,17864
20100217,PWR,17.72,17.83,17.5,17.61,19166
20100217,PX,77.96,78.78,77.4,78.04,19331
20100217,PXD,48.81,49.235,48.05,48.73,9188
20100217,Q,4.43,4.48,4.41,4.45,274201
20100217,QCOM,39.08,39.7,39.02,39.43,247351
20100217,QLGC,17.56,17.64,17.39,17.6,17348
20100217,R,34.92,34.92,34.26,34.64,6666
20100217,RAI,51.71,52.01,51.53,51.91,10842
20100217,RDC,23.97,24.59,23.84,24.45,34708
20100217,RF,6.66,6.7,6.42,6.46,165374
20100217,RHI,28.05,28.24,27.88,28.18,12973
20100217,RHT,28.67,28.85,28.47,28.78,14830
20100217,RL,79.74,80.72,79.74,80.3,8856
20100217,ROK,53,53.58,52.86,53.09,11910
20100217,ROP,54.35,54.42,53.61,53.91,4330
20100217,ROST,46.65,47.1,46.59,47.09,14113
20100217,RRC,52.86,53.53,52.23,53.29,32250
20100217,RRD,20.14,20.26,19.91,20.17,19932
20100217,RSG,27.24,27.6,27.1,27.42,23434
20100217,RSH,20.71,21,20.67,20.88,24302
20100217,RTN,54.63,54.81,53.92,54.52,25575
20100217,RX,21.83,21.93,21.83,21.9,65568
20100217,S,3.22,3.28,3.16,3.24,347419
20100217,SAI,19.05,19.18,18.97,19.17,26044
20100217,SBUX,23,23.295,22.97,23.15,64774
20100217,SCG,35.38,35.385,34.8,35.03,7305
20100217,SCHW,17.82,17.9,17.5,17.74,101382
20100217,SE,21.36,21.47,21.3,21.38,27535
20100217,SEE,19.81,20.21,19.64,19.86,10968
20100217,SHLD,93.46,95.5295,93.07,95.32,18553
20100217,SHW,64.91,65.42,64.83,65.04,7400
20100217,SIAL,48.86,49.1,48.07,48.5,9264
20100217,SII,33.03,33.33,32.78,33.05,30096
20100217,SJM,59.79,60.59,59.69,60.34,6953
20100217,SLB,65.83,66,64.88,65.43,64307
20100217,SLE,13.45,13.72,13.44,13.69,84225
20100217,SLM,11.19,11.3,10.92,11.15,30275
20100217,SNA,42.25,42.62,41.86,42.47,2160
20100217,SNDK,28.39,29.35,28.1,28.82,182386
20100217,SNI,38.57,39.64,38.3,39.43,10916
20100217,SO,32.02,32.1,31.58,31.64,33206
20100217,SPG,74.84,76.64,74.79,75.85,49173
20100217,SPLS,24.9,25.15,24.825,25.05,47562
20100217,SRCL,52.51,53.2,52.08,53.02,6200
20100217,SRE,49.1,49.1,47.94,48.19,40026
20100217,STI,22.91,23.02,22.41,22.6,90225
20100217,STJ,38.37,39,38.29,38.83,28570
20100217,STR,41.77,42.75,41.55,42.66,18175
20100217,STT,45.38,45.45,44.52,44.84,44569
20100217,STZ,15.65,15.84,15.55,15.68,13603
20100217,SUN,27.04,27.06,26.59,26.75,16330
20100217,SVU,15.2,15.48,15.14,15.44,31622
20100217,SWK,55.08,55.99,54.77,55.84,13099
20100217,SWN,45.76,45.95,44.87,45.7,32214
20100217,SWY,22.94,23.38,22.88,23.2,43796
20100217,SYK,53,53.22,52.8,53.07,11178
20100217,SYMC,17.07,17.2,16.83,16.94,97525
20100217,SYY,28.43,28.72,28.12,28.47,34992
20100217,T,25.41,25.52,25.2,25.4,195064
20100217,TAP,40.1,40.63,39.97,40.47,18435
20100217,TDC,29.53,29.7,29.16,29.58,13377
20100217,TE,15.3,15.3,15.08,15.16,16037
20100217,TEG,42.87,44.08,42.74,43.82,26647
20100217,TER,10.13,10.2,9.95,10,24173
20100217,TGT,50.28,50.76,50.167,50.6,54742
20100217,THC,5.35,5.59,5.35,5.55,75280
20100217,TIE,11.91,11.95,11.38,11.64,31406
20100217,TIF,42.79,43.12,42.36,43.05,21881
20100217,TJX,38.64,38.96,38.63,38.79,29029
20100217,TLAB,6.8,7.01,6.72,6.87,87219
20100217,TMK,44.93,45.41,44.86,45.4,5896
20100217,TMO,48.21,48.86,48.17,48.71,22649
20100217,TROW,50.47,50.59,49.595,49.92,15045
20100217,TRV,51.71,51.92,51.17,51.75,45127
20100217,TSN,16.5,16.67,16.23,16.63,72728
20100217,TSO,12.16,12.17,11.72,11.87,62586
20100217,TSS,14.44,14.44,14.28,14.36,9890
20100217,TWC,45.69,46.25,45.52,46.14,20684
20100217,TWX,28.8,29.03,28.48,28.95,94550
20100217,TXN,24.86,24.97,24.3,24.71,194304
20100217,TXT,19.23,19.28,18.91,19.06,28587
20100217,UNH,31.68,33.21,31.68,32.55,116908
20100217,UNM,20.63,20.74,20.19,20.53,33160
20100217,UNP,65.56,65.66,64.06,64.98,27938
20100217,UPS,57.51,57.6,57.1421,57.51,44890
20100217,URBN,31.34,31.57,31.2712,31.56,21285
20100217,USB,23.89,23.89,23.48,23.73,219604
20100217,UTX,66.3,67.53,65.82,67.35,59886
20100217,V,86.01,86.54,85.76,86.42,37441
20100217,VAR,48.03,48.74,48.02,48.67,5739
20100217,VFC,75.75,76.62,75.71,76.55,10885
20100217,VIA,31.15,31.62,31,31.47,411
20100217,VLO,18,18.1,17.71,17.82,73303
20100217,VMC,44.64,45,43.97,44.35,10084
20100217,VNO,64.94,64.94,63.14,63.84,23871
20100217,VRSN,23.83,24.17,23.6,24.12,31229
20100217,VTR,43.44,44.29,43.38,44.17,16712
20100217,VZ,29.26,29.4,29.03,29.14,134212
20100217,WAG,33.69,34.57,33.65,34.19,77995
20100217,WAT,59.25,59.29,58.58,58.92,6187
20100217,WDC,42.87,42.94,41.92,42.64,41116
20100217,WEC,48.99,49.01,48.47,48.66,5648
20100217,WFC,27.61,27.64,27.09,27.33,501096
20100217,WFMI,32.89,34.72,32.78,34.35,189919
20100217,WFR,12.93,13,12.56,12.69,37780
20100217,WHR,82.2,83.21,82.03,83.06,9754
20100217,WIN,10.28,10.51,10.22,10.51,49380
20100217,WLP,58.55,61.09,58.55,59.7,91822
20100217,WM,33.09,33.2,32.84,33,20750
20100217,WMB,22.39,22.51,22.18,22.39,54554
20100217,WMT,53.69,54.25,53.65,54.06,155341
20100217,WPI,38.67,38.86,38.58,38.59,9537
20100217,WPO,416.43,417.53,413.8,415.01,286
20100217,WU,16.5,16.71,16.4,16.4,46418
20100217,WY,40.76,40.97,39.95,40.32,15384
20100217,WYN,22.91,22.99,22.69,22.96,19396
20100217,WYNN,65.41,65.75,63.54,64.41,16801
20100217,X,51.86,52.47,50.01,50.85,191881
20100217,XEL,20.64,20.76,20.47,20.55,22496
20100217,XL,18.09,18.27,17.85,18.04,45966
20100217,XLNX,25.12,25.26,24.859,25.1,48747
20100217,XOM,66.34,66.45,65.57,65.76,218227
20100217,XRAY,33.18,33.19,32.94,33.12,13996
20100217,XRX,8.9,9.03,8.8,8.92,137136
20100217,XTO,46.49,46.67,45.95,46.06,98349
20100217,YHOO,15.51,15.52,15.32,15.44,127328
20100217,YUM,33.72,33.87,33.55,33.66,27742
20100217,ZION,18.46,18.49,17.85,18.05,39481
20100217,ZMH,58.42,58.54,58.02,58.34,9841
