20100329,A,34.31,34.7,34.28,34.4,38466
20100329,AA,14.45,14.52,14.33,14.44,238356
20100329,AAPL,232.91,233.8699,231.62,232.39,193122
20100329,ABC,28.76,28.93,28.62,28.84,20647
20100329,ABT,53.08,53.15,52.73,53.12,105573
20100329,ADBE,35.67,36.01,35.6,35.74,50556
20100329,ADI,28.53,29.08,28.53,28.82,41414
20100329,ADM,29.08,29.13,28.69,29.03,74543
20100329,ADP,44.19,44.66,44.18,44.54,30976
20100329,ADSK,29.55,29.75,29.44,29.56,19953
20100329,AEE,25.74,25.99,25.61,25.93,15293
20100329,AEP,34.1,34.4,34.09,34.37,25191
20100329,AES,10.91,11.26,10.91,11.24,80273
20100329,AET,34.35,35.02,34.27,34.92,29275
20100329,AFL,53.71,54.01,53.48,53.65,23535
20100329,AGN,64.24,64.79,64.14,64.42,15393
20100329,AIG,34.65,35,33.86,34.45,108406
20100329,AIV,18.8,18.8,18.34,18.38,23420
20100329,AIZ,34.02,34.41,33.99,34.37,9019
20100329,AKAM,31.84,32.18,31.63,31.68,24571
20100329,AKS,23.32,23.52,23.14,23.32,55897
20100329,ALL,32.38,32.46,32.16,32.26,34194
20100329,ALTR,24.34,24.63,24.29,24.31,59357
20100329,AMAT,13.23,13.45,13.22,13.31,278288
20100329,AMD,9.08,9.2,9.06,9.11,96318
20100329,AMGN,59.68,60.15,59.61,59.91,42686
20100329,AMP,44.18,44.55,43.95,44.5,17345
20100329,AMT,41.89,43,41.89,42.77,51623
20100329,AMZN,135.5,136.63,134.33,135.12,46276
20100329,AN,19.14,19.21,18.94,19.02,11390
20100329,ANF,45.36,45.66,44.46,44.74,17104
20100329,AON,42.59,43.06,42.47,42.9,16726
20100329,APA,98.98,100.2,98.59,99.8,47980
20100329,APC,69.8,71.64,69.5,71.53,39844
20100329,APD,74.57,75.09,73.43,74.3,18339
20100329,APH,41.64,42.48,41.57,42.42,13441
20100329,APOL,65.02,65.0399,62.55,63.16,64540
20100329,ARG,64.06,64.18,63.62,63.85,9347
20100329,ATI,54.09,56,53.67,55.73,32800
20100329,AVB,87.02,87.2,86.13,86.86,9587
20100329,AVP,33.35,34.32,33.35,33.96,42782
20100329,AVY,35.61,36.08,35.58,36.08,16089
20100329,AXP,41.27,41.68,41,41.48,58654
20100329,AYE,22.91,23,22.66,22.92,29211
20100329,AZO,174.31,174.73,172.87,173.23,2937
20100329,BA,73.08,74.53,73,74.11,90641
20100329,BAC,18.17,18.2,17.77,18.04,1525396
20100329,BAX,58.61,58.88,58.49,58.71,24071
20100329,BBBY,44.28,44.45,43.76,43.9,20840
20100329,BBT,32.4,32.57,32.01,32.2,44439
20100329,BBY,43.42,43.42,42.41,43,68761
20100329,BCR,85.92,86.59,85.6,86.45,5458
20100329,BDX,78.46,79.16,78.4,79,8642
20100329,BEN,111.19,111.47,110.34,111.24,8466
20100329,BF.B,57.56,58.79,57.4,58.78,3045
20100329,BHI,45.13,46.16,45.08,45.65,56645
20100329,BIG,37.65,37.82,36.8352,37.32,12061
20100329,BIIB,58.2,58.7,57.89,58.42,18006
20100329,BJS,20.73,21.07,20.67,20.87,43479
20100329,BK,31.09,31.22,30.68,30.96,43425
20100329,BLL,54.08,54.34,53.96,54.05,2884
20100329,BMC,38.36,38.56,37.9,37.98,22534
20100329,BMS,29.27,29.54,29.14,29.26,5859
20100329,BMY,26.78,27.07,26.7,27,126283
20100329,BRCM,33.27,33.63,33.2,33.31,54741
20100329,BRK.B,81.54,81.96,81.54,81.75,35792
20100329,BSX,7.04,7.2,6.97,7.19,352989
20100329,BTU,45.2,46.5,44.81,46.07,65806
20100329,BXP,75.63,76.25,75.43,76.25,9014
20100329,C,4.38,4.41,4.11,4.18,8862683
20100329,CA,23.45,23.61,23.32,23.38,30387
20100329,CAG,24.69,25.09,24.62,25.03,50706
20100329,CAH,35.55,36.16,35.48,36.07,19888
20100329,CAM,41.25,42.3899,41.18,42.21,24677
20100329,CAT,62.76,63.6,62.76,63.48,69864
20100329,CB,52.39,52.59,52.29,52.47,15992
20100329,CBG,15.67,16.1,15.26,15.98,92911
20100329,CBS,14.01,14.17,13.96,14.14,73867
20100329,CCE,27.64,28.16,27.53,28.09,83136
20100329,CCL,39.03,39.1,38.63,38.98,24704
20100329,CEG,35.71,35.99,35.21,35.44,33652
20100329,CELG,62.15,62.79,62,62.48,26273
20100329,CEPH,71,72.87,70.95,72.62,22554
20100329,CF,94.22,94.6485,92.64,92.93,18097
20100329,CFN,25.49,25.83,25.26,25.8,12283
20100329,CHK,22.7,23.35,22.57,23.28,196601
20100329,CHRW,55.92,56.77,55.71,56.09,12794
20100329,CI,36.04,36.43,35.78,36.35,15918
20100329,CINF,29.11,29.34,29.06,29.31,7057
20100329,CL,84.35,85.23,84.25,84.98,14991
20100329,CLF,72.69,73.95,72.23,72.85,59301
20100329,CLX,64.72,65.12,64.41,64.99,7563
20100329,CMA,37.76,37.96,37.3,37.88,17769
20100329,CMCSA,18.25,18.58,18.25,18.5,147137
20100329,CME,318.98,318,314,315.64,5478
20100329,CMI,62.9,63.18,62.43,63.08,21769
20100329,CMS,15.53,15.67,15.44,15.55,29130
20100329,CNP,14.24,14.5,14.18,14.47,34433
20100329,CNX,42.92,43.39,42.54,42.66,131939
20100329,COF,42.34,42.75,41.79,42.65,48706
20100329,COG,36.59,37.48,36.53,37.13,12248
20100329,COH,40.53,40.53,39.47,39.98,43549
20100329,COL,62.36,63.49,62.36,63.4,10827
20100329,COP,51.41,51.54,50.86,51.15,129100
20100329,COST,60.14,60.43,59.96,60.14,23754
20100329,CPB,34.97,35.63,34.94,35.56,20894
20100329,CPWR,8.49,8.5,8.38,8.42,10731
20100329,CRM,75.21,75.43,74.46,74.77,10567
20100329,CSC,54.73,55.07,54.63,54.97,5725
20100329,CSCO,26.61,26.69,26.45,26.51,303886
20100329,CSX,51.41,51.8,51.01,51.51,20782
20100329,CTAS,28.01,28.405,27.93,28.35,11457
20100329,CTL,35.49,35.53,35.19,35.52,28543
20100329,CTSH,51.37,51.39,50.87,51.14,19577
20100329,CTXS,47.99,48.28,47.74,47.98,21474
20100329,CVH,25.02,25.2,24.9616,25.08,7472
20100329,CVS,36.81,37.14,36.51,37.07,131832
20100329,CVX,74.61,75.44,74.49,75.23,88191
20100329,D,40.75,41.27,40.62,41.18,39695
20100329,DD,37.8,38.19,37.5,37.72,82571
20100329,DE,60.83,61.42,60.73,61.35,33643
20100329,DELL,15.1,15.2,14.92,14.96,120520
20100329,DF,15.73,15.9,15.62,15.8,18781
20100329,DFS,15.46,15.51,15.23,15.35,63030
20100329,DGX,57.99,58.63,57.99,58.49,6987
20100329,DHI,13.21,13.23,12.74,13.03,50741
20100329,DHR,76.92,77.51,76.645,77.37,15477
20100329,DIS,35.28,35.42,34.97,35.16,125606
20100329,DISCA,33.83,34.2081,33.42,33.6,15824
20100329,DNB,73.81,74.32,73.69,74.22,3925
20100329,DNR,15.68,16.31,15.65,16.25,75377
20100329,DO,85.61,86.73,85.61,85.82,16989
20100329,DOV,46.23,46.68,45.98,46.64,16589
20100329,DOW,30.03,30.21,29.27,29.52,103707
20100329,DPS,35.97,35.99,35.56,35.64,19042
20100329,DRI,44.32,45,44.28,44.97,20185
20100329,DTE,44.88,45.38,44.8,45.38,7320
20100329,DTV,33.45,33.57,33,33.23,93872
20100329,DUK,16.45,16.59,16.42,16.59,52985
20100329,DV,66.66,66.91,65.36,66.12,5987
20100329,DVA,62.8,63.24,62.77,63.09,4444
20100329,DVN,63.63,64.9925,63.51,64.57,56439
20100329,EBAY,27.4,27.52,27.17,27.28,113320
20100329,ECL,43.54,43.84,43.37,43.63,14075
20100329,ED,44.34,44.6,44.26,44.58,14776
20100329,EFX,36.24,36.63,36.06,36.4,13157
20100329,EIX,33.8,34.24,33.68,34.2,17845
20100329,EK,6.02,6.06,5.95,6,40897
20100329,EL,64.15,65.17,64.07,65.08,12484
20100329,EMC,18.6,18.69,17.87,18.06,442249
20100329,EMN,63.61,64.24,63.61,63.99,8410
20100329,EMR,49.93,50.03,49.64,49.83,24367
20100329,EOG,91.92,93.09,91.56,92.96,30938
20100329,EP,10.72,10.88,10.63,10.85,131288
20100329,EQR,39.55,39.56,39.11,39.36,21628
20100329,EQT,40.47,41.26,40.29,41.21,16263
20100329,ERTS,18.89,18.99,18.61,18.68,30194
20100329,ESRX,100.84,102.4,100.58,102.24,13829
20100329,ETFC,1.58,1.6,1.57,1.59,183794
20100329,ETN,74.85,76.21,74.85,76.09,13430
20100329,ETR,80.6,81.75,80.56,81.61,9495
20100329,EXC,43.5,43.93,43.31,43.92,30870
20100329,EXPD,36.85,37.29,36.795,37.02,12275
20100329,EXPE,23.03,24.87,22.92,24.35,105705
20100329,F,13.7,13.8841,13.39,13.57,1582249
20100329,FAST,48.42,48.79,48.33,48.43,9844
20100329,FCX,80.93,82.99,80.5,82.88,173210
20100329,FDO,37,37.1,36.75,36.88,18565
20100329,FDX,91.75,92.43,90.84,92.23,34235
20100329,FE,38.89,39.05,38.31,38.99,31678
20100329,FHN,14.25,14.26,14,14.07,24677
20100329,FII,26.38,26.44,26.11,26.23,5731
20100329,FIS,23.79,23.82,23.46,23.57,20572
20100329,FISV,50.59,50.8,50.33,50.53,8545
20100329,FITB,13.3,13.43,13.2,13.31,73401
20100329,FLIR,27.97,28.25,27.8175,27.97,15063
20100329,FLR,46.44,47.08,46.42,46.98,22801
20100329,FLS,109.78,111.16,109.78,110.51,6621
20100329,FMC,60.39,60.74,60.18,60.45,3962
20100329,FO,49.24,49.43,49.03,49.34,6701
20100329,FPL,47.85,48.585,47.75,48.58,27895
20100329,FRX,31.52,31.58,31.16,31.54,16850
20100329,FSLR,118.22,120.5,117.3,119.37,21489
20100329,FTI,62.26,63.2,61.96,62.96,9498
20100329,FTR,7.4,7.4,7.3,7.4,39744
20100329,GAS,42.22,42.47,42,42.3,4368
20100329,GCI,16.67,17,16.52,16.72,29556
20100329,GD,77.35,78.62,77.17,78.48,31685
20100329,GE,18.52,18.56,18.245,18.4,839210
20100329,GENZ,53,53.57,52.77,52.98,35058
20100329,GILD,45.38,46.225,45.325,45.88,73242
20100329,GIS,70.67,71.07,70.3,70.86,25878
20100329,GLW,19.88,20.15,19.8,20.1,132614
20100329,GME,22.14,22.3,21.73,21.77,34669
20100329,GNW,17.71,17.77,17.41,17.6,72470
20100329,GOOG,563.05,564.72,560.57,562.45,31051
20100329,GPC,41.99,42.18,41.83,42.06,5290
20100329,GPS,23.43,23.58,23.04,23.23,43717
20100329,GR,71.18,71.36,70.56,71.05,12252
20100329,GS,173.87,174.43,171.64,174.05,117871
20100329,GT,13.14,13.27,12.98,13.15,38754
20100329,GWW,109.17,109.73,109.09,109.47,2292
20100329,HAL,29.65,30.09,29.48,29.87,122552
20100329,HAR,47.5,48.19,46.935,47.26,8487
20100329,HAS,38.56,39.23,38.56,39.22,22252
20100329,HBAN,5.53,5.55,5.38,5.45,144006
20100329,HCBK,14.01,14.16,13.93,14.13,50932
20100329,HCN,46.1,46.18,45.66,45.83,9172
20100329,HCP,33.53,33.65,32.95,33.13,30973
20100329,HD,32.78,32.89,32.5,32.6,89293
20100329,HES,60.1,61.44,59.73,61.08,34344
20100329,HIG,28.16,28.226,27.57,28.18,75740
20100329,HNZ,45.73,45.81,45.56,45.64,35305
20100329,HOG,28.11,28.35,27.87,28.32,30309
20100329,HON,44.91,45.13,44.75,44.87,43197
20100329,HOT,46.29,46.69,46.07,46.2,30563
20100329,HP,37.12,37.89,37.02,37.77,20478
20100329,HPQ,53.42,53.63,52.9,52.97,102354
20100329,HRB,17.85,17.85,17.56,17.78,39597
20100329,HRL,42,42.5,41.95,42.44,5283
20100329,HRS,46.46,46.86,46.25,46.85,7795
20100329,HSP,56.65,57.0122,56.47,56.86,7499
20100329,HST,14.55,14.73,14.37,14.62,91685
20100329,HSY,42.61,42.96,42.37,42.87,10042
20100329,HUM,47.35,47.71,47.22,47.43,19255
20100329,IBM,129.3,129.95,128.26,128.59,46432
20100329,ICE,111.49,112,110.33,111.36,7538
20100329,IFF,46.81,48.15,46.81,47.96,11322
20100329,IGT,17.81,18.46,17.8,18.44,55469
20100329,INTC,22.43,22.49,22.26,22.33,344678
20100329,INTU,34.24,34.49,34.11,34.32,28211
20100329,IP,25.24,25.48,25.06,25.15,65090
20100329,IPG,8.38,8.55,8.3,8.49,50369
20100329,IRM,27.07,27.74,27.07,27.74,13247
20100329,ISRG,341.11,348.4999,340.2,347.79,4437
20100329,ITT,53.89,54.22,53.46,53.93,20994
20100329,ITW,47.34,47.4837,47.022,47.21,32408
20100329,IVZ,21.22,21.56,21.01,21.47,36251
20100329,JBL,16.52,16.6,16.34,16.37,35186
20100329,JCI,32.97,33.33,32.66,32.75,37837
20100329,JCP,33.29,33.29,32.46,32.91,28667
20100329,JDSU,11.95,11.99,11.8,11.96,48210
20100329,JEC,45.05,45.74,44.94,45.65,11408
20100329,JNJ,64.46,64.935,64.4,64.82,78128
20100329,JNPR,30.64,30.87,30.385,30.65,32207
20100329,JNS,14.38,14.64,14.35,14.54,21047
20100329,JPM,45.25,45.38,44.46,44.86,306343
20100329,JWN,42.02,42.2,41.44,41.81,19310
20100329,K,53.28,53.96,53.1,53.86,23812
20100329,KEY,7.89,7.93,7.59,7.72,170383
20100329,KFT,30.4,30.6,30.26,30.54,101267
20100329,KG,11.9,11.91,11.77,11.85,20171
20100329,KIM,16.19,16.21,15.94,16.16,44287
20100329,KLAC,30.65,30.9,30.44,30.61,26515
20100329,KMB,62.88,63.42,62.71,63.22,20520
20100329,KO,54.8,54.9601,54.67,54.77,69267
20100329,KR,21.21,21.43,21.2,21.34,49116
20100329,KSS,56.56,56.62,55.39,55.74,20662
20100329,L,37.36,37.46,37.25,37.36,21949
20100329,LEG,21.74,21.8,21.47,21.53,14280
20100329,LEN,18.47,18.56,17.8,18.24,64590
20100329,LH,75.78,75.88,75.47,75.81,5880
20100329,LIFE,52.07,52.94,51.88,52.59,10725
20100329,LLL,93.75,93.86,93.11,93.59,9069
20100329,LLTC,28.03,28.49,27.99,28.42,36229
20100329,LLY,35.5,35.73,35.34,35.47,69548
20100329,LM,29.64,29.65,29.06,29.3,14223
20100329,LMT,84.54,85.2281,84.53,84.82,13433
20100329,LNC,30.07,30.27,29.89,30.22,37218
20100329,LO,75.28,75.85,74.8,74.88,23553
20100329,LOW,24.51,24.62,24.26,24.31,79464
20100329,LSI,6.41,6.45,6.33,6.39,59076
20100329,LTD,25.6,25.82,25.2,25.78,39355
20100329,LUK,25.28,25.53,24.99,25,9812
20100329,LUV,13.11,13.26,13.09,13.18,71695
20100329,LXK,35.55,35.9,35.29,35.5,14553
20100329,M,21.87,21.99,21.6,21.64,59181
20100329,MA,246.93,249.24,246.61,248.01,7286
20100329,MAR,31.14,31.46,31.03,31.28,55160
20100329,MAS,15.28,15.45,15.13,15.32,26264
20100329,MAT,23.11,23.26,23.02,23.09,27576
20100329,MCD,67.46,67.48,66.59,67.07,65225
20100329,MCHP,28.68,28.76,28.47,28.56,13723
20100329,MCK,63.62,65.4,63.48,65.19,23097
20100329,MCO,30.37,30.86,30.28,30.54,12632
20100329,MDP,34.45,34.69,34.21,34.34,934
20100329,MDT,44.65,45.2,44.49,45.07,47880
20100329,MEE,51.41,54.66,51.41,54.27,76463
20100329,MET,42.48,43.09,42.36,43,47888
20100329,MFE,40.24,40.44,39.86,39.97,21674
20100329,MHP,35.67,36.01,35.54,35.63,11583
20100329,MHS,65.12,65.26,64.62,64.68,33155
20100329,MI,8.16,8.2,7.89,8.07,75106
20100329,MIL,105.46,105.75,105.45,105.54,8524
20100329,MJN,51.98,52.44,51.76,52.35,9719
20100329,MKC,37.78,37.98,37.61,37.85,8508
20100329,MMC,24.7,24.79,24.62,24.77,21376
20100329,MMM,81.24,81.69,81.03,81.36,31027
20100329,MO,20.5,20.69,20.46,20.65,123763
20100329,MOLX,20.97,21.15,20.91,21,6335
20100329,MON,71.93,71.95,71,71.06,66645
20100329,MOT,7.22,7.29,7.18,7.23,125978
20100329,MRK,37.58,38.01,37.58,37.89,111582
20100329,MRO,31.04,31.55,31.04,31.46,51539
20100329,MS,29.28,29.6,29,29.43,150410
20100329,MSFT,29.7,29.82,29.55,29.59,333407
20100329,MTB,81.03,81.46,79.72,80.95,6588
20100329,MU,10.67,10.79,10.58,10.63,222259
20100329,MUR,53.79,54.98,53.63,54.98,18767
20100329,MWV,25.58,26.38,25.5325,25.99,12173
20100329,MWW,17.08,17.25,16.92,16.95,14274
20100329,MYL,22.5,22.95,22.35,22.87,56103
20100329,NBL,69.81,71.33,69.48,71.29,14870
20100329,NBR,19.14,19.71,19.14,19.53,73143
20100329,NDAQ,21.05,21.225,21.04,21.16,14120
20100329,NEM,49.69,50.47,49.45,50.37,64418
20100329,NI,15.82,16,15.77,15.97,13569
20100329,NKE,74.16,74.33,73.58,73.97,16306
20100329,NOC,65.72,66.056,65.52,65.78,20192
20100329,NOV,40.24,40.85,40.18,40.6,54432
20100329,NOVL,5.86,5.86,5.71,5.75,57594
20100329,NRG,20.34,20.63,20.3,20.6,43230
20100329,NSC,55.17,55.93,54.96,55.81,17961
20100329,NSM,14.56,14.64,14.48,14.54,39701
20100329,NTAP,32.79,33.19,32.42,32.54,32045
20100329,NTRS,55.57,55.68,54.87,55.19,16410
20100329,NU,27.11,27.55,27.11,27.54,7536
20100329,NUE,45.99,46.38,45.7,46.04,34116
20100329,NVDA,17.52,17.6,17.21,17.56,98633
20100329,NVLS,25,25.25,24.82,24.92,22420
20100329,NWL,15.34,15.38,15.19,15.31,23162
20100329,NWSA,14.53,14.59,14.39,14.55,92441
20100329,NYT,11.19,11.33,10.89,11.19,16930
20100329,NYX,29.33,29.69,29.17,29.65,27252
20100329,ODP,8.22,8.35,8.12,8.16,30297
20100329,OI,35.22,36.01,35.2,35.28,14861
20100329,OKE,45.48,46.06,45.4,46.06,5565
20100329,OMC,39.86,40.01,39.47,39.57,20062
20100329,ORCL,25.71,25.85,25.41,25.57,289753
20100329,ORLY,41,42.05,40.77,41.76,18356
20100329,OXY,82.24,84.46,81.94,84.14,81406
20100329,PAYX,31.32,31.47,31,31.19,26611
20100329,PBCT,15.72,15.79,15.6,15.75,30957
20100329,PBI,24.41,24.53,24.36,24.44,9550
20100329,PCAR,43.54,44.11,43.54,43.87,17738
20100329,PCG,42.64,42.985,42.64,42.81,17280
20100329,PCL,38.39,38.6,38.23,38.33,13130
20100329,PCLN,257.56,259.92,254.39,255.67,10882
20100329,PCP,126.36,127.74,125.78,127.09,18279
20100329,PCS,6.93,7.06,6.92,6.98,27638
20100329,PDCO,30.85,31.15,30.72,31.06,6417
20100329,PEG,29.31,29.51,29.151,29.49,26896
20100329,PEP,66.61,66.87,66.3,66.55,68255
20100329,PFE,17.2,17.34,17.14,17.28,487424
20100329,PFG,29.36,29.49,28.92,29.32,44359
20100329,PG,63.73,64.04,63.59,63.73,81766
20100329,PGN,39.39,39.59,39.27,39.51,16528
20100329,PGR,19.61,19.69,19.16,19.26,45496
20100329,PH,64.92,65.31,64.77,65.24,12867
20100329,PHM,11.76,11.79,11.5,11.62,41491
20100329,PKI,24.09,24.3,24.06,24.23,7377
20100329,PLD,14.06,14.17,13.7,13.71,62008
20100329,PLL,39.91,40.33,39.83,40.3,6102
20100329,PM,52.27,52.74,52.25,52.53,72715
20100329,PNC,60,60.16,58.96,59.47,27158
20100329,PNW,37.72,38.22,37.55,38.22,7212
20100329,POM,16.72,17.05,16.7,16.91,22127
20100329,PPG,66.3,66.63,65.47,65.76,9039
20100329,PPL,27.7,27.95,27.56,27.89,20460
20100329,PRU,59.59,60,59.12,59.91,24078
20100329,PSA,92.5,92.83,92,92.64,10157
20100329,PTV,25.47,25.81,25.36,25.49,24267
20100329,PWR,19.54,19.56,19.39,19.46,30110
20100329,PX,81.82,82.2901,81.01,81.84,13102
20100329,PXD,53.3,54.45,53.17,54.42,9143
20100329,Q,5.28,5.28,5.17,5.27,245570
20100329,QCOM,42,42.09,41.6,41.76,115926
20100329,QLGC,20.25,20.45,19.97,20.07,18847
20100329,R,38.75,39.3,38.66,38.86,3065
20100329,RAI,53.83,54.455,53.56,54.28,10050
20100329,RDC,27.31,27.9,27.24,27.63,24325
20100329,RF,7.69,7.78,7.52,7.64,177552
20100329,RHI,31.03,31.3225,30.86,31.15,8842
20100329,RHT,28.5,28.61,28.15,28.16,34619
20100329,RL,86.5,86.67,84.88,85.69,6801
20100329,ROK,55.72,56.105,55.52,55.55,10779
20100329,ROP,57.01,57.09,56.3,56.96,5783
20100329,ROST,53.85,53.85,53.08,53.48,13693
20100329,RRC,46.04,47.12,45.84,46.95,24899
20100329,RRD,21.28,21.64,21.21,21.5,16387
20100329,RSG,29.07,29.25,28.98,29.22,35460
20100329,RSH,23.69,23.69,22.5,22.98,47937
20100329,RTN,57.58,57.74,57.16,57.67,21731
20100329,S,3.84,3.88,3.77,3.79,273180
20100329,SAI,19.35,19.35,18.9,18.91,33623
20100329,SBUX,24.7,24.77,24.2899,24.61,68593
20100329,SCG,37.73,38.02,37.7,38.02,7008
20100329,SCHW,18.76,18.94,18.68,18.73,118244
20100329,SE,22.7,22.96,22.66,22.82,43033
20100329,SEE,21.32,21.56,21.16,21.28,12882
20100329,SHLD,109.01,110.54,108.98,109.74,4240
20100329,SHW,67.13,67.39,66.84,67.01,5507
20100329,SIAL,53.27,54.13,53.01,53.76,5983
20100329,SII,41.95,42.77,41.8,42.58,72144
20100329,SJM,59.94,60.09,59.76,60.06,6160
20100329,SLB,62.32,63.4,62.18,63.07,109527
20100329,SLE,13.77,13.9,13.77,13.85,58339
20100329,SLM,12.68,12.78,12.58,12.67,60918
20100329,SNA,42.99,43.35,42.76,43.06,2592
20100329,SNDK,35.035,35.64,34.96,35.13,57038
20100329,SNI,44.17,44.425,43.64,44.07,6936
20100329,SO,33.11,33.35,33.11,33.34,26400
20100329,SPG,85.21,85.54,84.38,85.15,17352
20100329,SPLS,23.77,23.96,23.63,23.75,59063
20100329,SRCL,54.76,55.37,54.52,55.04,3584
20100329,SRE,49.25,50.5,49.15,50.44,20971
20100329,STI,26.7,26.76,26.18,26.34,32070
20100329,STJ,41.07,41.24,40.72,40.84,21670
20100329,STR,42.7,43.29,42.31,43.15,16577
20100329,STT,46.51,47.11,46.07,46.27,30423
20100329,STZ,16.06,16.35,16.05,16.31,9871
20100329,SUN,28.8,29.15,28.56,28.75,20026
20100329,SVU,16.41,16.42,16.24,16.31,22630
20100329,SWK,59.05,59.43,58.14,58.34,15055
20100329,SWN,39.66,40.95,39.1,40.73,104675
20100329,SWY,24.51,24.92,24.435,24.84,61224
20100329,SYK,56.83,57.27,56.76,57.18,11235
20100329,SYMC,16.98,16.99,16.84,16.95,93271
20100329,SYY,29.26,29.68,29.18,29.68,39642
20100329,T,26.35,26.57,26.3,26.51,203197
20100329,TAP,42.1,42.21,41.59,41.73,21190
20100329,TDC,29.18,29.58,29.05,29.18,12916
20100329,TE,15.76,16.05,15.76,16.01,10726
20100329,TEG,46.29,47.34,46.29,46.95,7772
20100329,TER,11.18,11.25,11.05,11.12,28514
20100329,TGT,54.53,54.73,53.8,53.96,36073
20100329,THC,5.87,5.95,5.83,5.88,70382
20100329,TIE,16.39,17.26,16.35,17.18,59595
20100329,TIF,47.54,47.56,47.04,47.28,10968
20100329,TJX,43.41,43.56,42.87,43.28,25305
20100329,TLAB,7.72,7.74,7.57,7.62,51064
20100329,TMK,52.99,53.32,52.42,53.11,5033
20100329,TMO,50.18,50.51,49.91,50.51,27479
20100329,TROW,55.16,55.49,54.91,55.36,9706
20100329,TRV,54.48,54.82,54.35,54.76,26446
20100329,TSN,18.76,19.09,18.63,19.09,45001
20100329,TSO,13.69,13.82,13.6,13.7,41133
20100329,TSS,15.7,15.86,15.61,15.73,17117
20100329,TWC,51.37,52.79,51.19,52.57,42243
20100329,TWX,31.64,31.74,31.42,31.56,62533
20100329,TXN,24.86,25.07,24.62,24.73,92175
20100329,TXT,21.84,21.95,21.49,21.7,40553
20100329,UNH,32.66,33.02,32.52,32.84,79671
20100329,UNM,24.76,25,24.75,24.87,37317
20100329,UNP,72.99,73.92,72.77,73.58,29292
20100329,UPS,63.8,64.57,63.72,64.13,32260
20100329,URBN,38.14,38.29,37.35,37.51,17280
20100329,USB,26.03,26.15,25.8,25.96,69113
20100329,UTX,73.79,74.32,73.63,74,30339
20100329,V,90.57,91.16,90.14,90.24,27841
20100329,VAR,55.65,56.25,55.55,56.15,6598
20100329,VFC,80.87,80.87,79.73,80.41,6788
20100329,VIA,35.99,36.1,35.76,35.88,1296
20100329,VLO,19.84,19.99,19.64,19.89,86502
20100329,VMC,47.97,48.43,47.872,48.22,8195
20100329,VNO,76.83,76.97,76.08,76.94,12990
20100329,VRSN,25.81,25.97,25.71,25.79,36889
20100329,VTR,48.61,48.78,47.91,48.14,14295
20100329,VZ,30.58,30.595,30.36,30.45,140362
20100329,WAG,36.68,37.5505,36.68,37.49,129501
20100329,WAT,66.88,67.6399,66.88,67.55,5883
20100329,WDC,40.03,40.53,39.77,39.97,43856
20100329,WEC,49.54,49.89,49.54,49.71,13005
20100329,WFC,31.32,31.45,30.9,31.1,252806
20100329,WFMI,35.43,36.22,35.41,36.15,14920
20100329,WFR,14.67,14.8,14.48,14.67,60738
20100329,WHR,90.24,90.635,89.51,90.08,3393
20100329,WIN,11.03,11.04,10.92,10.97,47027
20100329,WLP,63.3,64.38,63.03,64.19,44341
20100329,WM,34.59,34.75,34.34,34.55,16970
20100329,WMB,22.82,23.15,22.79,22.98,75276
20100329,WMT,55.5,55.75,55.43,55.74,97764
20100329,WPI,41.31,41.92,41.26,41.83,16291
20100329,WPO,443.5,444.83,438.28,443.07,170
20100329,WU,17.16,17.26,17.1,17.19,37813
20100329,WY,44.48,45.24,44.46,44.88,8763
20100329,WYN,25.79,26.05,25.6487,25.85,19625
20100329,WYNN,76.95,77.63,75.86,76.85,23609
20100329,X,64.89,65.3,64.42,64.9,128162
20100329,XEL,21.11,21.28,21.05,21.24,19289
20100329,XL,18.99,19,18.62,18.81,45884
20100329,XLNX,25.51,25.9,25.51,25.71,89474
20100329,XOM,66.66,67.48,66.59,67.3,261282
20100329,XRAY,34.19,34.53,34.16,34.48,4146
20100329,XRX,9.65,9.75,9.63,9.73,70633
20100329,XTO,46.94,47.465,46.85,47.39,51016
20100329,YHOO,16.52,16.68,16.47,16.56,149033
20100329,YUM,38.49,38.61,37.89,38.18,36215
20100329,ZION,22.61,22.705,21.44,21.75,71276
20100329,ZMH,57.39,58.68,57.34,58.61,14746
