20100617,A,32.8,32.8,32.023,32.47,22711
20100617,AA,11.45,11.4528,11.09,11.18,237833
20100617,AAPL,270.72,272.9,269.5,271.87,311950
20100617,ABC,33.19,33.27,32.62,32.88,49440
20100617,ABT,48.84,48.85,48.25,48.63,78469
20100617,ADBE,32.63,33.22,32.6001,33.12,72506
20100617,ADI,30.8,30.86,30.32,30.65,41234
20100617,ADM,26.86,27.66,26.85,27.51,122514
20100617,ADP,42.44,42.58,42.03,42.41,36511
20100617,ADSK,28.57,28.69,28.26,28.51,32747
20100617,AEE,25.3,25.56,25.08,25.56,15645
20100617,AEP,33.69,34.02,33.55,34,31374
20100617,AES,10.76,10.76,10.38,10.6,65745
20100617,AET,29.77,30.68,29.65,30.63,85385
20100617,AFL,43.69,44.32,42.935,43.75,43756
20100617,AGN,61.75,61.77,60.65,61.45,19542
20100617,AIG,38.04,38.48,37.32,37.77,33396
20100617,AIV,22.27,22.525,22.06,22.44,21584
20100617,AIZ,37.12,37.31,36.8,37.24,15629
20100617,AKAM,45.46,45.73,44.57,45.59,37804
20100617,AKS,14.33,14.39,13.75,13.96,68810
20100617,ALL,30.37,30.37,29.87,30.06,51620
20100617,ALTR,26.05,26.23,25.625,25.97,80043
20100617,AMAT,13.49,13.5,13.085,13.4,153601
20100617,AMD,9.05,9.05,8.71,8.91,217119
20100617,AMGN,55.19,55.45,54.51,55.44,57304
20100617,AMP,40.96,40.96,39.41,39.93,19247
20100617,AMT,44.86,45,44.51,44.97,31287
20100617,AMZN,126.91,127.8,124.69,125.89,34800
20100617,AN,21.56,21.59,20.64,20.96,29191
20100617,ANF,35.87,35.87,34.7,35.37,31257
20100617,AON,39.4,39.67,39.24,39.66,11737
20100617,APA,98.15,98.23,95.78,97.19,37182
20100617,APC,43.61,43.7,40.54,41.6,175041
20100617,APD,70.91,70.98,69.7,70.65,16938
20100617,APH,42.92,42.99,42.12,42.67,5776
20100617,APOL,49.39,49.7,48.27,48.58,25360
20100617,ARG,63.49,63.75,63.23,63.7,4035
20100617,ATI,54.92,54.93,51.97,52.6,26167
20100617,AVB,104.37,105.65,103.29,105.36,12149
20100617,AVP,28.48,28.86,28.16,28.86,40756
20100617,AVY,35.81,35.82,34.89,35.21,9174
20100617,AXP,42.7,42.73,41.45,42.06,80132
20100617,AYE,21.95,22.31,21.805,22.26,15604
20100617,AZO,194.91,196.06,193.19,195.13,4591
20100617,BA,67.48,67.49,65.88,67.26,36372
20100617,BAC,15.96,16.07,15.59,15.82,1271363
20100617,BAX,42.74,42.75,42.21,42.58,51051
20100617,BBBY,44.795,45,41.26,41.7,145583
20100617,BBT,30.31,30.42,29.46,29.72,71227
20100617,BBY,38.21,38.4,37.45,37.82,83999
20100617,BCR,81.12,81.37,80.9,81.21,4950
20100617,BDX,72.09,72.22,71.47,71.92,13179
20100617,BEN,94.48,94.53,91.96,93.1,12903
20100617,BF.B,60.34,60.39,59.38,60.12,3045
20100617,BHI,43.83,44.1,43.21,43.86,50228
20100617,BIG,35.02,35.13,34.45,34.85,15290
20100617,BIIB,48.29,49.09,48.22,49.01,27538
20100617,BK,26.33,26.4,26,26.31,58207
20100617,BLL,54.75,55.49,54.41,55.34,10034
20100617,BMC,37.56,37.61,37.1,37.54,22749
20100617,BMS,29.42,29.45,29.03,29.38,5957
20100617,BMY,25.72,25.91,25.6475,25.86,168025
20100617,BRCM,36.24,36.34,35.05,35.5,97956
20100617,BRK.B,77.72,79.3,77.56,79.23,90763
20100617,BSX,6.08,6.17,5.98,6.11,132663
20100617,BTU,41.53,41.61,40.0701,40.63,53149
20100617,BXP,80.39,80.79,79.54,79.97,16349
20100617,C,4.01,4.03,3.91,3.96,5873429
20100617,CA,20.35,20.4,20.01,20.18,39963
20100617,CAG,25.17,25.42,25.13,25.23,59053
20100617,CAH,35.73,36.21,35.73,36.18,41635
20100617,CAM,37.46,38.04,37.189,37.6,35813
20100617,CAT,64.63,64.99,63.67,64.95,105799
20100617,CB,52.59,52.9,52.315,52.9,20671
20100617,CBG,16,16.13,15.41,15.9,36340
20100617,CBS,15.23,15.29,14.85,15.12,53507
20100617,CCE,27.06,27.41,26.83,27.32,58977
20100617,CCL,36.89,36.96,35.73,36,63274
20100617,CEG,36.62,36.81,36.12,36.81,17401
20100617,CELG,55.4,55.96,54.85,55.37,32716
20100617,CEPH,59.77,59.77,58.59,59.05,14716
20100617,CERN,81.65,82.03,80.75,81.18,5684
20100617,CF,65.65,65.76,63.44,65.05,21613
20100617,CFN,25.65,25.65,24.92,25.3,17266
20100617,CHK,25.32,25.32,24.5601,24.88,100752
20100617,CHRW,59.64,59.64,58.47,59.34,9012
20100617,CI,35.36,35.5,34.95,35.34,23704
20100617,CINF,28.19,28.3,28.01,28.28,12782
20100617,CL,80.82,80.94,80.17,80.9,15217
20100617,CLF,58.48,58.5,55.4206,56.36,58800
20100617,CLX,65.07,65.25,64.58,65.21,9231
20100617,CMA,38.63,38.9,37.87,38.39,21490
20100617,CMCSA,18.48,18.59,18.34,18.58,135485
20100617,CME,309.04,312.482,305.92,309.52,7964
20100617,CMI,75.15,75.2,72.96,73.81,22589
20100617,CMS,15.41,15.55,15.31,15.55,18419
20100617,CNP,13.79,13.95,13.7139,13.95,29254
20100617,CNX,39.93,39.93,38.11,38.67,48876
20100617,COF,42.59,42.6,41.87,42.37,53871
20100617,COG,38.4,38.4,36.98,37.4,14159
20100617,COH,43.66,44,42.87,43.2,42170
20100617,COL,59.02,59.14,57.82,58.27,14311
20100617,COP,54.76,55.28,54.19,55.18,104505
20100617,COST,58.55,58.72,57.99,58.58,28289
20100617,CPB,37.14,37.5,36.99,37.49,22215
20100617,CPWR,8.72,8.74,8.52,8.62,27550
20100617,CRM,94.97,97.58,94.33,97.1,35257
20100617,CSC,50.4,51,50.16,51,14206
20100617,CSCO,23.48,23.5,23.05,23.169,528196
20100617,CSX,54.22,55.085,53.49,54.98,46710
20100617,CTAS,25.87,26.02,25.66,25.99,7091
20100617,CTL,34.92,35.02,34.55,35.02,23621
20100617,CTSH,54.14,54.25,53.22,53.68,29375
20100617,CTXS,45.07,45.96,45.03,45.74,44090
20100617,CVH,20.23,20.57,20.22,20.46,16907
20100617,CVS,31.98,32.08,31.565,31.84,97146
20100617,CVX,75.02,75.49,74.2,75.32,111138
20100617,D,41.62,41.9,41.41,41.85,23600
20100617,DD,38,38,36.97,37.8,61258
20100617,DE,59.83,59.96,58.26,59.42,40437
20100617,DELL,14.2,14.26,13.81,14.2,301265
20100617,DF,10.85,10.86,10.64,10.85,31607
20100617,DFS,14.23,14.23,13.8325,14.04,40103
20100617,DGX,53.85,53.98,53.12,53.42,12317
20100617,DHI,11.19,11.22,10.63,10.94,82669
20100617,DHR,40.83,40.86,40.01,40.56,34001
20100617,DIS,34.8,35.11,34.6,35.07,109510
20100617,DISCA,39.08,39.5,38.98,39.31,19628
20100617,DNB,73.5,73.56,73.12,73.48,1817
20100617,DNR,17.44,17.44,16.86,17.16,49102
20100617,DO,63.83,63.89,62.06,62.79,27573
20100617,DOV,46.51,46.64,45.45,45.95,16403
20100617,DOW,26.76,26.86,25.83,26.66,81786
20100617,DPS,37.95,38.25,37.63,38.24,27470
20100617,DRI,44.96,44.975,44.19,44.54,17697
20100617,DTE,47.73,48.41,47.44,48.35,18626
20100617,DTV,38.02,38.27,37.49,37.79,302542
20100617,DUK,16.55,16.72,16.45,16.71,59774
20100617,DV,57.11,57.29,56.33,56.84,9830
20100617,DVA,65.88,66.61,65.59,66.58,8635
20100617,DVN,69.31,69.85,68.6601,69.49,37056
20100617,EBAY,22.16,22.35,21.905,22.1,97999
20100617,ECL,47.29,47.41,46.63,47.25,15770
20100617,ED,44.4,44.8301,44.19,44.77,13884
20100617,EFX,30.52,30.52,30.04,30.23,9300
20100617,EIX,34.09,34.45,33.81,34.45,18144
20100617,EK,5.25,5.29,5.07,5.21,32327
20100617,EL,59.84,59.84,58.56,59.73,14687
20100617,EMC,19.36,19.4,19.12,19.35,207123
20100617,EMN,62.55,62.55,60.71,61.45,9039
20100617,EMR,47.44,47.67,46.5,47.23,28731
20100617,EOG,110.42,111.14,108.52,110.06,25655
20100617,EP,12.58,12.63,12.34,12.56,62987
20100617,EQR,45.98,46.73,45.94,46.33,32994
20100617,EQT,41.75,41.76,40.61,41,14677
20100617,ERTS,16.06,16.29,16,16.17,52671
20100617,ESRX,53.22,53.285,52.26,52.74,37963
20100617,ETFCD,14.18,14.26,13.45,13.69,36528
20100617,ETN,74.31,74.31,72.69,74.2,14763
20100617,ETR,77.69,78.08,76.79,77.97,13321
20100617,EXC,41.06,41.06,40.14,40.91,55922
20100617,EXPD,38.99,39.09,38.14,38.69,9656
20100617,EXPE,21.56,21.71,20.665,20.88,60269
20100617,F,11.61,11.69,11.33,11.48,694300
20100617,FAST,53.65,54.26,53.07,54.2,13476
20100617,FCX,66.75,66.95,64.62,65.81,112660
20100617,FDO,39.33,39.62,39.08,39.61,15973
20100617,FDX,78.5,78.52,77.13,78.11,79104
20100617,FE,38.07,38.59,37.79,38.54,36068
20100617,FHN,12.1,12.1,11.75,11.9,20291
20100617,FII,22.64,22.72,22.19,22.45,8317
20100617,FIS,27.73,27.8,27.54,27.79,32339
20100617,FISV,48.93,49.01,48.51,48.81,7999
20100617,FITB,14.12,14.18,13.405,13.62,112194
20100617,FLIR,28.49,28.67,28.16,28.64,9005
20100617,FLR,47.1,47.1,45.7,46.18,17694
20100617,FLS,94.81,95.04,92.9915,93.87,12045
20100617,FMC,63.41,63.59,62.5,63.48,5813
20100617,FO,46.34,46.34,44.65,45.14,13112
20100617,FPL,51.85,52.45,51.25,52.37,20262
20100617,FRX,27.25,27.35,26.85,27.3,41384
20100617,FSLR,125.07,125.88,122.52,123.45,32291
20100617,FTI,55.72,55.92,54,54.77,18300
20100617,FTR,7.95,7.97,7.76,7.94,64228
20100617,GAS,42.7,42.96,42.45,42.93,3756
20100617,GCI,16.62,16.62,16.05,16.41,33365
20100617,GD,66.22,66.55,65.44,66.31,17706
20100617,GE,15.87,15.93,15.65,15.91,570410
20100617,GENZ,51.39,51.7,51.06,51.43,19121
20100617,GILD,36,36.09,35.52,35.97,95162
20100617,GIS,38.55,38.98,38.37,38.93,60036
20100617,GLW,18.26,18.34,17.89,18.31,151008
20100617,GME,19.65,19.8,19.2,19.36,66218
20100617,GNW,15.35,15.5,14.62,14.93,119196
20100617,GOOG,503.44,505.87,496.69,500.08,19778
20100617,GPC,41.47,41.7,40.93,41.57,5916
20100617,GPS,21.7,21.81,21.06,21.22,86640
20100617,GR,70.72,70.76,69.5303,70.6,7600
20100617,GS,136.95,138.38,135.2184,137.32,81064
20100617,GT,12.12,12.12,11.7,11.94,24521
20100617,GWW,107.65,107.99,106.32,107.82,3753
20100617,HAL,26.45,26.64,26,26.39,129753
20100617,HAR,33.8,34.1,32.965,34.07,9778
20100617,HAS,42.97,43.1,42.54,42.87,21297
20100617,HBAN,6.16,6.19,5.94,6.03,123813
20100617,HCBK,13.2,13.2,13.02,13.15,55381
20100617,HCN,44.37,44.62,44.12,44.4,15857
20100617,HCP,34.2,34.5,33.84,34.35,22627
20100617,HD,32.19,32.3,31.45,31.91,239348
20100617,HES,55.15,55.205,54.17,54.69,35100
20100617,HIG,25.13,25.31,24.51,24.94,47210
20100617,HNZ,46.25,46.65,46.12,46.6,18440
20100617,HOG,27.21,27.39,26.59,27.24,23073
20100617,HON,42.87,42.91,42.06,42.65,65143
20100617,HOT,49.54,49.7,47.31,48.65,39497
20100617,HP,42.79,43.1598,42.27,42.66,16854
20100617,HPQ,48.19,48.42,47.19,48.24,163468
20100617,HRB,15.96,15.96,15.67,15.93,23213
20100617,HRL,41.8,42.67,41.78,42.62,5621
20100617,HRS,48.15,48.37,47.69,48.29,10493
20100617,HSP,56.23,56.25,55.3401,56.18,9955
20100617,HST,15.39,15.54,15.1475,15.4,81149
20100617,HSY,49.9,50.54,49.58,50.44,31152
20100617,HUM,49.01,49.49,48.83,49.49,18738
20100617,IBM,130.07,131.03,129.86,130.98,55751
20100617,ICE,123.91,124.5,120.8,122.33,23624
20100617,IFF,46.47,46.62,45.86,46.51,6223
20100617,IGT,18.53,18.76,18.28,18.52,45753
20100617,INTC,21.6,21.69,21.2,21.52,372708
20100617,INTU,37.51,37.76,37.24,37.73,31299
20100617,IP,25.8,25.85,25.055,25.52,64414
20100617,IPG,8.04,8.28,7.99,8.27,47979
20100617,IRM,24.95,24.95,24.26,24.47,13895
20100617,ISRG,336.99,341.07,334,340.33,3779
20100617,ITT,48.28,48.47,47.48,48.16,9392
20100617,ITW,46.5,46.53,45.45,46.01,35525
20100617,IVZ,19.6,19.68,18.77,19.14,44567
20100617,JBL,13.83,13.95,13.54,13.87,29587
20100617,JCI,29.25,29.26,28.34,28.9,63896
20100617,JCP,27.19,27.31,26.31,26.57,70810
20100617,JDSU,11.81,11.83,11.36,11.72,50090
20100617,JEC,41.93,41.98,40.88,41.53,11047
20100617,JNJ,59.28,59.44,58.65,59.18,117230
20100617,JNPR,25.42,25.45,25.06,25.29,63998
20100617,JNS,10.31,10.39,10.08,10.2,26475
20100617,JPM,38.6,38.9,37.92,38.44,347550
20100617,JWN,39.88,40.01,38.75,39.13,22523
20100617,K,54.39,54.81,54.22,54.8,24482
20100617,KEY,8.47,8.49,8.18,8.31,87047
20100617,KFT,29.8,30.01,29.67,29.98,100241
20100617,KG,8.18,8.28,8.06,8.18,18392
20100617,KIM,15.04,15.13,14.69,14.96,63135
20100617,KLAC,30.37,30.4785,29.58,30.4,32335
20100617,KMB,63.17,63.24,62.51,63.13,23923
20100617,KO,52.5,52.7,52.035,52.36,103721
20100617,KR,21.15,21.44,20.59,20.75,191425
20100617,KSS,53.31,53.31,52.08,52.77,35684
20100617,L,33.86,33.88,33.42,33.87,26524
20100617,LEG,23.21,23.21,22.29,22.58,23577
20100617,LEN,15.54,15.54,14.94,15.3,48270
20100617,LH,80.5,80.59,79.98,80.4,7117
20100617,LIFE,51.42,51.51,50.92,51.22,9627
20100617,LLL,82.11,82.51,81.25,82.38,6359
20100617,LLTC,29.59,29.61,29.1,29.57,33068
20100617,LLY,34.24,34.39,33.925,34.39,64941
20100617,LM,32.57,32.57,31.73,32.19,29265
20100617,LMT,80.96,81.445,79.99,80.95,18266
20100617,LNC,28.05,28.05,27.3,27.72,36713
20100617,LO,75.23,75.35,74.27,74.61,8160
20100617,LOW,23.24,23.26,22.36,22.68,223206
20100617,LSI,5.29,5.33,5.2,5.29,62039
20100617,LTD,25.56,25.62,24.77,25.03,58116
20100617,LUK,21.57,21.73,21.29,21.72,11019
20100617,LUV,12.1,12.38,11.9698,12.37,90157
20100617,LXK,37.95,38.38,37.6,38.3,16977
20100617,M,21.8,21.97,21.28,21.67,65248
20100617,MA,212.15,217.17,211.11,214,22359
20100617,MAR,35.32,35.46,34.73,35.24,48274
20100617,MAS,12.73,12.8,12.11,12.22,65085
20100617,MAT,22.64,22.8,22.3625,22.65,44924
20100617,MCD,70.55,70.58,69.38,70.05,70161
20100617,MCHP,29.78,29.83,29.35,29.7,18496
20100617,MCK,71.27,71.27,70.46,71.1,21284
20100617,MCO,21.94,21.99,20.55,20.82,52515
20100617,MDP,35.49,35.72,35.05,35.47,2155
20100617,MDT,39.16,39.34,38.7,38.97,76965
20100617,MEE,32.64,32.64,31.1,31.47,37273
20100617,MET,41.01,41.23,40.61,41.03,55986
20100617,MFE,33.27,33.44,32.67,32.81,27221
20100617,MHP,30.79,30.85,29.81,30,41058
20100617,MHS,61.62,61.98,61.17,61.51,39817
20100617,MI,7.92,7.94,7.46,7.63,76517
20100617,MIL,106.67,106.71,106.58,106.58,11794
20100617,MJN,54.22,54.22,53.55,54.19,16089
20100617,MKC,40.12,40.77,40.11,40.77,9155
20100617,MMC,23.16,23.25,22.96,23.2,45127
20100617,MMM,81.34,81.37,79.9,81.03,39763
20100617,MO,19.8,20.01,19.76,19.99,159184
20100617,MOLX,20.79,20.8,20.41,20.69,10742
20100617,MON,50.99,50.99,49.64,50.28,53616
20100617,MOT,7.1,7.19,6.99,7.19,231674
20100617,MRK,36.14,36.25,35.3,35.86,178949
20100617,MRO,32.94,33.48,32.92,33.39,62258
20100617,MS,25.86,25.89,25.19,25.32,184188
20100617,MSFT,26.61,26.67,26.04,26.37,479986
20100617,MTB,82.98,90.99,82.77,89.34,59589
20100617,MU,10.04,10.1,9.77,9.92,285564
20100617,MUR,55.84,55.99,54.96,55.59,13973
20100617,MWV,24.25,24.3,23.66,24.17,12370
20100617,MWW,13.75,13.77,13.38,13.54,24465
20100617,MYL,17.97,18.38,17.95,18.36,90915
20100617,NBL,66.05,66.27,65.43,66.1,14162
20100617,NBR,21.42,21.42,20.91,21.27,46345
20100617,NDAQ,19.49,19.55,19.07,19.33,16439
20100617,NEM,59.38,59.98,59.09,59.68,101878
20100617,NI,15.43,15.55,15.26,15.54,18927
20100617,NKE,74.27,74.7,73.63,74.57,29506
20100617,NOC,61.73,61.88,60.81,61.5,17581
20100617,NOV,38.35,38.44,37.18,37.66,55275
20100617,NOVL,6.16,6.18,6.05,6.12,18111
20100617,NRG,23.27,23.42,23.03,23.28,21687
20100617,NSC,58.3,58.79,57.25,58.66,34184
20100617,NSM,14.85,14.85,14.5,14.73,59694
20100617,NTAP,41.2,41.79,40.748,41.78,78933
20100617,NTRS,51.31,51.4,50.49,50.9,18424
20100617,NU,26.69,27,26.53,26.99,19125
20100617,NUE,42.26,42.26,41.01,41.69,52747
20100617,NVDA,12.16,12.25,11.76,12.22,214839
20100617,NVLS,28.53,28.55,27.85,28.39,21289
20100617,NWL,16.99,16.99,16.21,16.82,72058
20100617,NWSA,14.11,14.19,13.92,14.15,168647
20100617,NYT,9.81,9.9,9.58,9.89,15185
20100617,NYX,29.6,29.7264,29.04,29.46,17238
20100617,ODP,5.65,5.66,5.3,5.39,56106
20100617,OI,30.64,30.65,29.74,30.4,12677
20100617,OKE,47,47.2397,46.37,47.09,5542
20100617,OMC,39.12,39.14,38.14,38.36,26629
20100617,ORCL,23.12,23.18,22.92,23.07,223766
20100617,ORLY,50.83,50.93,50.15,50.38,13203
20100617,OXY,87.38,87.61,85.54,86.62,41432
20100617,PAYX,28.97,28.97,28.4,28.67,39359
20100617,PBCT,14.66,14.67,14.39,14.58,49046
20100617,PBI,23.35,23.35,22.9,23.11,12884
20100617,PCAR,43.87,43.87,42.79,43.59,20985
20100617,PCG,42.84,43.28,42.67,43.24,24841
20100617,PCL,37.17,37.55,36.84,37.51,19975
20100617,PCLN,198.69,199.5,193.01,195.26,13289
20100617,PCP,113,113.55,111.33,113.12,5963
20100617,PCS,9.19,9.26,9.01,9.14,87660
20100617,PDCO,30.65,30.71,30.22,30.48,9654
20100617,PEG,33.22,33.73,32.97,33.64,31132
20100617,PEP,63.96,64.56,63.75,64.49,51798
20100617,PFE,15.43,15.47,15.13,15.47,497231
20100617,PFG,26.47,26.55,25.94,26.4,28722
20100617,PG,61.18,61.82,60.83,61.76,120600
20100617,PGN,39.86,40.27,39.53,40.22,27684
20100617,PGR,19.77,20.09,19.77,20.07,44382
20100617,PH,62.2,62.52,60.68,61.5,16693
20100617,PHM,9.76,9.76,9.32,9.51,70534
20100617,PKI,23.03,23.09,22.65,22.94,7821
20100617,PLD,11.22,11.32,11.02,11.26,73872
20100617,PLL,37.71,37.7291,36.85,37.46,8797
20100617,PM,45.78,45.96,45.34,45.6,74257
20100617,PNC,62.38,62.49,61.31,62.19,28918
20100617,PNW,36.77,37.33,36.67,37.29,9760
20100617,POM,16.4,16.56,16.14,16.56,26174
20100617,PPG,66.91,66.94,64.7,66.16,22270
20100617,PPL,26.1,26.11,25.83,26.03,32297
20100617,PRU,58.48,59.09,57.74,59.02,41309
20100617,PSA,93.59,94.17,93.15,93.84,14182
20100617,PTV,29.74,30,29.365,29.88,10121
20100617,PWR,22.75,23.12,22.47,23.03,35314
20100617,PX,80.5,80.79,79.17,80.74,21124
20100617,PXD,71.72,72.12,70.24,71.52,17157
20100617,Q,5.38,5.41,5.32,5.39,175403
20100617,QCOM,35.21,35.77,35.01,35.71,153346
20100617,QLGC,17.84,18.06,17.55,17.92,24143
20100617,R,44.89,45.01,43.48,44.64,7332
20100617,RAI,52.55,52.88,52.36,52.5,17783
20100617,RDC,25.22,25.22,24.35,24.68,31666
20100617,RF,7.21,7.225,7.05,7.15,199280
20100617,RHI,24.42,24.6,23.99,24.51,15781
20100617,RHT,32.25,32.45,31.76,32.13,25470
20100617,RL,80.4,81,80.11,80.85,22948
20100617,ROK,54.22,54.22,53.03,53.82,7121
20100617,ROP,60.25,60.49,59.61,60.42,3199
20100617,ROST,57.74,57.985,56.77,57.69,21673
20100617,RRC,51.1,51.1,48.86,49.53,24147
20100617,RRD,18.44,18.55,17.86,18.27,19205
20100617,RSG,31.35,31.54,31.02,31.54,24515
20100617,RSH,22.25,22.25,21.73,22.11,28943
20100617,RTN,53.1,53.16,52.39,53.1,18275
20100617,S,4.79,4.8,4.58,4.64,501964
20100617,SAI,18,18.09,17.89,18.09,28826
20100617,SBUX,28.01,28.11,27.6,27.98,71778
20100617,SCG,37.42,37.57,37.14,37.5,10530
20100617,SCHW,15.84,15.91,14.96,15.4,306604
20100617,SE,21.9,21.9,21.2,21.49,27252
20100617,SEE,21.27,21.38,21.09,21.37,9072
20100617,SHLD,80.11,80.85,77.26,77.71,13090
20100617,SHW,77.62,77.65,76.01,76.6,9790
20100617,SIAL,53.38,53.44,52.57,53.38,6724
20100617,SII,41.5,41.7,40.96,41.49,49642
20100617,SJM,59.39,61.81,59.26,61.55,27602
20100617,SLB,61.36,61.59,60.56,61.36,99513
20100617,SLE,14.82,14.96,14.66,14.95,97370
20100617,SLM,11.87,12.03,11.65,12.01,41704
20100617,SNA,44.08,44.08,43.09,43.75,2033
20100617,SNDK,49.7,49.81,48.43,49.7,100017
20100617,SNI,45.43,45.6,44.87,45.53,4415
20100617,SO,33.91,34.09,33.67,34.02,37536
20100617,SPG,89.66,89.92,88.41,88.99,27418
20100617,SPLS,22.6,22.67,21.72,21.93,97011
20100617,SRCL,64.81,65.16,64.4,65.08,7363
20100617,SRE,49.41,50.06,49.08,49.97,22799
20100617,STI,26.28,26.57,25.97,26.24,45282
20100617,STJ,37.98,37.98,37.58,37.79,15270
20100617,STR,50.37,50.37,49.17,49.61,29539
20100617,STT,38.23,38.32,37.19,37.57,41422
20100617,STZ,16.64,16.64,16.25,16.37,25258
20100617,SUN,34.89,35.21,34.06,34.24,56585
20100617,SVU,12.76,13.26,12.73,13.24,58274
20100617,SWK,57.04,57.14,55.2075,55.63,21046
20100617,SWN,44.85,45.25,44.05,44.57,40209
20100617,SWY,21.93,22,21.38,21.65,68408
20100617,SYK,52.18,52.23,51.56,52.04,17495
20100617,SYMC,15.12,15.19,14.89,15.04,206670
20100617,SYY,30.96,31.16,30.79,31.02,31487
20100617,T,25.55,25.57,25.12,25.57,237369
20100617,TAP,44.41,44.45,44.015,44.35,6553
20100617,TDC,33.67,34.18,33.62,33.93,17124
20100617,TE,16.25,16.38,16.08,16.38,14403
20100617,TEG,46.38,46.95,46.05,46.92,7493
20100617,TER,11.86,11.94,11.41,11.76,66369
20100617,TGT,54.59,54.59,53.26,54.12,50929
20100617,THC,5.13,5.18,4.93,5.02,141527
20100617,TIE,20.1,20.18,19.3701,19.93,43087
20100617,TIF,44.5,44.5,43.11,43.79,27942
20100617,TJX,46.32,46.32,45.46,45.9,36789
20100617,TLAB,7.02,7.07,6.79,6.96,71617
20100617,TMK,52.87,52.97,51.98,52.66,9431
20100617,TMO,53.33,53.56,52.65,53.44,20904
20100617,TROW,49.55,49.8,48.65,49.44,26745
20100617,TRV,51.04,51.73,50.82,51.71,45180
20100617,TSN,18.41,18.57,18.13,18.39,49823
20100617,TSO,12.05,12.06,11.7,11.86,30059
20100617,TSS,14.85,14.87,14.65,14.77,12538
20100617,TWC,55.48,55.62,54.56,55.48,22555
20100617,TWX,33,33.06,32.58,33.04,61695
20100617,TXN,25.69,25.69,25.21,25.53,100562
20100617,TXT,20.15,20.16,19.56,19.95,28188
20100617,UNH,31.54,31.54,31.17,31.5,93707
20100617,UNM,23.43,23.58,23.13,23.36,24170
20100617,UNP,75.85,76.37,74.39,76.22,44862
20100617,UPS,62.92,62.92,61.39,62.2,55984
20100617,URBN,37.07,37.09,36.06,36.54,18859
20100617,USB,23.15,23.25,22.91,23.06,124193
20100617,UTX,68.65,68.7,67.71,68.56,43489
20100617,V,77.81,79.13,77.26,78.24,72846
20100617,VAR,52.39,52.79,51.66,52.63,13801
20100617,VFC,79.445,79.58,78,78.6,14056
20100617,VIA.B,35.32,35.73,35.21,35.7,40549
20100617,VLO,18.19,18.25,17.75,17.94,79398
20100617,VMC,47.9,47.99,46.47,47.32,8641
20100617,VNO,79.62,80.05,78.61,79.74,12360
20100617,VRSN,29.44,29.54,29.19,29.52,34284
20100617,VTR,49.75,50.09,49.24,49.95,14530
20100617,VZ,29.21,29.32,28.685,29.09,210642
20100617,WAG,29.45,29.45,29.045,29.27,125454
20100617,WAT,71.44,71.91,70.55,71.81,9412
20100617,WDC,35.29,35.4,34.5,35.21,36215
20100617,WEC,51.25,52.03,51.1907,51.97,10459
20100617,WFC,28.1,28.19,27.53,27.93,307393
20100617,WFMI,40.37,40.67,39.78,40.5,16007
20100617,WFR,11.85,11.91,11.4,11.7,37057
20100617,WHR,103.6,103.6,99.51,101.86,10719
20100617,WIN,11.44,11.5,11.25,11.5,39235
20100617,WLP,54.93,55.13,54.53,55.05,37980
20100617,WM,33.65,33.76,33.44,33.71,22959
20100617,WMB,21.17,21.25,20.82,21.07,68776
20100617,WMT,51.05,51.49,50.96,51.41,126672
20100617,WPI,44.01,44.28,43.65,44.26,8102
20100617,WPO,458.58,458.58,452.34,457.27,385
20100617,WU,16.31,16.34,16.11,16.27,30563
20100617,WY,40.1,40.24,39.03,39.43,25466
20100617,WYN,24.11,24.18,23.48,24.09,20363
20100617,WYNN,86,86.52,84.2,85.55,19759
20100617,X,45.42,45.5,43.5,44.1,128303
20100617,XEL,21.3,21.47,21.15,21.46,21800
20100617,XL,17.84,17.99,17.55,17.98,52601
20100617,XLNX,26.89,26.89,26.21,26.66,63681
20100617,XOM,62.42,62.7,61.95,62.6,233112
20100617,XRAY,31.45,31.61,31.36,31.57,8820
20100617,XRX,9.52,9.58,9.34,9.46,114949
20100617,XTO,44.32,44.36,43.84,44.31,58108
20100617,YHOO,15.7,15.72,15.44,15.6,107692
20100617,YUM,42.78,43.01,42.26,42.58,48912
20100617,ZION,24.17,24.27,23.27,23.67,47561
20100617,ZMH,55.2,55.22,54.57,55.01,13529
