20100112,A,30.65,30.65,30.22,30.45,20536
20100112,AA,16.12,16.25,15.42,15.52,1558986
20100112,AAPL,209.32,209.77,206.42,207.72,212306
20100112,ABC,26.32,26.55,26.19,26.52,31425
20100112,ABT,55.2,55.55,55.03,55.17,52486
20100112,ACS,60.98,62.02,60.94,61.73,17283
20100112,ADBE,36.06,36.14,35.385,35.66,50738
20100112,ADI,30.55,30.75,29.7,30.01,68687
20100112,ADM,30.68,30.86,30.32,30.53,42787
20100112,ADP,42.59,42.64,41.99,42.31,22574
20100112,ADSK,26.08,26.23,25.63,25.89,39932
20100112,AEE,27.15,27.455,27.09,27.2,10218
20100112,AEP,35.79,35.87,35.5701,35.62,28343
20100112,AES,13.8,13.87,13.67,13.71,57031
20100112,AET,32.63,32.76,30.31,30.61,195432
20100112,AFL,51.39,51.72,50.27,50.45,38487
20100112,AGN,60.34,60.48,59.86,60.12,14962
20100112,AIG,29.49,30.15,28.27,28.46,90455
20100112,AIV,16.85,17.21,16.48,16.55,22201
20100112,AIZ,31.42,31.87,31.21,31.3,7704
20100112,AKAM,26.23,26.32,25.78,26.16,32502
20100112,AKS,24.44,25.8,24.24,25.1,92001
20100112,ALL,31.44,31.73,31.1,31.18,53542
20100112,ALTR,22.17,22.18,21.67,21.88,54025
20100112,AMAT,14.75,14.77,14.03,14.2,403508
20100112,AMD,8.89,8.92,8.52,8.65,333927
20100112,AMGN,57.1,57.42,54.82,56.03,112684
20100112,AMP,42.13,42.43,41.32,41.7,27114
20100112,AMT,43.75,43.94,43.01,43.44,29735
20100112,AMZN,129.06,129.82,126.55,127.35,90981
20100112,AN,20.26,20.4,19.92,20,20193
20100112,ANF,32.12,32.41,31.83,32.41,36246
20100112,AON,38,38.2,37.85,37.99,14440
20100112,APA,105.39,106.42,104.76,105.29,30030
20100112,APC,65.65,65.65,63.7,64.14,54583
20100112,APD,82.42,83.19,81.76,82.28,8779
20100112,APH,44.77,44.94,43.72,44.3,19111
20100112,APOL,59.42,60.17,59.05,59.65,39590
20100112,ARG,48.16,48.34,47.65,48.15,5538
20100112,ATI,49.96,50.11,46.7832,47.81,45146
20100112,AVB,79.89,80.61,78.16,78.59,10888
20100112,AVP,30.82,32.2,30.82,32.17,78394
20100112,AVY,38.46,38.66,37.96,38.31,8777
20100112,AXP,41.27,42.35,41.25,42.02,126575
20100112,AYE,22.97,23.12,22.7,22.95,19785
20100112,AZO,155.26,156.19,153.55,155.14,4534
20100112,BA,60.07,61.2,59.91,60.43,52738
20100112,BAC,16.72,16.75,16.17,16.36,2234867
20100112,BAX,58.73,60.16,58.59,59.76,51243
20100112,BBBY,41.45,41.77,40.94,41.39,28890
20100112,BBT,27.14,27.8,27.14,27.43,84157
20100112,BBY,39.1,39.33,38.71,39.26,67733
20100112,BCR,81.12,81.18,79.82,80.46,7574
20100112,BDK,71.41,71.7,70.44,71.04,6696
20100112,BDX,78.28,78.28,77.14,77.25,14127
20100112,BEN,109.89,111.77,108.73,110.9,19659
20100112,BF.B,53.5,54.03,53.38,54.02,2590
20100112,BHI,45.85,46.62,45.43,45.71,55332
20100112,BIG,29.85,30.59,29.181,30.21,26792
20100112,BIIB,53.62,54.03,52.94,53.25,32428
20100112,BJS,20.86,21.14,20.68,20.77,38694
20100112,BK,28.87,29.32,28.79,29.07,89326
20100112,BLL,51.38,51.93,51.27,51.72,8077
20100112,BMC,39.83,40.09,38.97,39.49,14178
20100112,BMS,30.06,30.27,29.91,30.25,5169
20100112,BMY,25.01,25.2,24.71,24.81,119408
20100112,BNI,99.01,99.03,98.83,98.99,43581
20100112,BRCM,30.54,30.59,29.68,29.98,70300
20100112,BSX,9.04,9.28,8.98,9.14,140095
20100112,BTU,47.85,49.21,47.85,48.87,52242
20100112,BXP,67.71,68.091,66.715,67.49,13916
20100112,C,3.59,3.61,3.48,3.52,4701180
20100112,CA,22.93,23.07,22.48,22.75,38322
20100112,CAG,23.37,23.66,23.32,23.66,39478
20100112,CAH,32.06,32.06,31.67,31.83,37638
20100112,CAM,43,43.07,42.082,42.39,29843
20100112,CAT,63.01,63.16,61.18,62.24,135626
20100112,CB,49.44,49.91,49.15,49.6,29064
20100112,CBG,13.92,14.01,13.29,13.58,25498
20100112,CBS,13.89,13.93,13.39,13.56,81388
20100112,CCE,21,21.29,20.89,20.98,25548
20100112,CCL,32.97,33.11,32.5,32.88,35662
20100112,CEG,34.52,34.8399,34.24,34.44,7722
20100112,CELG,57.04,57.49,55.61,56.99,53790
20100112,CEPH,64.19,64.24,62.77,63.33,23169
20100112,CF,96.88,97.07,93.65,94.69,17965
20100112,CFN,26.41,26.51,25.29,25.58,14951
20100112,CHK,27.51,27.7,27.17,27.58,129900
20100112,CHRW,57.19,57.64,56.79,56.99,14256
20100112,CI,37.24,37.37,36.14,36.54,43537
20100112,CINF,26.84,27,26.67,26.73,8256
20100112,CL,79.63,81.2,79.63,80.68,28668
20100112,CLF,51.84,52.18,49.5,50.24,46473
20100112,CLX,61.07,61.5,61.0415,61.43,8620
20100112,CMA,32.58,33.25,31.95,32.55,35319
20100112,CMCSA,16.74,16.75,16.41,16.51,181428
20100112,CME,348.87,351.3,341.34,342.17,4865
20100112,CMI,53.66,53.95,52.84,53.35,38417
20100112,CMS,15.69,15.77,15.56,15.66,29068
20100112,CNP,14.32,14.68,14.32,14.43,45633
20100112,CNX,54.22,54.95,53.62,54.3,31135
20100112,COF,41.53,42.2,41.32,41.86,64918
20100112,COG,43.49,43.56,42.9,43.14,10154
20100112,COH,38.1,38.65,37.75,38.6,51858
20100112,COL,56.7,56.76,56.17,56.56,5883
20100112,COP,53,53.01,52.28,52.43,86201
20100112,COST,59.24,59.39,58.72,59.03,21132
20100112,CPB,32.87,33.58,32.77,33.32,26015
20100112,CPWR,7.56,7.6,7.45,7.48,22226
20100112,CRM,70.45,70.49,68.26,68.29,52635
20100112,CSC,56.64,56.64,55.93,56.23,8966
20100112,CSCO,24.45,24.5,24.08,24.2,357803
20100112,CSX,51.34,51.34,50.26,50.71,37452
20100112,CTAS,26.75,26.84,26.36,26.44,10139
20100112,CTL,35.1,35.43,34.98,35.11,22515
20100112,CTSH,47.56,48.49,46.86,47.2,52878
20100112,CTXS,42.27,42.36,41.43,42,27857
20100112,CVH,25.64,25.74,24.745,24.9,14828
20100112,CVS,33.86,33.97,33.43,33.56,117449
20100112,CVX,79.57,80.45,79.47,80.41,121761
20100112,D,39.04,39.25,38.83,38.93,19442
20100112,DD,34,34.49,33.67,34,63025
20100112,DE,58.89,58.97,56.46,57.39,81296
20100112,DELL,14.83,15.2,14.8,15.06,282403
20100112,DF,18.41,18.77,18.31,18.53,20523
20100112,DFS,14.72,14.97,14.68,14.91,65869
20100112,DGX,59.5,59.82,58.94,59.21,6670
20100112,DHI,12.09,12.225,11.85,12.21,59820
20100112,DHR,77.2,77.85,76.44,76.67,19272
20100112,DIS,31.05,31.12,30.68,30.82,146188
20100112,DNB,81.73,82.42,81.57,82.07,1693
20100112,DNR,15.92,16.055,15.59,15.66,50301
20100112,DO,102.54,103.98,101.81,103.01,20096
20100112,DOV,44.96,45.56,44.83,45.55,21641
20100112,DOW,30.4,31.09,30.19,30.86,102747
20100112,DPS,28.59,28.76,28.18,28.21,13524
20100112,DRI,33.79,34.28,33.72,33.88,14303
20100112,DTE,43.59,44.04,43.31,43.73,23427
20100112,DTV,33.51,33.65,32.85,33.04,133709
20100112,DUK,16.98,17.113,16.89,17.03,79527
20100112,DV,56.42,56.42,55.77,56.11,2563
20100112,DVA,61.63,62.16,60.81,61.26,7654
20100112,DVN,74.06,74.48,73.44,74.19,25674
20100112,EBAY,23.35,23.44,22.96,23.19,107626
20100112,ECL,46.03,46.49,45.79,46.43,17859
20100112,ED,45.76,46,45.53,45.73,14515
20100112,EFX,31.55,31.67,31.28,31.45,7355
20100112,EIX,35.04,35.28,34.94,35.13,22371
20100112,EK,4.47,4.58,4.38,4.39,37712
20100112,EL,49.59,50.42,49.35,49.56,18804
20100112,EMC,17.51,17.73,17.31,17.47,238417
20100112,EMN,60.05,60.385,59.43,60.25,10367
20100112,EMR,44.45,44.76,44.17,44.49,43374
20100112,EOG,95.76,97.1,95.16,95.42,22385
20100112,EP,10.59,10.71,10.46,10.57,56278
20100112,EQR,33.08,33.29,32.52,32.77,26845
20100112,EQT,44.04,44.04,43.42,43.67,5253
20100112,ERTS,16.74,17.14,16.56,16.85,319223
20100112,ESRX,89.91,90.25,88.53,89.17,21631
20100112,ETFC,1.78,1.78,1.72,1.73,387145
20100112,ETN,68.46,69.55,67.97,68.19,18339
20100112,ETR,81.77,82.12,81.2,81.72,17863
20100112,EXC,48.8,49.39,48.52,49.07,46168
20100112,EXPD,34.39,34.72,34.36,34.49,26650
20100112,EXPE,23.85,23.92,23.15,23.28,43170
20100112,F,11.98,12.03,11.72,11.87,1629959
20100112,FAST,45.8,46.28,45.55,46.05,12636
20100112,FCX,86.31,86.61,83.47,84.77,170843
20100112,FDO,29.44,30.5,29.4,30.28,61900
20100112,FDX,86.44,88.68,85.6,86.58,33450
20100112,FE,46.96,46.96,46.37,46.68,26873
20100112,FHN,14.01,14.195,13.75,13.81,23358
20100112,FII,27.7,27.98,27.59,27.68,6493
20100112,FIS,23.8,23.87,23.65,23.85,20386
20100112,FISV,48.74,48.86,48.32,48.48,8259
20100112,FITB,11.13,11.28,10.96,10.99,113552
20100112,FLIR,32.38,32.53,31.76,31.915,16434
20100112,FLR,49.17,49.43,48.5,49.12,29509
20100112,FLS,107.24,107.25,104.67,105.32,8874
20100112,FMC,53.86,54.41,53.3111,54.25,6910
20100112,FO,44.75,44.97,44.475,44.79,11635
20100112,FPL,52.2,52.2,51.02,51.32,56262
20100112,FRX,31.28,31.28,30.67,30.81,17542
20100112,FSLR,136.26,137,132.66,132.98,20886
20100112,FTI,58.67,58.7,57.36,57.83,12111
20100112,FTR,7.63,7.68,7.55,7.57,25323
20100112,GAS,41.63,42.12,41.44,41.9,2803
20100112,GCI,17,17.17,16.22,16.4,84332
20100112,GD,70.27,70.65,69.85,70.3,16771
20100112,GE,16.58,16.835,16.57,16.77,646227
20100112,GENZ,53.55,53.62,52.63,52.98,37404
20100112,GILD,44.89,45.06,44.53,44.95,69842
20100112,GIS,70.7,71.44,70.55,71.32,18431
20100112,GLW,20.35,20.49,20.02,20.17,161628
20100112,GME,20.66,20.8,20.3,20.77,71223
20100112,GNW,13.26,13.6,12.91,12.98,106809
20100112,GOOG,598.08,598.16,588,590.48,48532
20100112,GPC,38.53,38.79,38.38,38.51,6642
20100112,GPS,20.09,20.33,19.75,19.96,145311
20100112,GR,65.81,65.99,64.71,64.71,14132
20100112,GS,170.01,170.48,167.03,167.82,103626
20100112,GT,15.78,15.78,15.12,15.49,28873
20100112,GWW,99.46,100.22,99.25,100.11,5598
20100112,HAL,33.17,33.73,32.86,33.29,157395
20100112,HAR,37.08,37.4,36.63,36.93,3829
20100112,HAS,31.65,31.69,31.04,31.24,31054
20100112,HBAN,4.27,4.42,4.15,4.21,252391
20100112,HCBK,14.2,14.24,13.88,13.95,58458
20100112,HCN,44.03,44.38,43.5,43.77,12609
20100112,HCP,30.52,30.75,30.02,30.24,28631
20100112,HD,28.15,28.35,27.89,27.98,230759
20100112,HES,64.35,64.48,62.37,62.53,53386
20100112,HIG,28.04,28.59,27.09,27.12,236213
20100112,HNZ,42.33,42.58,42.26,42.46,13700
20100112,HOG,25.09,25.09,24.5,24.81,34921
20100112,HON,42.39,42.51,41.86,42.17,45097
20100112,HOT,37.23,37.4295,36.49,37.1,27180
20100112,HPQ,52.03,52.56,51.79,51.97,123313
20100112,HRB,21.84,22.02,21.77,21.97,17743
20100112,HRL,38.13,38.63,38,38.54,3156
20100112,HRS,48.92,49.01,47.28,47.39,9638
20100112,HSP,52.14,52.45,51.8801,52.11,6749
20100112,HST,12.26,12.47,11.79,11.98,121879
20100112,HSY,36.2,37.8,36.15,37.75,23696
20100112,HUM,46.48,46.78,45.62,46.18,23920
20100112,IBM,129.03,131.33,129,130.51,80833
20100112,ICE,107.87,108.97,104.78,105.73,14076
20100112,IFF,41.21,41.52,41,41.42,3318
20100112,IGT,19.64,19.74,19.31,19.56,29131
20100112,INTC,20.86,20.9,20.38,20.608,699583
20100112,INTU,31.01,31.41,30.88,31.22,29690
20100112,IP,26.28,27.52,26.28,26.68,80098
20100112,IPG,7.41,7.41,7.23,7.29,46306
20100112,IRM,24.14,24.43,23.95,24.04,14838
20100112,ISRG,309.04,309.662,302.78,304.39,4434
20100112,ITT,50.44,50.51,49.6,49.73,31036
20100112,ITW,49.06,49.69,48.44,48.69,39086
20100112,IVZ,23.46,23.7,23.01,23.29,20531
20100112,JAVA,9.41,9.43,9.39,9.42,89459
20100112,JBL,16.88,17.1,16.64,16.99,61261
20100112,JCI,29.71,29.99,29.2,29.97,73863
20100112,JCP,26,26.22,25.15,25.37,68448
20100112,JDSU,8.52,8.61,8.16,8.23,52133
20100112,JEC,40.91,41.39,40.33,41.19,15583
20100112,JNJ,64.13,64.72,64.015,64.56,108206
20100112,JNPR,26.02,26.07,25.76,25.86,66375
20100112,JNS,14.86,14.97,14.45,14.55,18291
20100112,JPM,43.99,44.15,42.94,43.49,471150
20100112,JWN,37.87,38.04,36.75,36.81,34680
20100112,K,53.15,53.65,53.14,53.39,14637
20100112,KEY,6.46,6.55,6.36,6.41,202072
20100112,KFT,28.75,29.34,28.64,29.29,195609
20100112,KG,12.79,12.8,12.56,12.68,24032
20100112,KIM,13.75,14.06,13.67,13.74,98493
20100112,KLAC,36.75,36.757,35.3,35.67,30021
20100112,KMB,62.53,63.41,62.4,63.02,24515
20100112,KO,56.13,57,56.06,56.88,116348
20100112,KR,20.45,20.93,20.404,20.71,109356
20100112,KSS,52.49,52.51,50.86,51.57,53140
20100112,L,37.66,37.94,37.5,37.62,15653
20100112,LEG,20.91,20.91,20.39,20.42,14698
20100112,LEN,16.16,16.5279,15.95,16.13,73824
20100112,LH,74.76,75.22,73.72,73.81,11187
20100112,LIFE,51.04,53.1699,50.8,52.78,40116
20100112,LLL,88.27,88.3,87.47,88.18,7915
20100112,LLTC,30.38,30.47,29.91,30.23,56547
20100112,LLY,35.35,35.6,35.21,35.36,47007
20100112,LM,31.42,31.95,30.72,30.78,27766
20100112,LMT,75.75,76.47,75.31,75.96,21189
20100112,LNC,28.4,28.44,26.67,26.93,59800
20100112,LO,78.32,78.43,77.08,77.72,21151
20100112,LOW,23.22,23.465,23.01,23.33,102485
20100112,LSI,6.07,6.07,5.86,5.94,70465
20100112,LTD,20.23,20.9,20.15,20.43,45535
20100112,LUK,25.7,25.91,25.25,25.37,6242
20100112,LUV,11.37,11.58,11.26,11.33,61627
20100112,LXK,26.23,26.23,25.74,25.83,7648
20100112,M,16.41,16.63,16.2,16.37,92827
20100112,MA,249,252.9385,248.56,249.66,8594
20100112,MAR,27.79,27.85,27.2201,27.74,28366
20100112,MAS,15.37,15.44,15.14,15.3,21662
20100112,MAT,19.84,19.9,19.18,19.35,59615
20100112,MCD,62.03,62.66,62,62.66,71993
20100112,MCHP,28.54,28.54,27.74,27.99,23348
20100112,MCK,61.42,62.45,60.95,62.32,35819
20100112,MCO,26.53,26.92,26.31,26.82,28842
20100112,MDP,33.58,33.58,32.58,33.33,3660
20100112,MDT,45.42,45.87,45.24,45.32,43216
20100112,MEE,47.3,48.35,46.75,48.35,42997
20100112,MET,39,39.31,38.35,38.51,64801
20100112,MFE,40.44,40.675,40,40.11,18409
20100112,MHP,33.43,33.65,33.16,33.25,26213
20100112,MHS,65.48,65.55,63.83,65.02,33372
20100112,MI,6.77,6.86,6.5118,6.63,112245
20100112,MIL,71.99,73.22,71.74,73.09,4711
20100112,MJN,45.54,45.86,45.27,45.49,20633
20100112,MKC,36.86,37.37,36.82,37.36,4988
20100112,MMC,21.92,21.98,21.51,21.86,53578
20100112,MMM,83.58,84.18,83.3,84.05,30317
20100112,MO,20.21,20.25,20.03,20.15,153063
20100112,MOLX,22.3,22.49,22.18,22.35,10560
20100112,MON,83.37,83.97,81.64,83.31,61747
20100112,MOT,7.63,7.65,7.34,7.4,433173
20100112,MRK,37.82,37.99,37.32,37.55,109216
20100112,MRO,32.33,32.48,32.13,32.25,53800
20100112,MS,31.63,31.86,30.99,31.13,148158
20100112,MSFT,30.16,30.4,29.91,30.07,659132
20100112,MTB,72.72,73,71.3,71.69,7794
20100112,MU,10.62,10.66,10.14,10.26,461159
20100112,MUR,58.15,58.58,56.5,57.47,27028
20100112,MWV,28.39,29.17,28.32,28.85,17092
20100112,MWW,18.65,18.84,18.02,18.21,15682
20100112,MYL,17.68,17.7499,17.34,17.41,48523
20100112,NBL,75.34,77.41,74.97,76.07,25474
20100112,NBR,25.51,26,25.19,25.22,55545
20100112,NDAQ,20.17,20.3,19.82,19.93,17347
20100112,NEM,49.65,49.82,47.93,48.52,84586
20100112,NI,15.17,15.42,15.1,15.26,25602
20100112,NKE,64.6,65.1,64.28,64.82,28714
20100112,NOC,57.32,57.59,56.8008,57.56,14914
20100112,NOV,46.19,46.6,45.5,46.36,50633
20100112,NOVL,4.63,4.69,4.61,4.64,46377
20100112,NSC,53.84,54.33,53.58,54.02,24661
20100112,NSM,14.94,14.97,14.57,14.67,39490
20100112,NTAP,32.81,33.02,32.05,32.45,73295
20100112,NTRS,50.77,51.7,50.58,50.95,20188
20100112,NU,26.16,26.4,26.02,26.15,10833
20100112,NUE,48.87,48.94,47.86,48.41,52107
20100112,NVDA,18.05,18.09,17.29,17.67,156872
20100112,NVLS,23.84,23.95,22.74,22.8,32847
20100112,NWL,15.46,15.59,15.22,15.4,30328
20100112,NWSA,14.06,14.17,13.38,13.45,184241
20100112,NYT,14.48,14.69,13.59,13.86,30774
20100112,NYX,26.02,26.75,25.86,26.19,22755
20100112,ODP,6.78,6.82,6.44,6.53,49231
20100112,OI,32.66,33.11,32.3,32.77,30624
20100112,OMC,39.05,39.19,38.5,38.73,22637
20100112,ORCL,24.54,24.61,24.31,24.56,262046
20100112,ORLY,38.91,39.46,38.67,38.85,16606
20100112,OXY,81.87,82.17,79.91,80.16,67750
20100112,PAYX,31.57,31.79,31.41,31.64,28061
20100112,PBCT,16.79,16.96,16.51,16.54,38026
20100112,PBG,37.44,37.89,37.44,37.88,23472
20100112,PBI,21.9,22.22,21.86,22.11,23804
20100112,PCAR,38.37,39,38.2,38.83,22596
20100112,PCG,44.26,44.89,44.24,44.5,24760
20100112,PCL,38.63,38.8999,37.95,38.34,16025
20100112,PCLN,216.99,216.99,210.25,213.98,12222
20100112,PCP,114.53,114.53,112.92,114.49,10214
20100112,PCS,7.37,7.45,6.32,6.35,286171
20100112,PDCO,30.62,30.71,30,30.13,15369
20100112,PEG,32.48,33.15,32.35,32.83,40122
20100112,PEP,60.52,61.68,60.5,61.55,90818
20100112,PFE,18.8,18.99,18.64,18.77,412735
20100112,PFG,26.59,26.98,25.21,25.35,36341
20100112,PG,60.63,61.36,60.5,60.89,134613
20100112,PGN,39.09,39.2,38.57,38.66,45720
20100112,PGR,17.23,17.42,17.19,17.3,49515
20100112,PH,57.45,58.09,57.38,57.94,17506
20100112,PHM,10.87,10.92,10.58,10.9,58518
20100112,PKI,21.4,21.4401,21.04,21.16,26568
20100112,PLD,13.97,14.1,13.51,13.59,108168
20100112,PLL,37.25,37.58,37.01,37.32,6311
20100112,PM,49.37,49.37,48.85,49.17,67529
20100112,PNC,56.84,57.76,55.92,56.7,27782
20100112,PNW,37.29,37.7,37.27,37.45,7899
20100112,POM,16.89,17.03,16.83,16.92,18024
20100112,PPG,61.01,61.32,60.16,60.83,11146
20100112,PPL,31.98,32.23,31.84,32.15,12066
20100112,PRU,54.65,54.98,52.61,53.05,42789
20100112,PSA,77.93,79.15,77.51,77.98,16947
20100112,PTV,24.23,24.52,24.23,24.52,17962
20100112,PWR,20.85,20.93,20.43,20.59,34041
20100112,PX,81.58,81.81,80.7,81.38,11712
20100112,PXD,51.29,51.99,50.76,51.14,13456
20100112,Q,4.63,4.64,4.51,4.52,291022
20100112,QCOM,48.86,49.21,48.07,48.49,180090
20100112,QLGC,19.99,21.28,19.93,20.66,75074
20100112,R,40.72,41.04,38.89,39.05,13587
20100112,RAI,53.25,53.34,52.92,53.15,6910
20100112,RDC,25.33,25.54,24.805,24.93,29941
20100112,RF,6.26,6.35,6.2,6.25,329748
20100112,RHI,29.13,29.46,28.08,28.31,18273
20100112,RHT,29.51,29.64,28.72,29.09,29714
20100112,RL,84.98,85.66,83.2,83.82,8670
20100112,ROK,48.45,48.8,48.014,48.22,17653
20100112,ROP,52.31,52.8,52.24,52.62,7734
20100112,ROST,45.19,45.5,45.05,45.45,23695
20100112,RRC,51.21,51.38,50.18,50.73,20681
20100112,RRD,22.81,22.85,22.32,22.52,19423
20100112,RSG,28.8,28.91,28.54,28.88,12798
20100112,RSH,21.07,21.3,20.74,21.03,27826
20100112,RTN,52.73,53.01,52.25,53,25254
20100112,RX,21.4,21.52,21.4,21.42,28842
20100112,S,3.97,4.02,3.88,3.9,345157
20100112,SAI,18.96,19.08,18.92,19.03,22800
20100112,SBUX,22.99,23.19,22.5,22.82,77147
20100112,SCG,37.06,37.4,36.9481,37.12,5051
20100112,SCHW,18.98,19.43,18.96,19.09,114490
20100112,SE,20.96,21.39,20.85,21.13,52826
20100112,SEE,21.44,21.53,21.23,21.5,7246
20100112,SHLD,98.68,100.95,97.67,100.43,35997
20100112,SHW,59.42,60.34,59.25,59.42,13816
20100112,SIAL,51.36,51.41,50.49,51.04,4927
20100112,SII,30.2,30.77,29.82,30.03,34684
20100112,SJM,61.91,62.67,61.81,62.65,7705
20100112,SLB,69.18,70.71,68.8,69.59,94074
20100112,SLE,12.02,12.1,11.98,12.1,36199
20100112,SLM,11.37,11.61,11.32,11.46,35655
20100112,SNA,44.46,44.61,43.73,43.96,4623
20100112,SNDK,30.06,30.38,28.61,29.03,112597
20100112,SNI,45.2,45.87,45.09,45.59,7873
20100112,SO,33.22,33.43,33,33.05,43545
20100112,SPG,76.2,76.61,74.75,75.19,44182
20100112,SPLS,25.42,25.42,24.88,25.01,51085
20100112,SRCL,55.06,55.26,54.73,54.87,3704
20100112,SRE,54.43,54.91,53.93,54.4,12381
20100112,STI,23.03,23.1,22.38,22.45,92286
20100112,STJ,38.09,38.74,37.8,38.13,44335
20100112,STR,43.69,43.9,43.28,43.36,9569
20100112,STT,43.91,44.85,43.91,44.2,34329
20100112,STZ,15.63,15.75,15.52,15.65,17628
20100112,SUN,27.8,27.89,26.85,27.35,46245
20100112,SVU,13.81,14.14,13.36,13.67,167377
20100112,SWK,56.73,56.77,55.8,56.18,12084
20100112,SWN,49.65,49.66,48.3402,48.72,39028
20100112,SWY,21.35,21.68,21.31,21.58,44211
20100112,SYK,54.57,55.38,54.38,55.21,28846
20100112,SYMC,18.3,18.62,18.25,18.47,129563
20100112,SYY,27.78,27.865,27.58,27.7,33484
20100112,T,26.85,27.11,26.78,26.96,263143
20100112,TAP,44.96,45.3,44.65,45.17,7027
20100112,TDC,30.93,30.9999,30.22,30.37,10215
20100112,TE,16.29,16.48,16.23,16.25,21201
20100112,TEG,41.29,41.84,41.15,41.3,4469
20100112,TER,11.54,11.57,10.99,11.06,59913
20100112,TGT,49.9,49.98,48.96,49.34,54719
20100112,THC,6.03,6.08,5.86,5.91,71552
20100112,TIE,14.07,14.19,13.52,13.87,56303
20100112,TIF,46.34,46.58,45.35,46.44,85263
20100112,TJX,38.3,38.35,37.86,38.14,28958
20100112,TLAB,6.09,6.1,5.97,6,53755
20100112,TMK,45.82,46.73,45.82,46.27,5193
20100112,TMO,49.35,49.38,48.44,48.68,32535
20100112,TROW,53.96,54.99,53.76,54.59,16067
20100112,TRV,48.99,49.39,48.6,48.85,51472
20100112,TSN,13.1,13.13,12.94,12.97,33155
20100112,TSO,14.07,14.235,13.8,14.12,64598
20100112,TSS,16.88,17,16.86,16.94,11788
20100112,TWC,42.03,42.17,41.37,41.62,17307
20100112,TWX,29.01,29.17,28.44,28.5,65045
20100112,TXN,26.02,26.03,24.67,24.91,211653
20100112,TXT,21.25,21.56,20.91,21.33,48490
20100112,UNH,32.7,32.91,31.54,32.05,131214
20100112,UNM,20.79,21.24,20.79,20.91,50540
20100112,UNP,67,67.53,66.7619,67.39,33234
20100112,UPS,62.52,62.94,62.1,62.4,56626
20100112,USB,24.18,24.54,24.04,24.31,131192
20100112,UTX,71.8,71.95,71.06,71.74,46719
20100112,V,86.58,87.05,85.85,86.34,32106
20100112,VAR,47.52,48.15,47.49,48.1,11597
20100112,VFC,75.08,75.7,73.86,74.5,6468
20100112,VIA,31.65,31.79,30.91,31.16,350
20100112,VLO,18.17,18.28,17.79,18.21,97347
20100112,VMC,51.71,52.4181,51.59,52.08,8947
20100112,VNO,69.23,69.71,68,68.76,15518
20100112,VRSN,24.37,24.49,23.9,24.18,24847
20100112,VTR,43.7,43.97,43.24,43.66,16344
20100112,VZ,31.78,31.92,31.69,31.91,135128
20100112,WAG,36.84,36.97,36.6,36.74,46462
20100112,WAT,62.39,62.68,61.93,62.49,8362
20100112,WDC,45.62,46.03,44.05,44.69,41714
20100112,WEC,50.35,50.79,50.13,50.3,8229
20100112,WFC,28.47,28.55,27.5,28.08,397982
20100112,WFMI,29.62,29.68,29.02,29.43,22625
20100112,WFR,14.8,14.82,14.14,14.4,66817
20100112,WHR,83.24,83.24,81.55,82.35,8525
20100112,WIN,10.8,10.84,10.64,10.69,56749
20100112,WLP,63.8,64.31,62.63,63.46,58132
20100112,WM,34.59,34.9,34.3,34.88,21918
20100112,WMB,22.31,22.31,21.78,21.81,53271
20100112,WMT,54,54.75,53.86,54.73,151170
20100112,WPI,39.66,39.89,39.43,39.72,6582
20100112,WPO,454.85,455.14,447.85,449.31,163
20100112,WU,19.87,19.91,19.41,19.85,50871
20100112,WY,44.02,44.4,43.33,43.88,9075
20100112,WYN,20.53,20.61,19.94,20.44,23282
20100112,WYNN,67.65,68.88,66.78,67.98,33064
20100112,X,61.84,64.72,61.8,62.93,229360
20100112,XEL,20.94,21.26,20.86,21.24,34813
20100112,XL,18,18,17.28,17.36,107974
20100112,XLNX,24.29,24.45,23.81,24.05,61117
20100112,XOM,69.72,69.99,69.52,69.95,314976
20100112,XRAY,35.975,36.07,35.61,35.8,10020
20100112,XRX,8.68,8.91,8.68,8.85,187061
20100112,XTO,47.79,48.12,47.73,48.03,108771
20100112,YHOO,16.69,16.86,16.6,16.68,156744
20100112,YUM,35.51,36.06,35.32,35.99,47695
20100112,ZION,16.36,16.94,15.83,16.05,73412
20100112,ZMH,63.2,63.56,61.73,62.14,14761
