20100330,A,34.46,34.7,34.45,34.62,42777
20100330,AA,14.46,14.51,14.3063,14.4,240176
20100330,AAPL,236.67,237.48,234.25,235.845,188324
20100330,ABC,28.93,29.33,28.86,29.28,27411
20100330,ABT,53.03,53.26,52.49,52.51,134290
20100330,ADBE,35.78,35.9,35.29,35.68,34697
20100330,ADI,28.81,29.13,28.63,29.01,28705
20100330,ADM,29,29.09,28.64,28.93,55230
20100330,ADP,44.48,44.7,44.27,44.59,20704
20100330,ADSK,29.47,29.58,29.08,29.4,23091
20100330,AEE,25.99,26.18,25.88,26.09,12188
20100330,AEP,34.37,34.74,34.3,34.42,33624
20100330,AES,11.22,11.23,11,11.07,69923
20100330,AET,34.97,35.615,34.86,35.38,44949
20100330,AFL,53.72,53.95,53.374,53.79,27258
20100330,AGN,64.32,64.95,64.21,64.9,17351
20100330,AIG,34.86,35.15,34.08,34.19,86154
20100330,AIV,18.39,18.54,18.33,18.48,18227
20100330,AIZ,34.44,34.6,34.21,34.34,8775
20100330,AKAM,31.64,31.94,31.51,31.61,29168
20100330,AKS,23.48,23.55,22.72,23,56910
20100330,ALL,32.22,32.25,31.94,32.06,24042
20100330,ALTR,24.32,24.64,24.2,24.5,53226
20100330,AMAT,13.35,13.6,13.23,13.45,393648
20100330,AMD,9.21,9.28,9.09,9.27,134530
20100330,AMGN,59.74,60.27,59.56,60.09,43603
20100330,AMP,44.5,45.45,44.34,45.27,23769
20100330,AMT,42.56,42.87,42.5,42.78,60048
20100330,AMZN,135.6,138.19,135.36,136.579,62022
20100330,AN,18.95,19.22,18.93,18.97,9727
20100330,ANF,44.92,45.28,44.5621,45.06,19973
20100330,AON,42.99,43.16,42.83,42.89,12314
20100330,APA,100.08,100.24,99,99.72,40220
20100330,APC,71.74,72.45,70.9,72.35,44891
20100330,APD,73.74,74.25,72.78,74.09,14875
20100330,APH,42.4,42.59,41.94,42.22,20306
20100330,APOL,63.75,63.89,61.61,62.28,29455
20100330,ARG,63.7,64.05,63.64,63.98,6920
20100330,ATI,55.81,56.23,53.85,54.46,18613
20100330,AVB,86.95,87.37,86.6,86.99,7022
20100330,AVP,34.07,34.24,33.74,34.14,30355
20100330,AVY,36.12,36.25,35.61,36.17,10713
20100330,AXP,41.31,41.495,41.07,41.29,55622
20100330,AYE,22.89,23,22.81,22.89,24598
20100330,AZO,172.84,174.89,172.73,173.58,3436
20100330,BA,73.84,74.18,72.7,73.53,43812
20100330,BAC,18.06,18.12,17.67,17.76,1443729
20100330,BAX,58.85,59,58.53,58.67,21797
20100330,BBBY,43.87,44.42,43.76,44.16,21902
20100330,BBT,32.23,32.36,31.82,31.97,48401
20100330,BBY,43.09,43.23,42.42,42.62,69911
20100330,BCR,86.64,86.71,86.02,86.61,4038
20100330,BDX,79.17,79.17,78.9,79.05,10993
20100330,BEN,111.59,111.97,110.61,111.7,11064
20100330,BF.B,59.14,59.62,59.08,59.4,3311
20100330,BHI,45.68,46.13,45.17,45.95,51282
20100330,BIG,37.33,37.65,36.93,37.37,7229
20100330,BIIB,58.21,58.45,57.5,57.71,20300
20100330,BJS,20.86,21.04,20.67,20.93,45436
20100330,BK,30.88,30.97,30.61,30.72,39084
20100330,BLL,54.19,54.19,53.28,53.45,4829
20100330,BMC,37.89,38.15,37.29,38.12,33508
20100330,BMS,29.34,29.4,28.86,28.86,7727
20100330,BMY,26.76,26.93,26.52,26.76,154339
20100330,BRCM,33.27,33.82,33.05,33.22,67432
20100330,BRK.B,81.54,81.82,81.43,81.6,36188
20100330,BSX,7.07,7.27,7.01,7.25,508708
20100330,BTU,46.15,46.39,45.18,45.67,56052
20100330,BXP,76.13,76.78,75.93,76.24,7911
20100330,C,4.13,4.18,4.05,4.09,6243912
20100330,CA,23.47,23.62,23.24,23.43,24408
20100330,CAG,25.09,25.16,24.9,24.96,47353
20100330,CAH,36.02,36.55,35.95,36.45,26685
20100330,CAM,42.49,42.87,42.08,42.75,27359
20100330,CAT,63.38,63.63,62.81,63.16,61835
20100330,CB,52.53,52.56,52.07,52.1,18271
20100330,CBG,16.04,16.13,15.59,15.71,40657
20100330,CBS,14.19,14.24,14,14.15,64390
20100330,CCE,28.05,28.05,27.73,27.8,39055
20100330,CCL,39.15,39.32,38.9,39.19,31498
20100330,CEG,35.39,35.78,35.31,35.56,27926
20100330,CELG,62.88,63.11,61.98,62.49,34263
20100330,CEPH,70.99,71.26,69.79,70.79,42197
20100330,CF,93.27,93.27,91.65,92.42,8258
20100330,CFN,25.79,26.62,25.64,26.58,14469
20100330,CHK,23.28,23.5,22.84,23.44,201685
20100330,CHRW,55.82,56.45,55.8,56.22,13728
20100330,CI,36.45,36.82,36.17,36.58,24055
20100330,CINF,29.38,29.38,29.07,29.18,7088
20100330,CL,84.92,85.63,84.64,85.46,19628
20100330,CLF,73.27,73.75,70.77,71.25,65402
20100330,CLX,65.09,65.09,64.31,64.73,8738
20100330,CMA,38.01,38.09,37.21,37.86,21367
20100330,CMCSA,18.58,18.84,18.41,18.74,281509
20100330,CME,314.96,317.4,313.5,316.15,4298
20100330,CMI,63.22,63.23,61.58,62.15,22841
20100330,CMS,15.53,15.75,15.51,15.53,20991
20100330,CNP,14.42,14.5,14.32,14.44,34177
20100330,CNX,42.95,42.99,41.81,42.28,81243
20100330,COF,42.65,43,41.88,41.92,46416
20100330,COG,37.09,37.09,36.42,36.64,11077
20100330,COH,40.74,40.74,39.74,39.91,26885
20100330,COL,63.33,63.73,62.81,63.13,7375
20100330,COP,51.09,51.39,50.92,51.26,92246
20100330,COST,60.15,60.5,60.04,60.17,21214
20100330,CPB,35.66,35.75,35.515,35.63,12400
20100330,CPWR,8.38,8.5,8.33,8.46,11953
20100330,CRM,75.2,76.5,74.77,75.41,19459
20100330,CSC,55,55.08,54.72,54.99,5499
20100330,CSCO,26.64,26.71,26.34,26.65,329761
20100330,CSX,51.66,51.81,51.13,51.33,34791
20100330,CTAS,28.2,28.5,28.14,28.38,7672
20100330,CTL,35.63,35.84,35.39,35.41,25983
20100330,CTSH,51.29,51.65,51.02,51.46,19098
20100330,CTXS,47.93,48.11,47.465,47.99,23261
20100330,CVH,25.15,25.34,24.93,25.28,15027
20100330,CVS,37.07,37.32,36.89,37.03,81507
20100330,CVX,75.27,75.5,74.96,75.3,63795
20100330,D,41.15,41.61,41.13,41.26,51987
20100330,DD,37.77,37.975,37.37,37.78,62269
20100330,DE,61.56,62,60.99,61.11,39323
20100330,DELL,14.88,15.0696,14.832,14.97,124612
20100330,DF,15.79,15.89,15.655,15.81,18031
20100330,DFS,15.31,15.42,15.03,15.12,80587
20100330,DGX,58.62,58.8,58.3,58.64,6241
20100330,DHI,12.99,13.11,12.72,12.8,40758
20100330,DHR,80.16,81.1,79.6,80.88,49589
20100330,DIS,35.13,35.2,34.76,35.1,172018
20100330,DISCA,33.37,34.355,33.36,34.24,23999
20100330,DNB,74.44,74.66,74.32,74.6,3464
20100330,DNR,16.52,16.6599,16.31,16.48,116193
20100330,DO,86.02,86.71,85.15,85.41,13484
20100330,DOV,46.82,47.28,46.8,47.12,14594
20100330,DOW,29.5,30.08,29.39,29.76,57708
20100330,DPS,35.76,36.01,35.35,35.63,16473
20100330,DRI,44.84,45.29,44.55,44.8,15360
20100330,DTE,45.34,45.54,45.12,45.2,11108
20100330,DTV,33.25,33.38,32.85,32.93,102531
20100330,DUK,16.58,16.66,16.37,16.4,88882
20100330,DV,65.92,66.18,65.1,66.05,7656
20100330,DVA,63.19,63.49,62.96,63.42,3729
20100330,DVN,64.67,65,63.84,64.41,31947
20100330,EBAY,27.48,27.5,26.94,27.14,109819
20100330,ECL,43.71,44.05,43.65,43.9,14223
20100330,ED,44.56,44.91,44.53,44.68,17296
20100330,EFX,36.38,36.55,36.12,36.18,11476
20100330,EIX,34.16,34.56,34.16,34.51,18089
20100330,EK,5.98,6,5.85,5.89,36329
20100330,EL,65.22,65.75,64.83,65.5,14415
20100330,EMC,18.12,18.2,17.8,18.04,292246
20100330,EMN,64.07,64.55,63.81,64.35,6546
20100330,EMR,49.96,51.1,49.89,50.81,42490
20100330,EOG,92.92,93.69,92.22,93.34,22092
20100330,EP,10.88,10.9,10.72,10.82,67284
20100330,EQR,39.48,39.76,39.11,39.49,26195
20100330,EQT,41.14,41.25,40.81,41.11,13590
20100330,ERTS,18.62,18.92,18.46,18.79,45695
20100330,ESRX,102.04,102.5,100.95,101.6,10356
20100330,ETFC,1.59,1.66,1.585,1.66,374388
20100330,ETN,76.33,76.94,76.03,76.42,11216
20100330,ETR,81.47,82.115,81.24,82.05,9643
20100330,EXC,43.96,44.19,43.81,43.96,27938
20100330,EXPD,37.01,37.19,36.72,37.02,9117
20100330,EXPE,24.22,24.72,24.2,24.36,48597
20100330,F,13.55,13.64,13.18,13.28,1420551
20100330,FAST,48.61,49.15,48.32,48.5,7610
20100330,FCX,83.16,84.9,83.01,83.66,139912
20100330,FDO,36.81,37.0254,36.59,36.98,15755
20100330,FDX,92.52,93.23,91.68,92.82,39798
20100330,FE,38.94,39.08,38.77,38.88,33732
20100330,FHN,14.09,14.14,13.95,13.97,16123
20100330,FII,26.21,26.37,26.11,26.29,5215
20100330,FIS,23.58,23.63,23.31,23.43,18124
20100330,FISV,50.49,50.89,50.2,50.75,12252
20100330,FITB,13.28,13.43,13.14,13.265,68960
20100330,FLIR,27.96,28.1095,27.73,28.03,8832
20100330,FLR,47.13,47.73,46.84,47.08,22168
20100330,FLS,110.07,110.74,109.56,109.93,9154
20100330,FMC,60.61,61.71,60.61,61.4,7704
20100330,FO,49.33,49.62,48.69,49.11,7696
20100330,FPL,48.72,48.72,47.53,47.66,43560
20100330,FRX,31.53,31.78,31.46,31.69,23095
20100330,FSLR,119.54,122.89,119.41,122.18,21536
20100330,FTI,63.51,66.03,62.8,65.36,27574
20100330,FTR,7.42,7.47,7.38,7.46,24816
20100330,GAS,42.29,42.32,42.11,42.28,5536
20100330,GCI,16.73,16.92,16.675,16.86,27969
20100330,GD,78.48,78.48,77.07,77.49,21989
20100330,GE,18.47,18.48,18.25,18.3,531686
20100330,GENZ,52.3,52.58,51.64,52.52,45584
20100330,GILD,46.05,46.14,45.3,45.61,79668
20100330,GIS,70.9,71.365,70.87,71.17,30410
20100330,GLW,20.09,20.25,20.05,20.17,137820
20100330,GME,21.77,22.05,21.66,21.82,28400
20100330,GNW,17.64,17.75,17.26,17.45,61682
20100330,GOOG,562.96,567.63,560.28,566.71,19875
20100330,GPC,42.05,42.62,42.03,42.57,6653
20100330,GPS,23.33,23.49,23.16,23.25,56578
20100330,GR,71.03,72.01,71.03,71.54,13155
20100330,GS,174.26,174.78,170.7,171.38,81860
20100330,GT,13.14,13.22,12.89,12.94,39266
20100330,GWW,109.62,109.96,108.93,109.26,5837
20100330,HAL,29.96,30.26,29.845,30,117926
20100330,HAR,47.28,47.51,46.51,47.25,13509
20100330,HAS,39.23,39.59,39.03,39.05,11406
20100330,HBAN,5.46,5.5,5.35,5.41,116531
20100330,HCBK,14.11,14.16,14.02,14.1,36765
20100330,HCN,45.88,46.18,45.64,45.71,8031
20100330,HCP,33.16,33.4,33.03,33.14,34405
20100330,HD,32.56,32.88,32.5,32.69,86665
20100330,HES,61.25,62.39,60.82,62.12,35119
20100330,HIG,28.01,28.18,27.86,28.04,77767
20100330,HNZ,45.76,45.98,45.6005,45.75,28143
20100330,HOG,28.35,28.6,27.86,28.53,28533
20100330,HON,45.01,45.28,44.55,44.95,48851
20100330,HOT,46.25,47.52,46.15,47.38,36343
20100330,HP,37.84,38.03,36.81,37.48,28187
20100330,HPQ,52.93,53.37,52.93,53.26,101431
20100330,HRB,17.79,18,17.7,17.87,31184
20100330,HRL,42.52,42.52,41.98,42.2,4964
20100330,HRS,47.04,47.47,46.74,47.42,7177
20100330,HSP,57,57.01,56.68,56.86,7806
20100330,HST,14.63,14.82,14.52,14.76,80782
20100330,HSY,42.84,43.17,42.79,43.05,7638
20100330,HUM,47.13,47.41,46.86,47.34,19945
20100330,IBM,128.9,129.13,128.25,128.77,34265
20100330,ICE,111.36,111.5,109.91,110.36,4771
20100330,IFF,48.08,48.83,47.63,47.69,10983
20100330,IGT,18.43,18.591,18.25,18.39,41964
20100330,INTC,22.38,22.54,22.18,22.34,378862
20100330,INTU,34.33,34.51,34.19,34.36,20928
20100330,IP,25.24,25.52,24.9,25.26,42112
20100330,IPG,8.49,8.58,8.34,8.5,43491
20100330,IRM,27.71,27.76,27.32,27.42,10949
20100330,ISRG,349.43,351,341.9,348.91,3693
20100330,ITT,54.13,54.28,53.57,53.73,15531
20100330,ITW,47.35,47.72,47.17,47.43,25079
20100330,IVZ,21.46,21.8,21.46,21.71,49585
20100330,JBL,16.41,16.55,16.2,16.51,26366
20100330,JCI,32.76,33.18,32.64,32.88,69413
20100330,JCP,32.9,33.42,32.67,32.68,30576
20100330,JDSU,12,12.12,11.73,11.99,45441
20100330,JEC,45.61,45.87,45.14,45.41,12312
20100330,JNJ,64.95,64.98,64.56,64.9,83115
20100330,JNPR,30.92,31.32,30.6801,30.87,42725
20100330,JNS,14.52,14.6,14.26,14.45,12239
20100330,JPM,44.9,45.05,44.3575,44.58,302979
20100330,JWN,41.64,41.81,41,41.36,15636
20100330,K,53.89,54.2,53.73,53.75,19376
20100330,KEY,7.72,7.8,7.65,7.76,110732
20100330,KFT,30.63,30.79,30.34,30.5,91976
20100330,KG,11.84,11.92,11.71,11.9,27509
20100330,KIM,16.17,16.21,15.965,16.04,52458
20100330,KLAC,30.66,31.06,30.53,30.88,22969
20100330,KMB,63.33,63.44,62.95,63.14,16042
20100330,KO,54.9,55.05,54.61,54.87,68157
20100330,KR,21.35,21.52,21.29,21.44,61444
20100330,KSS,55.77,56.14,55.06,55.25,24286
20100330,L,37.3,37.4,37.115,37.23,17297
20100330,LEG,21.52,21.87,21.5,21.78,15342
20100330,LEN,17.87,18.49,17.87,18.05,63329
20100330,LH,75.75,75.96,75.65,75.95,5425
20100330,LIFE,52.62,52.815,52.19,52.76,13466
20100330,LLL,93.62,93.8152,92.76,92.94,7525
20100330,LLTC,28.34,28.67,28.21,28.6,29392
20100330,LLY,35.51,35.94,35.48,35.9,72398
20100330,LM,29.33,29.47,29.01,29.2,8863
20100330,LMT,84.7,85.03,83.61,84.09,15468
20100330,LNC,30.23,30.34,29.82,30.08,21378
20100330,LO,74.95,75.37,74.62,74.96,11450
20100330,LOW,24.39,24.55,24.31,24.34,69604
20100330,LSI,6.4,6.43,6.25,6.33,95324
20100330,LTD,25.71,26.37,25.71,25.88,68884
20100330,LUK,25.02,25.365,24.84,25.03,8148
20100330,LUV,13.22,13.26,12.92,13.09,57997
20100330,LXK,35.6,36.26,35.31,36.15,13625
20100330,M,21.62,22.27,21.43,22.12,102290
20100330,MA,249.23,253.83,249.2,252.41,12045
20100330,MAR,31.28,31.98,31.22,31.78,56304
20100330,MAS,15.32,15.59,15.3,15.4,17038
20100330,MAT,23.06,23.23,22.94,23.12,25071
20100330,MCD,67.11,67.49,66.92,67.24,50937
20100330,MCHP,28.47,28.74,28.265,28.43,26566
20100330,MCK,65.09,66.98,64.86,66.72,45972
20100330,MCO,30.49,30.6,30.17,30.23,13708
20100330,MDP,34.32,34.74,34.24,34.55,1691
20100330,MDT,45.17,45.47,45.02,45.05,42262
20100330,MEE,54.32,54.33,52.5,52.99,55599
20100330,MET,42.99,43.24,42.83,42.87,35582
20100330,MFE,39.96,40.71,39.92,40.65,20306
20100330,MHP,35.69,36.08,35.59,35.84,11294
20100330,MHS,64.69,65.3498,64.59,65.2,16378
20100330,MI,8.11,8.1825,7.87,8.01,58475
20100330,MIL,105.56,105.79,105.52,105.54,7267
20100330,MJN,52.85,52.87,52.19,52.2,10262
20100330,MKC,37.97,38.29,37.97,38.29,7626
20100330,MMC,24.74,24.84,24.51,24.55,19198
20100330,MMM,82.4,84.5,82.24,84.28,87045
20100330,MO,20.69,20.73,20.51,20.65,127622
20100330,MOLX,21.11,21.15,20.82,21.06,6700
20100330,MON,71.34,71.75,71.1,71.41,40819
20100330,MOT,7.23,7.3,7.13,7.2,132561
20100330,MRK,37.96,37.96,37.51,37.66,99210
20100330,MRO,31.54,31.56,31.28,31.4,44176
20100330,MS,29.31,29.46,28.82,29.21,144679
20100330,MSFT,29.55,29.86,29.5,29.77,349558
20100330,MTB,80.82,81.17,78.7,79.76,20202
20100330,MU,10.74,10.9,10.67,10.79,373513
20100330,MUR,55.13,55.5,54.8,55.14,15998
20100330,MWV,26.08,26.2637,25.7,25.97,12022
20100330,MWW,16.95,17.13,16.9,17.06,19391
20100330,MYL,22.79,22.9012,22.58,22.65,78093
20100330,NBL,71.18,71.95,70.25,71.64,18006
20100330,NBR,19.61,19.68,19.05,19.35,51169
20100330,NDAQ,21.12,21.29,21.02,21.06,15184
20100330,NEM,50.49,50.95,50.29,50.74,68636
20100330,NI,15.99,16.03,15.9299,15.99,10897
20100330,NKE,74.01,74.4,73.55,73.81,16153
20100330,NOC,65.95,65.95,65.35,65.72,14266
20100330,NOV,40.7,40.76,40.25,40.46,53632
20100330,NOVL,5.73,5.89,5.67,5.84,125821
20100330,NRG,20.7,21.17,20.58,21.09,44471
20100330,NSC,55.76,56.5,55.7,56.2,30597
20100330,NSM,14.57,14.64,14.3493,14.56,42857
20100330,NTAP,32.68,32.72,32.05,32.57,37470
20100330,NTRS,55.1,55.19,54.45,54.65,14027
20100330,NU,27.58,28,27.56,27.83,16141
20100330,NUE,46.46,46.46,45.19,45.56,28333
20100330,NVDA,17.75,17.85,17.33,17.63,81033
20100330,NVLS,25,25.32,24.81,25.17,18775
20100330,NWL,15.34,15.47,15.13,15.37,21241
20100330,NWSA,14.51,14.62,14.39,14.45,102473
20100330,NYT,11.19,11.28,11.12,11.23,7596
20100330,NYX,29.62,29.8,29.42,29.57,20856
20100330,ODP,8.15,8.29,8.1075,8.12,45868
20100330,OI,35.33,35.56,34.95,35.26,21450
20100330,OKE,46.12,46.2,45.83,46.08,8548
20100330,OMC,39.5,40.04,39.34,39.88,19968
20100330,ORCL,25.49,25.58,25.22,25.54,298194
20100330,ORLY,41.62,42.08,41.42,41.83,9691
20100330,OXY,84.7,84.81,84,84.27,50933
20100330,PAYX,31.14,31.35,30.93,31.06,29564
20100330,PBCT,15.71,15.8,15.65,15.69,43957
20100330,PBI,24.51,24.69,24.4,24.66,12577
20100330,PCAR,43.66,44.08,43.47,43.83,19650
20100330,PCG,42.81,43,42.51,42.52,17018
20100330,PCL,38.34,39.2,38.32,39.01,16288
20100330,PCLN,255.6,258.06,253.1,255.99,5878
20100330,PCP,127.1,128.065,125.82,126.98,10387
20100330,PCS,7,7.14,6.98,7.09,38500
20100330,PDCO,30.93,31.3,30.88,31.24,7675
20100330,PEG,29.6,29.63,29.36,29.45,24443
20100330,PEP,66.52,67,66.36,66.77,57337
20100330,PFE,17.32,17.39,17.13,17.26,418333
20100330,PFG,29.39,29.41,28.63,28.82,31838
20100330,PG,63.73,63.97,63.51,63.66,61136
20100330,PGN,39.48,39.74,39.33,39.34,15352
20100330,PGR,19.22,19.29,19.02,19.1,43841
20100330,PH,65.57,66.23,65.34,65.52,12455
20100330,PHM,11.6,11.78,11.39,11.43,44214
20100330,PKI,24.23,24.44,24.14,24.31,6028
20100330,PLD,13.58,13.76,13.38,13.44,74903
20100330,PLL,40.43,40.74,40.25,40.55,9432
20100330,PM,52.62,52.92,52.16,52.49,48205
20100330,PNC,59.47,59.58,58.12,58.69,40122
20100330,PNW,38.25,38.37,37.92,38.09,8075
20100330,POM,16.96,17.18,16.91,17.16,23082
20100330,PPG,65.89,66.4,65.29,66.05,5972
20100330,PPL,27.85,28.02,27.82,27.89,16537
20100330,PRU,59.93,60.4,59.4,59.67,28438
20100330,PSA,92.75,93.54,92.55,93.16,12715
20100330,PTV,25.46,25.62,25.07,25.45,25094
20100330,PWR,19.49,19.5,19.03,19.11,28637
20100330,PX,82.05,82.82,81.84,82.76,16918
20100330,PXD,54.38,54.86,53.61,54.73,9012
20100330,Q,5.25,5.3,5.2,5.23,186563
20100330,QCOM,42.49,42.5,41.94,42.13,207209
20100330,QLGC,20,20.46,19.92,20.39,16918
20100330,R,38.98,39.14,38.53,39.01,3443
20100330,RAI,54.25,54.41,53.93,54.25,6988
20100330,RDC,27.73,29.4,27.465,28.14,90243
20100330,RF,7.61,7.65,7.5,7.62,127505
20100330,RHI,31.14,31.26,30.77,31.02,7086
20100330,RHT,28.24,29.07,27.9,28.93,62049
20100330,RL,85.67,86.38,85.22,85.77,4434
20100330,ROK,55.74,56.5,55.4975,56.16,11209
20100330,ROP,57.04,58.26,56.87,57.75,7754
20100330,ROST,53.51,53.81,53.06,53.28,24907
20100330,RRC,47,47.16,46.02,46.78,22698
20100330,RRD,21.42,21.74,21.4,21.57,14577
20100330,RSG,29.2,29.25,29.0075,29.13,16253
20100330,RSH,22.98,23.08,22.59,22.76,19630
20100330,RTN,57.81,57.82,57.11,57.45,14852
20100330,S,3.84,3.85,3.75,3.82,436854
20100330,SAI,18.97,19.06,18.82,18.98,36347
20100330,SBUX,24.43,24.63,24.24,24.56,63930
20100330,SCG,38,38.17,37.83,37.91,4862
20100330,SCHW,18.7,18.81,18.55,18.75,86540
20100330,SE,22.87,23,22.7,22.73,28671
20100330,SEE,21.27,21.39,21.15,21.38,12731
20100330,SHLD,109.88,111.5,109.12,109.32,3838
20100330,SHW,67.04,67.41,66.94,66.97,8182
20100330,SIAL,53.74,54.32,53.63,53.99,5592
20100330,SII,42.6,43.06,42.34,42.49,40373
20100330,SJM,60.01,60.48,59.81,60.35,5986
20100330,SLB,63.3,63.83,62.77,63.05,103405
20100330,SLE,13.9,14.03,13.89,13.93,58533
20100330,SLM,12.68,12.75,12.4,12.55,39594
20100330,SNA,43.03,43.74,43.03,43.59,2907
20100330,SNDK,35.42,35.72,34.63,34.98,61546
20100330,SNI,44.27,44.81,43.98,44.58,8596
20100330,SO,33.39,33.45,33.05,33.21,33242
20100330,SPG,84.92,85.61,84.5,85.16,16061
20100330,SPLS,23.67,23.92,23.49,23.6,51877
20100330,SRCL,55.11,55.2,54.57,54.9,3019
20100330,SRE,50.43,50.87,50.19,50.26,18989
20100330,STI,26.35,26.75,26.15,26.34,34052
20100330,STJ,40.67,41.16,40.63,41,16170
20100330,STR,43.08,43.31,42.88,43.16,12858
20100330,STT,46.2,46.32,45.65,45.78,37810
20100330,STZ,16.36,16.57,16.36,16.42,9572
20100330,SUN,28.68,29.04,28.09,29.03,36259
20100330,SVU,16.38,16.92,16.27,16.8,57848
20100330,SWK,58.24,58.56,58,58.22,8550
20100330,SWN,40.58,40.58,39.59,40.22,55791
20100330,SWY,24.92,25.14,24.64,24.88,61065
20100330,SYK,57.33,57.62,57.05,57.51,10879
20100330,SYMC,16.95,17.09,16.91,17.05,98880
20100330,SYY,29.52,29.87,29.4,29.72,41610
20100330,T,26.23,26.33,25.84,25.95,522565
20100330,TAP,41.85,42.43,41.85,42.13,14427
20100330,TDC,29.25,29.45,29.01,29.16,10669
20100330,TE,15.98,16.15,15.95,16,24796
20100330,TEG,47.29,47.67,47.09,47.42,5322
20100330,TER,11.16,11.29,11.06,11.24,27490
20100330,TGT,53.95,54.32,53.42,53.74,30792
20100330,THC,5.93,5.95,5.71,5.73,84287
20100330,TIE,17.16,17.39,16.65,16.73,55272
20100330,TIF,47.34,47.63,46.62,46.92,16150
20100330,TJX,43.39,43.675,43.06,43.2,26090
20100330,TLAB,7.66,7.71,7.51,7.53,39548
20100330,TMK,52.95,53.35,52.685,52.8,3789
20100330,TMO,50.54,52.39,50.4,51.66,55205
20100330,TROW,55.24,55.82,54.85,55.21,10092
20100330,TRV,54.83,54.83,53.8,53.93,35174
20100330,TSN,19.09,19.24,19.01,19.17,45627
20100330,TSO,13.7,13.788,13.51,13.61,39539
20100330,TSS,15.77,15.94,15.75,15.92,10985
20100330,TWC,52.6,53.62,52.17,53.45,43665
20100330,TWX,31.69,31.75,31.2,31.39,108325
20100330,TXN,24.73,24.89,24.5,24.61,110744
20100330,TXT,21.76,22,21.41,21.56,32409
20100330,UNH,32.79,33.29,32.6,33.06,72530
20100330,UNM,24.89,25,24.695,24.73,20503
20100330,UNP,73.81,74.25,73.28,73.61,26935
20100330,UPS,64.3,64.95,64.16,64.53,34930
20100330,URBN,37.34,38.29,37.29,38.13,28651
20100330,USB,25.98,26.21,25.82,25.86,91239
20100330,UTX,74.22,74.85,73.95,74.13,28760
20100330,V,90.47,91.84,90.34,91,40835
20100330,VAR,56.26,56.26,55.48,55.66,10225
20100330,VFC,80.53,80.78,79.87,79.94,6064
20100330,VIA,35.88,36.73,35.57,36.13,1207
20100330,VLO,19.92,19.96,19.695,19.84,87392
20100330,VMC,48.3,48.58,47.28,47.68,8660
20100330,VNO,76.85,77.36,76.2,76.75,11025
20100330,VRSN,25.83,26.07,25.79,25.95,27012
20100330,VTR,48.19,48.51,47.94,48.14,13281
20100330,VZ,31.11,31.5,31.02,31.23,442841
20100330,WAG,37.47,37.6,37.23,37.42,60870
20100330,WAT,67.48,68.33,67.32,67.89,6213
20100330,WDC,40.18,40.18,38.81,39.35,59378
20100330,WEC,49.7,49.95,49.43,49.46,11797
20100330,WFC,31.1,31.3,30.8,30.84,269422
20100330,WFMI,36.4,36.7,36.02,36.26,17617
20100330,WFR,14.66,15.53,14.65,15.51,134347
20100330,WHR,90.03,90.3,88.57,89,7145
20100330,WIN,10.95,10.99,10.85,10.92,39267
20100330,WLP,64.25,65.15,63.8405,64.69,36184
20100330,WM,34.63,34.64,34.32,34.44,17050
20100330,WMB,23.16,23.16,22.87,23.13,46011
20100330,WMT,55.78,56.05,55.66,55.91,69415
20100330,WPI,41.84,42.24,41.61,42.15,11730
20100330,WPO,443.07,443.07,439.01,441.25,319
20100330,WU,17.25,17.27,16.91,17,52737
20100330,WY,45.14,45.93,44.86,45.25,14594
20100330,WYN,26,26.27,25.8,25.94,15993
20100330,WYNN,76.72,77.93,76.11,77.25,27865
20100330,X,65.49,65.52,63.34,63.77,130388
20100330,XEL,21.23,21.39,21.19,21.22,14905
20100330,XL,18.8,18.97,18.57,18.67,27621
20100330,XLNX,25.69,25.85,25.416,25.72,58912
20100330,XOM,67.19,67.3,66.79,67.05,177484
20100330,XRAY,34.33,34.82,34.32,34.8,7095
20100330,XRX,9.65,9.77,9.63,9.69,62467
20100330,XTO,47.15,47.33,46.97,47.2,65534
20100330,YHOO,16.53,16.69,16.39,16.61,162040
20100330,YUM,38.17,38.49,38.1,38.38,32370
20100330,ZION,21.68,21.98,21.57,21.66,39507
20100330,ZMH,58.54,59.11,58.28,59.03,17544
