20100427,A,36.6,36.96,36.13,36.22,43614
20100427,AA,13.96,13.98,13.41,13.44,485827
20100427,AAPL,267,267.84,260.52,262.04,253336
20100427,ABC,31,31.39,30.77,30.86,35710
20100427,ABT,50.28,50.56,49.68,49.77,104488
20100427,ADBE,35.99,36,35.19,35.34,69386
20100427,ADI,30.97,30.99,30.025,30.04,61920
20100427,ADM,28.28,28.5,27.85,27.88,67928
20100427,ADP,45,45.26,44.28,44.42,47751
20100427,ADSK,34.65,34.97,33.76,33.845,54251
20100427,AEE,26.52,26.57,26.13,26.16,15155
20100427,AEP,33.69,34.05,33.3,33.34,57245
20100427,AES,12.12,12.12,11.64,11.65,146318
20100427,AET,29.96,30.75,29.78,30.01,86205
20100427,AFL,54.37,54.38,52.21,52.41,42352
20100427,AGN,61.49,62.48,60.36,60.41,21184
20100427,AIG,42.18,42.7,37.03,37.37,335388
20100427,AIV,22,22.28,21.64,21.67,32472
20100427,AIZ,34.7,34.93,33.7,33.79,13140
20100427,AKAM,34.58,34.84,33.56,33.7,39983
20100427,AKS,18.62,18.62,17.35,17.43,295019
20100427,ALL,34.54,34.54,33.19,33.27,77998
20100427,ALTR,26.21,26.25,25.32,25.35,165999
20100427,AMAT,14.31,14.39,13.9,13.93,301122
20100427,AMD,9.84,10.06,9.53,9.58,271689
20100427,AMGN,58.33,58.92,57.78,57.84,61788
20100427,AMP,46.89,47.26,44.68,44.93,54775
20100427,AMT,41.65,41.75,41.09,41.14,29438
20100427,AMZN,145.34,146.44,141.11,142.02,86412
20100427,AN,20.93,21.17,20.52,20.57,28777
20100427,ANF,49.21,49.56,47.76,47.87,30922
20100427,AON,43.61,44.09,42.95,43.03,14633
20100427,APA,108.97,109.25,105.5,105.86,38386
20100427,APC,72.62,72.74,69.78,70.1,53352
20100427,APD,78.82,79.16,77.23,77.42,15462
20100427,APH,46.98,47.19,45.76,45.91,12030
20100427,APOL,62.53,62.99,61.8,61.91,17198
20100427,ARG,63.01,63.14,62.75,62.85,9595
20100427,ATI,57.33,57.64,54.15,54.4,26553
20100427,AVB,99.9,101.54,98.61,98.66,16037
20100427,AVP,33.44,33.46,32.62,32.69,47153
20100427,AVY,41.73,43.33,40.58,41.39,56537
20100427,AXP,46.73,47.49,45.61,45.79,113014
20100427,AYE,21.32,21.74,21.19,21.2,25506
20100427,AZO,185.19,185.99,181.82,182.03,3266
20100427,BA,74.65,74.93,72.23,72.48,60548
20100427,BAC,17.91,18.18,17.41,17.47,2594390
20100427,BAX,47.71,47.73,47.16,47.485,146506
20100427,BBBY,48.19,48.24,46.13,46.3,47272
20100427,BBT,33.18,33.55,32.51,32.56,91646
20100427,BBY,48.04,48.13,46.43,46.49,75975
20100427,BCR,84.46,85.37,84.46,84.63,9473
20100427,BDX,76.7,76.7,75.61,76.04,15308
20100427,BEN,116.18,116.82,112.88,112.97,13126
20100427,BF.B,59.21,59.47,58.1,58.17,2335
20100427,BHI,53.23,53.6,50.82,50.94,85372
20100427,BIG,40.61,40.65,39.4732,39.56,11898
20100427,BIIB,52.02,53.13,52.02,52.1,37614
20100427,BJS,23.93,24.07,22.91,22.94,119320
20100427,BK,31.4,31.8,30.81,30.87,94389
20100427,BLL,55.2,55.6,54.53,54.6,8063
20100427,BMC,40.4,40.9,39.74,39.79,42809
20100427,BMS,31.2,31.35,30.58,30.64,7673
20100427,BMY,24.45,24.57,24.13,24.21,136276
20100427,BRCM,35.94,36.02,34.72,34.82,123162
20100427,BRK.B,78.32,78.67,76.57,76.69,60370
20100427,BSX,6.88,7.24,6.76,7.1,628998
20100427,BTU,49.27,49.55,47.42,47.76,66558
20100427,BXP,79.96,80.41,78.1,78.12,26529
20100427,C,4.55,4.57,4.33,4.34,13397943
20100427,CA,23.7,23.78,23.18,23.22,61464
20100427,CAG,24.78,24.79,24.35,24.44,53319
20100427,CAH,36.05,36.54,35.63,35.7,33824
20100427,CAM,46.55,46.63,43.485,43.59,80558
20100427,CAT,71.25,71.58,68.28,68.53,143243
20100427,CB,52.81,52.83,51.53,51.65,35473
20100427,CBG,17.35,17.4,16.51,16.6,65210
20100427,CBS,16.13,16.25,15.67,15.85,104819
20100427,CCE,28.12,28.67,28.02,28.16,119297
20100427,CCL,43.17,43.62,42.28,42.43,74575
20100427,CEG,37.03,37.48,36.32,36.43,23546
20100427,CELG,58.85,60.02,58.21,58.39,35062
20100427,CEPH,65.61,65.85,64.26,64.53,14962
20100427,CF,84.7,84.81,80.4,81.04,46525
20100427,CFN,27.16,27.57,26.6,26.65,7454
20100427,CHK,24.27,24.42,23.56,23.65,151317
20100427,CHRW,61.11,61.47,60.07,60.27,29872
20100427,CI,32.5,33.28,32.17,32.36,72487
20100427,CINF,30.01,30.04,28.85,28.89,9360
20100427,CL,83.8,84.56,83.5,83.59,22410
20100427,CLF,72.01,72.24,68.06,68.54,66323
20100427,CLX,64.56,64.56,63.5799,63.67,13430
20100427,CMA,42.31,42.89,41.5,41.5,35255
20100427,CMCSA,19.01,19.13,18.37,18.46,282793
20100427,CME,340.57,346,332,333.26,7941
20100427,CMI,74.45,76.35,71.99,72.4,93739
20100427,CMS,16.5,16.62,16.11,16.13,59876
20100427,CNP,14.45,14.53,14.18,14.18,26083
20100427,CNX,44.65,45.08,43.28,43.34,54237
20100427,COF,44.93,45.52,43.11,43.29,94399
20100427,COG,39.14,39.44,37.38,37.55,31822
20100427,COH,43.12,43.29,41.91,41.97,40805
20100427,COL,66.11,66.56,64.74,64.84,12890
20100427,COP,57.5,58.49,54.26,57.54,178538
20100427,COST,60,60.25,59.11,59.17,39490
20100427,CPB,35.45,35.49,35.06,35.11,16776
20100427,CPWR,8.61,8.72,8.49,8.51,21986
20100427,CRM,89.19,89.19,85.54,85.81,12797
20100427,CSC,55.1,55.27,54.02,54.12,9695
20100427,CSCO,27.41,27.58,26.73,27.01,571688
20100427,CSX,56.87,57.31,55.5,55.72,47960
20100427,CTAS,28.43,28.45,27.46,27.49,17059
20100427,CTL,33.8,33.91,33.55,33.67,58549
20100427,CTSH,52.94,53.17,51.39,51.49,33242
20100427,CTXS,48.62,48.98,47.415,47.51,37348
20100427,CVH,22.89,23.575,22.88,23,15851
20100427,CVS,36.71,37.0125,36.2,36.26,113877
20100427,CVX,82.08,82.51,80.07,80.23,130434
20100427,D,41.63,41.93,41.09,41.14,33708
20100427,DD,41.38,41.45,39.31,39.4,132689
20100427,DE,61.78,62.09,59.01,59.32,49328
20100427,DELL,16.87,16.98,16.5,16.53,307642
20100427,DF,15.75,15.82,15.41,15.45,31629
20100427,DFS,15.92,16.08,15.33,15.37,85045
20100427,DGX,57.17,57.6,56.3,56.35,15754
20100427,DHI,13.75,14.03,13.37,13.41,91512
20100427,DHR,84.8,85.13,83.08,83.26,17694
20100427,DIS,36.78,36.82,36.16,36.32,109318
20100427,DISCA,36.96,36.97,35.98,36.0925,25684
20100427,DNB,78.42,78.99,77.7,78.2,3298
20100427,DNR,18.08,18.3,17.62,17.73,97184
20100427,DO,84.91,85.93,83.91,84.52,30199
20100427,DOV,53.47,53.77,51.55,51.74,25100
20100427,DOW,31.36,31.43,29.99,30.07,128057
20100427,DPS,33.9,33.9,33.13,33.22,17795
20100427,DRI,47.82,48.38,46.955,47.01,18019
20100427,DTE,47.32,47.68,46.72,46.87,11596
20100427,DTV,36.81,37.19,35.9,36.06,85779
20100427,DUK,16.21,16.28,16.01,16.01,97343
20100427,DV,65.45,67.5,65.06,66.68,16205
20100427,DVA,64.53,65.5,64.31,64.39,11107
20100427,DVN,68.01,69.03,66.5,66.58,45326
20100427,EBAY,24.38,24.5,23.66,23.7725,262612
20100427,ECL,47.6,47.83,46.82,46.93,24445
20100427,ED,45.21,45.45,44.58,44.6,18271
20100427,EFX,35.84,36.19,35.39,35.4,10483
20100427,EIX,34,34.075,33.28,33.28,21089
20100427,EK,8.84,8.84,8.23,8.34,163475
20100427,EL,65.72,67.91,64.65,67.06,64176
20100427,EMC,19.9,19.95,19.31,19.35,271551
20100427,EMN,68.89,69.91,67.19,67.41,15923
20100427,EMR,52.34,52.71,50.77,50.9,57925
20100427,EOG,111.94,113.04,108.35,108.63,23347
20100427,EP,12.27,12.37,11.96,12.01,148806
20100427,EQR,44.94,45.38,43.68,43.7,35169
20100427,EQT,45.28,45.33,43.61,43.78,12600
20100427,ERTS,19.865,20.24,19.72,19.77,62674
20100427,ESRX,103.43,105,102.3,102.3,25463
20100427,ETFC,1.88,1.95,1.81,1.83,631664
20100427,ETN,78.55,79.55,76.77,77.04,19152
20100427,ETR,81.17,82.14,80.18,80.36,10595
20100427,EXC,43.54,43.67,42.84,42.85,53656
20100427,EXPD,40.48,40.685,39.45,39.57,21094
20100427,EXPE,24.44,24.98,23.53,23.68,75677
20100427,F,14.44,14.5,13.15,13.57,2926673
20100427,FAST,56.08,56.21,54.12,54.28,14754
20100427,FCX,79.2,79.2,75.7,76.15,190513
20100427,FDO,39.82,40.19,39.19,39.27,24744
20100427,FDX,91.73,92.71,89.43,89.72,29963
20100427,FE,37.27,37.8,36.9,36.9,38243
20100427,FHN,14.07,14.32,13.81,13.82,37126
20100427,FII,25.02,25.0299,24.18,24.18,30407
20100427,FIS,25.54,25.78,25.03,25.04,27631
20100427,FISV,54.12,54.76,53.485,53.64,14750
20100427,FITB,14.33,14.64,14.02,14.05,159407
20100427,FLIR,30.41,31.21,30.07,30.27,21168
20100427,FLR,52.47,53.78,52.08,52.25,36985
20100427,FLS,118.82,119.13,115.38,115.73,6913
20100427,FMC,64.35,64.62,63.24,63.72,22920
20100427,FO,55.68,55.68,53.7,53.98,29441
20100427,FPL,50.79,51.22,49.99,50.02,36637
20100427,FRX,27.4,27.83,26.99,27.05,56139
20100427,FSLR,130.61,133.7899,127.78,128.36,19276
20100427,FTI,69.96,69.99,66.69,67,15934
20100427,FTR,7.83,7.92,7.76,7.8,44099
20100427,GAS,44.06,44.19,43.09,43.13,4272
20100427,GCI,18.46,18.56,17.47,17.56,63447
20100427,GD,78.5,78.7,76.52,76.56,27502
20100427,GE,19.24,19.49,18.59,18.7,1096300
20100427,GENZ,53.16,54.15,52.9,52.95,23697
20100427,GILD,40.84,41.15,40.2,40.37,175264
20100427,GIS,70.36,70.44,69.41,69.47,22023
20100427,GLW,20.92,21.1,20.1,20.12,192545
20100427,GME,25.33,25.75,24.44,24.54,61277
20100427,GNW,18.67,18.68,17.24,17.29,155585
20100427,GOOG,528.94,538.33,527.235,529.06,38447
20100427,GPC,42.89,43.03,42.07,42.15,10021
20100427,GPS,26.17,26.17,25.14,25.14,97812
20100427,GR,75,75.3,73.59,73.82,15734
20100427,GS,150.25,156.19,150.15,153.04,345167
20100427,GT,14.41,14.54,13.87,14.05,76092
20100427,GWW,110.36,110.83,107.77,108.15,7157
20100427,HAL,34.15,34.2,32.66,32.81,171403
20100427,HAR,51.99,52.99,50.79,50.89,8504
20100427,HAS,40.19,40.58,39.31,39.44,19839
20100427,HBAN,6.69,6.86,6.56,6.675,355092
20100427,HCBK,13.44,13.56,13.22,13.29,100121
20100427,HCN,45.31,45.54,44.42,44.45,20879
20100427,HCP,32.85,33.51,32.05,32.17,44534
20100427,HD,36.37,36.38,35.21,35.29,205887
20100427,HES,64.87,66.22,63.28,63.35,35675
20100427,HIG,29.4,29.59,28.31,28.45,118851
20100427,HNZ,46.29,46.33,45.37,45.46,33021
20100427,HOG,34.89,35.11,33.93,33.98,41016
20100427,HON,48.23,48.23,46.83,46.94,70770
20100427,HOT,54.5,54.5,52.09,52.76,37651
20100427,HP,42.94,43.27,41.51,41.7,22541
20100427,HPQ,54.02,54.25,53.11,53.25,145529
20100427,HRB,18.21,18.55,17.85,18.07,75478
20100427,HRL,39.04,39.45,38.98,39.21,10190
20100427,HRS,50.04,50.367,48.67,48.85,13623
20100427,HSP,55.66,56.28,54.3,54.39,16154
20100427,HST,16.63,16.81,16.12,16.17,132549
20100427,HSY,47.78,47.78,46.99,47.08,21821
20100427,HUM,43.31,44.84,43.21,43.57,41950
20100427,IBM,129.9,132,128.71,128.82,109175
20100427,ICE,120.96,121,115.62,115.82,12223
20100427,IFF,51.16,51.4,50.21,50.32,4876
20100427,IGT,21.24,21.27,20.51,20.56,68027
20100427,INTC,23.75,23.875,23.3,23.35,789375
20100427,INTU,36.17,36.43,35.71,35.76,35037
20100427,IP,28.31,28.31,26.905,27.05,64589
20100427,IPG,9.77,9.83,9.36,9.42,81405
20100427,IRM,28.19,28.195,27.26,27.33,13317
20100427,ISRG,362.99,367.25,356.2,357.8,4728
20100427,ITT,56.86,57.24,56.14,56.44,31289
20100427,ITW,52.27,52.27,50.87,50.98,50020
20100427,IVZ,21.39,21.575,20.72,20.73,81362
20100427,JBL,16.71,16.8,15.86,15.92,52963
20100427,JCI,34.45,34.45,33.23,33.31,71110
20100427,JCP,32.21,32.22,31.02,31.17,54000
20100427,JDSU,13.72,13.79,13.15,13.21,68925
20100427,JEC,46.9,50.68,46.08,47.46,38415
20100427,JNJ,64.57,64.88,64.21,64.28,118630
20100427,JNPR,29.56,29.75,28.96,29.27,89703
20100427,JNS,14.11,14.21,13.66,13.66,64682
20100427,JPM,43.48,44.37,42.3,42.41,662960
20100427,JWN,44.45,44.49,42.69,42.85,38810
20100427,K,53.08,53.25,52.43,52.43,29964
20100427,KEY,8.74,8.85,8.46,8.62,282903
20100427,KFT,29.99,30.05,29.48,29.5,107431
20100427,KG,10.35,10.41,9.9,9.91,99007
20100427,KIM,15.76,16,15.34,15.36,58391
20100427,KLAC,34.33,34.82,33.6,33.66,35308
20100427,KMB,60.87,61.47,60.69,60.72,38051
20100427,KO,53.66,53.86,52.84,52.87,138001
20100427,KR,23.46,23.53,22.9,22.91,82700
20100427,KSS,57.58,58.11,56.76,56.8,34879
20100427,L,38.21,38.24,37.31,37.38,31840
20100427,LEG,24.07,24.51,23.68,23.78,29537
20100427,LEN,19.8,19.985,18.84,18.94,135892
20100427,LH,78.36,78.96,77.28,77.42,14872
20100427,LIFE,51.79,52.75,50.999,51.15,23793
20100427,LLL,95.62,95.82,93.54,93.82,10433
20100427,LLTC,31.17,31.33,30.3394,30.36,50394
20100427,LLY,35.29,35.4,34.82,34.87,70024
20100427,LM,31.21,31.53,29.76,29.82,33236
20100427,LMT,85.99,86.27,84.19,84.5,28925
20100427,LNC,32.56,32.57,30.45,30.65,46958
20100427,LO,78.71,79.16,77.36,77.55,15278
20100427,LOW,28.08,28.08,26.92,27,238127
20100427,LSI,6.52,6.52,6.25,6.26,136826
20100427,LTD,28.32,28.43,27.66,27.75,46237
20100427,LUK,26.07,26.3,25.33,25.39,13461
20100427,LUV,13.6,13.61,13.14,13.18,136808
20100427,LXK,41.26,42.14,38.81,40.08,70129
20100427,M,24.56,24.73,23.84,23.91,156205
20100427,MA,264,265.79,254.84,254.85,10984
20100427,MAR,37.25,37.36,36,36.05,90163
20100427,MAS,17.17,17.2,15.46,15.62,182118
20100427,MAT,24.23,24.42,23.19,23.28,55530
20100427,MCD,70.71,71.33,70.4,70.53,81553
20100427,MCHP,30.61,30.62,29.66,29.71,27736
20100427,MCK,66.71,67.09,65.89,66.01,26618
20100427,MCO,25.9,25.99,24.79,24.85,69527
20100427,MDP,37.74,38,36.93,37.22,3956
20100427,MDT,44.25,44.44,43.36,43.42,63229
20100427,MEE,42.92,43.18,41.13,41.36,54662
20100427,MET,46.43,46.64,44.05,44.3,69969
20100427,MFE,41.13,41.5,40.02,40.09,32374
20100427,MHP,33.76,34.36,33.36,33.65,39780
20100427,MHS,63.72,64.37,63,63.02,23928
20100427,MI,9.52,9.69,9.01,9.08,184112
20100427,MIL,106.23,106.29,106.01,106.01,13017
20100427,MJN,52.57,52.57,49.46,49.53,33409
20100427,MKC,39.46,39.58,38.98,39,9842
20100427,MMC,24.59,25.05,24.06,24.09,33731
20100427,MMM,90,90.25,87.77,87.97,111421
20100427,MO,21.25,21.25,20.91,20.92,189771
20100427,MOLX,22.74,23.25,22.35,22.41,26992
20100427,MON,64.7,64.86,63.28,63.38,73604
20100427,MOT,7.09,7.14,6.88,6.91,304226
20100427,MRK,34.85,35.48,34.4075,34.48,195219
20100427,MRO,32.81,32.99,31.92,31.98,66191
20100427,MS,30.61,31.23,29.76,29.93,276712
20100427,MSFT,30.94,31.25,30.7493,30.845,687323
20100427,MTB,85,86.3,83.52,84.09,13282
20100427,MU,10.82,10.85,10.28,10.34,320605
20100427,MUR,61.1,61.96,59.75,59.83,14749
20100427,MWV,28.17,28.43,27.15,27.25,14386
20100427,MWW,17.55,17.98,17.25,17.28,34627
20100427,MYL,21.64,21.89,21.32,21.36,78366
20100427,NBL,80.09,80.69,78.07,78.22,16865
20100427,NBR,21.62,21.65,20.67,20.75,89225
20100427,NDAQ,22.36,22.58,21.75,21.77,52443
20100427,NEM,53.22,53.89,52.13,53.26,107485
20100427,NI,16.55,16.595,16.23,16.27,27173
20100427,NKE,77.67,78.49,76.61,76.74,27542
20100427,NOC,68.77,68.77,67.1,67.18,19962
20100427,NOV,46.8,46.87,43.26,43.38,118759
20100427,NOVL,5.81,5.88,5.75,5.75,29947
20100427,NRG,23.13,23.93,23.05,23.58,56237
20100427,NSC,60.84,61.09,59.52,59.65,29004
20100427,NSM,15.28,15.28,14.71,14.77,65165
20100427,NTAP,35.62,35.9,34.59,34.85,53378
20100427,NTRS,55.06,55.63,54.26,54.34,23726
20100427,NU,27.48,27.58,27,27.02,15150
20100427,NUE,45.68,46.02,44.49,44.62,73930
20100427,NVDA,16.48,16.65,16.08,16.13,151677
20100427,NVLS,27.09,27.5,26.48,26.49,29086
20100427,NWL,17.23,17.41,16.97,17,67778
20100427,NWSA,16.01,16.09,15.58,15.7,261826
20100427,NYT,11.14,11.22,10.37,10.45,44875
20100427,NYX,34.15,34.15,32.6,32.64,50443
20100427,ODP,8.44,8.55,7.04,7.06,629869
20100427,OI,36.64,36.65,35.51,35.61,30171
20100427,OKE,50,50.43,48.45,48.54,9035
20100427,OMC,42.97,43.2,41.68,41.82,43176
20100427,ORCL,26.36,26.52,25.9,25.98,262357
20100427,ORLY,46.7,46.79,45.8,45.88,21586
20100427,OXY,86.82,87.54,84.04,84.35,54951
20100427,PAYX,31.67,31.91,31.18,31.25,28503
20100427,PBCT,16.03,16.06,15.61,15.65,81830
20100427,PBI,25.83,25.96,25.47,25.61,29446
20100427,PCAR,47.99,48.59,46.34,46.47,38237
20100427,PCG,43.5,43.9,43.18,43.21,24232
20100427,PCL,41.54,41.54,39.94,40.06,47246
20100427,PCLN,268.99,269.95,262.34,264.3,9993
20100427,PCP,133.03,133.45,129.5,130.07,13740
20100427,PCS,7.73,7.81,7.55,7.56,48269
20100427,PDCO,32.38,32.53,31.85,31.89,9087
20100427,PEG,31.31,31.55,31.01,31.07,34751
20100427,PEP,64.93,65.2,64.07,64.23,86152
20100427,PFE,16.71,16.85,16.4,16.46,915452
20100427,PFG,30.43,30.65,28.74,28.82,50519
20100427,PG,63.24,63.9,63.04,63.11,128499
20100427,PGN,39.28,39.58,38.76,38.78,19676
20100427,PGR,20.47,20.51,19.92,19.94,45866
20100427,PH,70.64,71.36,68.5,68.75,15969
20100427,PHM,12.96,13.19,12.59,12.63,122609
20100427,PKI,23.63,24.02,23.43,23.45,21927
20100427,PLD,13.4,13.57,12.98,12.98,115753
20100427,PLL,40.72,40.73,39.4,39.53,8296
20100427,PM,50.01,50.07,48.22,48.44,121373
20100427,PNC,66.68,68.45,66.02,66.09,58009
20100427,PNW,37.97,38.17,37.1,37.1,10775
20100427,POM,16.45,16.59,16.32,16.39,36630
20100427,PPG,70.81,70.98,68.9,68.96,14955
20100427,PPL,28.28,28.41,27.725,27.73,20214
20100427,PRU,65.05,65.16,61.5,61.66,38514
20100427,PSA,96.5,96.88,94.77,94.86,15015
20100427,PTV,26.2,26.2,25.57,25.67,29558
20100427,PWR,19.87,20.18,19.56,19.57,30852
20100427,PX,88.04,88.17,86.41,86.41,16745
20100427,PXD,65.35,65.46,62.28,62.55,21664
20100427,Q,5.22,5.33,5.2,5.22,541407
20100427,QCOM,38.25,38.84,37.84,37.92,354039
20100427,QLGC,21.72,21.89,21.18,21.22,43582
20100427,R,47.52,47.59,46.49,46.79,8466
20100427,RAI,54.77,54.89,53.37,53.49,13371
20100427,RDC,31.89,31.95,30.8,30.96,31729
20100427,RF,8.62,8.7,8.37,8.43,397301
20100427,RHI,31.81,32.25,31.27,31.4,26420
20100427,RHT,31.31,31.63,30.66,30.75,23588
20100427,RL,94.22,94.679,91.65,92.02,7524
20100427,ROK,62.42,63.11,61.07,61.27,10942
20100427,ROP,61.04,62.71,60.86,61.02,8548
20100427,ROST,58.31,58.6,57.04,57.13,21844
20100427,RRC,50.77,51.32,48.65,48.93,28101
20100427,RRD,22.02,22.235,21.33,21.38,38456
20100427,RSG,30.35,30.39,29.56,29.62,38045
20100427,RSH,23.1,23.74,22.59,22.7,85791
20100427,RTN,59.18,59.44,57.47,57.59,34434
20100427,S,4.21,4.23,4.05,4.09,757639
20100427,SAI,18.15,18.21,17.99,18.01,51396
20100427,SBUX,27.43,27.5,26.45,26.53,96204
20100427,SCG,39.04,39.14,38.27,38.28,8434
20100427,SCHW,19.4,19.43,18.84,18.88,137885
20100427,SE,23.32,23.41,22.79,22.85,30564
20100427,SEE,23.03,23.18,22.72,22.76,23438
20100427,SHLD,122.05,123.26,117.96,118.51,9332
20100427,SHW,79.06,80.21,78.41,79.41,22392
20100427,SIAL,59.13,59.69,58.04,58.11,7331
20100427,SII,48.72,48.96,47.05,47.27,59383
20100427,SJM,62.41,62.64,61.27,61.38,5331
20100427,SLB,72.39,72.59,70,70.31,146716
20100427,SLE,14,14.03,13.71,13.73,106683
20100427,SLM,12.61,12.84,12.01,12.07,65827
20100427,SNA,48.56,48.87,47.79,47.94,4870
20100427,SNDK,43.19,43.25,41.56,41.81,133105
20100427,SNI,44.91,45.09,43.72,44.19,5764
20100427,SO,34.99,35.2,34.44,34.5,51968
20100427,SPG,89.95,90.93,87.39,87.48,30619
20100427,SPLS,24.59,24.68,23.7,23.73,114181
20100427,SRCL,57.11,57.18,55.91,56,4742
20100427,SRE,50,50.08,49,49.02,13913
20100427,STI,28.07,29.3,27.68,27.79,113775
20100427,STJ,40,40.74,39.97,40.42,43844
20100427,STR,49.43,49.88,47.96,48.07,26050
20100427,STT,43.38,44.11,42.7,42.78,71726
20100427,STZ,18.31,18.48,18.13,18.14,22864
20100427,SUN,31.29,31.29,30.16,30.24,32238
20100427,SVU,15.23,15.3,14.9,14.96,59777
20100427,SWK,64.7,66.27,63.92,64.36,50543
20100427,SWN,42.01,42.165,40.65,40.92,45508
20100427,SWY,26.39,26.39,25.22,25.24,145622
20100427,SYK,58.73,58.93,57.45,57.54,24003
20100427,SYMC,17.13,17.23,16.9,16.95,134704
20100427,SYY,31.31,31.32,30.61,30.62,49225
20100427,T,26.2,26.31,25.88,25.95,338750
20100427,TAP,43.95,44,42.865,42.95,9864
20100427,TDC,30.8,30.85,29.88,29.97,12435
20100427,TE,16.97,17.08,16.52,16.54,18063
20100427,TEG,49.68,50.13,49.09,49.19,6273
20100427,TER,13.04,13.29,12.575,12.6,115304
20100427,TGT,57.8,57.98,56.51,56.67,58988
20100427,THC,6.13,6.37,6.1,6.12,132748
20100427,TIE,16.39,16.39,15.335,15.42,35887
20100427,TIF,51.68,51.77,49.61,49.84,18141
20100427,TJX,47.85,48.21,46.97,47,56869
20100427,TLAB,9.03,9.16,8.59,8.63,261027
20100427,TMK,55.5,55.62,53.21,53.38,6029
20100427,TMO,53.61,55,53.59,53.68,61723
20100427,TROW,57.46,58.04,56.03,56.26,18991
20100427,TRV,51.59,51.83,50.48,50.53,64302
20100427,TSN,20.39,20.39,19.54,19.57,54358
20100427,TSO,13.36,13.53,12.92,12.98,79016
20100427,TSS,16.57,16.63,16.09,16.13,18441
20100427,TWC,54.72,55.09,53.14,53.28,29445
20100427,TWX,33.26,33.42,32.55,32.67,103423
20100427,TXN,26.8,27.44,26.41,26.54,376491
20100427,TXT,24.45,24.45,23.12,23.25,74654
20100427,UNH,29.84,30.36,29.62,29.8,162043
20100427,UNM,25.41,25.56,24.18,24.27,44356
20100427,UNP,76.85,77.58,75.95,76.07,59075
20100427,UPS,68.41,68.47,65.73,66.22,81359
20100427,URBN,40.46,40.84,39.06,39.16,31820
20100427,USB,26.66,26.98,26.15,26.23,209798
20100427,UTX,76.21,76.35,74.07,74.32,62373
20100427,V,96.03,96.23,92.89,92.95,44729
20100427,VAR,54.59,55.21,54.4,54.72,12005
20100427,VFC,86.9,86.98,85.28,85.49,10307
20100427,VIA,40,40,38.75,38.94,384
20100427,VLO,20.36,20.58,19.88,19.9,202932
20100427,VMC,57.61,57.68,55,55.36,19956
20100427,VNO,82.99,83.26,80.9,81.02,22062
20100427,VRSN,27.42,27.69,27.06,27.11,23082
20100427,VTR,48.17,48.83,47.3,47.39,23682
20100427,VZ,28.89,28.95,28.6,28.75,249513
20100427,WAG,35.5,35.69,34.77,34.9,69261
20100427,WAT,70.25,72.58,70,70.33,15963
20100427,WDC,43.85,44.03,42.58,42.8,53790
20100427,WEC,51.69,52.05,50.85,50.88,6289
20100427,WFC,32.2,33.07,31.65,31.72,526787
20100427,WFMI,39.75,39.94,37.59,37.73,25713
20100427,WFR,15.96,15.96,15.165,15.2,64271
20100427,WHR,111.75,113.33,107.51,107.73,41049
20100427,WIN,11.04,11.1,10.97,10.99,47921
20100427,WLP,56.31,57.02,55.69,55.92,61826
20100427,WM,35.72,35.72,34.75,34.77,29752
20100427,WMB,24.3,24.37,23.48,23.53,54341
20100427,WMT,53.6,54.42,53.53,54.04,191751
20100427,WPI,43,43.26,42.03,42.08,13234
20100427,WPO,529,532.96,509.91,517.51,714
20100427,WU,18.85,19.57,18.85,19,328364
20100427,WY,52,52,49.91,50.12,30415
20100427,WYN,27.22,27.5,26.55,26.63,30852
20100427,WYNN,91.63,91.82,87.891,88.4,32803
20100427,X,60.05,60.75,56.22,56.63,232841
20100427,XEL,21.74,21.93,21.46,21.46,24773
20100427,XL,19.59,19.59,18.62,18.66,46876
20100427,XLNX,26.95,27.04,26.19,26.3,126734
20100427,XOM,69.01,70,68.2,68.27,363769
20100427,XRAY,36.27,37.03,36.25,36.41,16426
20100427,XRX,11.31,11.31,10.78,10.81,249565
20100427,XTO,48.36,49.19,47.9,47.9,131786
20100427,YHOO,17.26,17.36,16.88,16.9225,228514
20100427,YUM,43.83,43.87,42.59,42.78,45196
20100427,ZION,28.67,29.25,27.3,27.75,76583
20100427,ZMH,60.95,61.68,60.63,60.82,24381
