20100301,A,31.43,32.13,31.43,32.09,33788
20100301,AA,13.25,13.41,13.19,13.31,315896
20100301,AAPL,205.75,209.5,205.45,208.99,196461
20100301,ABC,27.97,28.25,27.75,28.07,31167
20100301,ABT,54.45,54.652,54.14,54.29,45590
20100301,ADBE,34.63,35,34.53,34.89,49649
20100301,ADI,29.31,29.85,29.3,29.82,36293
20100301,ADM,29.49,29.75,29.44,29.66,27326
20100301,ADP,41.78,42,41.58,41.97,29112
20100301,ADSK,28,28.41,27.97,28.15,36070
20100301,AEE,24.82,25.14,24.82,25.04,13755
20100301,AEP,33.72,34.14,33.72,33.94,29649
20100301,AES,11.74,11.74,11.08,11.17,166746
20100301,AET,30.09,30.86,29.87,30.32,46394
20100301,AFL,49.66,50.04,49.53,50.02,26710
20100301,AGN,58.59,60,58.4,59.61,17878
20100301,AIG,27.96,27.98,25.78,25.78,296586
20100301,AIV,16.76,16.83,16.59,16.75,10531
20100301,AIZ,30.52,30.85,30.355,30.65,14343
20100301,AKAM,26.56,27.27,26.53,27.19,29882
20100301,AKS,21.76,22.3,21.52,22.23,71113
20100301,ALL,31.25,31.69,31.24,31.57,45349
20100301,ALTR,24.58,25.09,24.54,25.03,104729
20100301,AMAT,12.3,12.5,12.29,12.5,164653
20100301,AMD,7.94,8.25,7.94,8.21,148601
20100301,AMGN,56.73,57.09,56.72,56.9,56387
20100301,AMP,40.18,40.5,39.82,40.29,17340
20100301,AMT,42.78,43.31,42.77,42.93,26567
20100301,AMZN,118.85,124.66,117.53,124.54,133005
20100301,AN,17.78,18.2,17.62,18.2,13806
20100301,ANF,35.6,37.1,35.55,36.82,28396
20100301,AON,40.83,41.07,40.74,40.98,9945
20100301,APA,104.01,105.38,103.71,105.03,26291
20100301,APC,70.62,71.08,69.8,70.41,50073
20100301,APD,68.8,69.21,68.04,69.16,21812
20100301,APH,42.02,42.57,42.02,42.5,6816
20100301,APOL,60.1,60.31,59.62,60,23326
20100301,ARG,63.75,65.38,63.7,65,25106
20100301,ATI,43.85,45.59,43.47,45.46,24261
20100301,AVB,81.4,81.84,80.85,81.26,9103
20100301,AVP,30.61,31.07,30.37,30.97,35920
20100301,AVY,31.64,32.16,31.23,31.84,10595
20100301,AXP,38.2,38.28,37.86,38.13,91384
20100301,AYE,22.74,23.07,22.74,22.94,23944
20100301,AZO,166.14,166.66,164.3,166,7042
20100301,BA,63.05,64.33,63,64,52656
20100301,BAC,16.74,16.86,16.57,16.71,1709310
20100301,BAX,57.11,57.56,56.92,57.27,50598
20100301,BBBY,41.72,42.04,41.41,41.75,23570
20100301,BBT,28.55,28.59,27.59,27.8,77181
20100301,BBY,36.58,36.98,36.42,36.8,52622
20100301,BCR,83.695,84.76,83.07,84.39,8019
20100301,BDX,78.11,79.02,77.88,79.02,16804
20100301,BEN,103.09,103.09,101.43,102.84,8865
20100301,BF.B,52.61,54.61,52.61,53.43,3446
20100301,BHI,48.45,48.71,48.15,48.31,55995
20100301,BIG,34.02,34.42,33.75,34.25,17034
20100301,BIIB,55.38,56.9,55.34,56.78,25679
20100301,BJS,21.99,22.12,21.89,22,40549
20100301,BK,28.63,28.63,28.235,28.42,46981
20100301,BLL,54.31,54.89,53.86,54.6,6565
20100301,BMC,37.01,37.27,36.64,36.99,22961
20100301,BMS,29.43,29.65,29.13,29.61,9664
20100301,BMY,24.59,24.63,24.3,24.39,108674
20100301,BRCM,31.57,32.19,31.5,31.78,68485
20100301,BRK.B,79.99,81.94,79.14,81.91,166708
20100301,BSX,7.78,7.84,7.72,7.77,193258
20100301,BTU,46.39,47.14,45.97,46.99,45568
20100301,BXP,68.24,68.74,67.84,68.28,12613
20100301,C,3.42,3.44,3.3443,3.39,1556868
20100301,CA,22.59,22.98,22.59,22.83,26488
20100301,CAG,24.55,24.84,24.55,24.69,47458
20100301,CAH,34.05,35.075,33.97,35.07,55889
20100301,CAM,41.47,41.67,41.02,41.52,17971
20100301,CAT,57.33,58.39,57.25,57.85,83996
20100301,CB,50.45,51.32,50.41,51.05,28984
20100301,CBG,13.26,13.66,13.26,13.6,20968
20100301,CBS,13.07,13.59,13.01,13.43,65313
20100301,CCE,25.47,25.7,25.4,25.6,216564
20100301,CCL,35.71,36.1,35.62,36.1,24595
20100301,CEG,35.08,35.62,35.05,35.35,18582
20100301,CELG,59.94,61.5,59.71,61.3,30316
20100301,CEPH,68.85,69.89,68.8,69.8,20033
20100301,CF,106.83,107.57,105.59,107.54,7290
20100301,CFN,25.54,26.09,25.48,26.09,8417
20100301,CHK,26.73,26.84,26.47,26.68,91030
20100301,CHRW,53.02,63.65,53.02,53.56,21635
20100301,CI,34.58,34.99,34.03,34.58,37010
20100301,CINF,26.8,27.39,26.82,27.38,11643
20100301,CL,83.22,83.84,82.9,83.79,19860
20100301,CLF,57.04,59.32,56.22,59.08,62199
20100301,CLX,61.33,61.62,61.08,61.56,8997
20100301,CMA,36.11,36.23,35.39,35.73,20301
20100301,CMCSA,16.5,16.89,16.5,16.83,230059
20100301,CME,302.02,302.99,297.5,301.03,6923
20100301,CMI,57.2,59.03,57.2,58.96,23412
20100301,CMS,15.33,15.45,15.19,15.38,55025
20100301,CNP,13.47,13.68,13.47,13.6,67942
20100301,CNX,51.18,52.43,50.72,52.29,38740
20100301,COF,37.94,38.065,37.23,37.38,44203
20100301,COG,40.46,40.85,40.32,40.77,13139
20100301,COH,36.53,37.08,36.18,37.02,53973
20100301,COL,56.36,58.64,56.18,58.39,16441
20100301,COP,48.37,48.99,48.27,48.91,87149
20100301,COST,61.13,62.11,60.68,61.65,40316
20100301,CPB,33.4,33.47,33.24,33.35,21016
20100301,CPWR,7.46,7.71,7.36,7.69,24961
20100301,CRM,67.74,71.392,67.52,70.9,26054
20100301,CSC,51.78,52.67,51.69,52.45,10636
20100301,CSCO,24.33,24.65,24.32,24.6,417825
20100301,CSX,47.75,48.34,47.64,48.32,31762
20100301,CTAS,24.89,25.09,24.72,25.09,13478
20100301,CTL,34.29,34.69,34.25,34.68,29696
20100301,CTSH,48.36,50.5,48.16,50.48,71979
20100301,CTXS,43.12,43.89,43.02,43.75,32472
20100301,CVH,23.87,24.55,23.73,23.81,22112
20100301,CVS,33.87,34.48,33.79,34.41,119640
20100301,CVX,72.63,73.18,72.39,72.81,74280
20100301,D,38.06,38.52,38.06,38.3,31383
20100301,DD,33.83,34.19,33.58,34.03,70799
20100301,DE,57.45,58.46,57.45,58.29,35296
20100301,DELL,13.34,13.65,13.28,13.57,219767
20100301,DF,14.63,14.74,14.46,14.6,38627
20100301,DFS,13.7,13.72,13.54,13.61,28342
20100301,DGX,56.78,57.47,56.7,56.84,12466
20100301,DHI,12.37,12.585,12.37,12.56,38737
20100301,DHR,73.96,75.44,73.73,75.35,23380
20100301,DIS,31.4,31.6,31.34,31.54,86809
20100301,DISCA,31.19,31.2,30.81,30.89,77653
20100301,DNB,70.11,70.43,69.48,70.21,3252
20100301,DNR,14.54,14.78,14.42,14.63,144783
20100301,DO,87.93,88.62,87.08,87.58,21539
20100301,DOV,45.52,46.09,45.32,45.76,13731
20100301,DOW,28.43,28.8,28.33,28.69,91363
20100301,DPS,31.9,32.18,31.15,31.18,25785
20100301,DRI,40.67,41.28,40.3,41.15,16133
20100301,DTE,43.71,44.37,43.66,44.31,13208
20100301,DTV,33.83,34.6,33.73,34.21,93567
20100301,DUK,16.41,16.52,16.34,16.49,53778
20100301,DV,63.08,63.51,62.63,63.17,7978
20100301,DVA,62.02,64.47,61.82,63.1,16290
20100301,DVN,69.36,69.81,68.85,69.38,33189
20100301,EBAY,23.15,23.93,22.96,23.88,187935
20100301,ECL,42.44,42.52,41.87,42.36,25122
20100301,ED,42.81,43.44,42.81,43.19,15479
20100301,EFX,32.23,32.69,32.12,32.66,7489
20100301,EIX,32.88,33.39,32.88,33.32,24369
20100301,EK,5.99,6.02,5.91,5.97,46257
20100301,EL,60.45,62.23,60.29,62.16,30378
20100301,EMC,17.48,17.75,17.48,17.75,165449
20100301,EMN,59.935,60.095,59.16,60.06,17540
20100301,EMR,47.58,47.58,47.19,47.37,49284
20100301,EOG,94.94,95.55,94.23,94.65,20391
20100301,EP,10.95,11.14,10.71,10.9,133284
20100301,EQR,36.45,36.45,35.98,36.1,24614
20100301,EQT,44,44.95,44,44.92,8509
20100301,ERTS,16.63,16.91,16.63,16.87,58759
20100301,ESRX,95.03,97.19,95,96.44,25281
20100301,ETFC,1.625,1.67,1.62,1.65,314241
20100301,ETN,68.14,70,68.09,70,19903
20100301,ETR,76.07,78.15,75.97,77.77,13480
20100301,EXC,43.67,44.7,43.51,44.46,58274
20100301,EXPD,36.51,36.66,36.2,36.34,15512
20100301,EXPE,22.24,23.2,22.17,23.13,51129
20100301,F,11.81,12.42,11.75,12.41,1426054
20100301,FAST,44.4,45,44.19,44.92,16293
20100301,FCX,77.17,77.29,75.3606,76.45,150399
20100301,FDO,32.97,33.01,32.3,32.72,35447
20100301,FDX,84.92,86.45,84.83,85.81,24189
20100301,FE,38.79,39.26,38.75,39.07,28716
20100301,FHN,12.79,12.79,12.58,12.72,14689
20100301,FII,25.02,25.19,24.94,25.1,14522
20100301,FIS,22.56,23.07,22.54,23.07,19697
20100301,FISV,48.1,49.06,48.02,48.91,15544
20100301,FITB,12.31,12.33,12.03,12.24,125085
20100301,FLIR,26.97,27.07,26.74,26.91,16937
20100301,FLR,43.07,43.29,42.21,42.87,44477
20100301,FLS,100.7,104,100.48,103.53,9047
20100301,FMC,57.05,57.73,56.5,57.73,8784
20100301,FO,43.93,44.85,43.92,44.44,8025
20100301,FPL,46.96,47.705,46.8,47.38,35102
20100301,FRX,29.94,30.33,29.9,30.29,21717
20100301,FSLR,107.9,107.9,104.36,105.62,17578
20100301,FTI,56.64,56.97,56.29,56.89,11043
20100301,FTR,7.82,7.885,7.7,7.75,66048
20100301,GAS,41.9,42.46,41.82,42.44,3806
20100301,GCI,15.22,16.04,15.22,15.93,43014
20100301,GD,72.54,74.13,72.54,73.91,23848
20100301,GE,16.1,16.15,15.83,15.9,627982
20100301,GENZ,57.51,58,57.22,57.83,19792
20100301,GILD,47.94,48.15,47.39,47.51,93613
20100301,GIS,71.99,72.78,71.99,72.45,21104
20100301,GLW,17.7,17.8,17.57,17.77,86882
20100301,GME,17.29,17.577,17.26,17.49,46896
20100301,GNW,16.06,16.25,15.83,15.9,82518
20100301,GOOG,530.07,533.29,527.74,532.69,22383
20100301,GPC,40.48,40.97,40.16,40.81,5428
20100301,GPS,21.52,21.7,21.41,21.6,95672
20100301,GR,65.53,67.73,65.33,67.25,18971
20100301,GS,156.51,158.29,156.17,156.54,65267
20100301,GT,13.06,13.49,13.06,13.29,44018
20100301,GWW,101.8,104.4,101.8,104.21,8356
20100301,HAL,30.46,30.95,30.36,30.75,116994
20100301,HAR,43.52,43.94,43.05,43.48,5452
20100301,HAS,35.8,36.19,35.5,36.06,16685
20100301,HBAN,4.86,4.875,4.75,4.8,70215
20100301,HCBK,13.42,13.55,13.17,13.23,61845
20100301,HCN,42.53,42.75,42.31,42.7,13691
20100301,HCP,28.95,29.17,28.78,29.04,31984
20100301,HD,31.24,31.55,31.09,31.43,141826
20100301,HES,59.14,60.11,59.13,60,23880
20100301,HIG,24.56,24.81,24.43,24.81,45070
20100301,HNZ,46.06,46.11,45.74,45.98,20505
20100301,HOG,24.69,25.06,24.48,24.85,25575
20100301,HON,40.25,40.84,40.25,40.57,45463
20100301,HOT,38.66,39.07,38.37,38.8,32799
20100301,HP,40.41,40.59,39.84,40.58,38959
20100301,HPQ,50.68,51.66,50.68,51.54,141510
20100301,HRB,17.43,17.54,17.13,17.15,38337
20100301,HRL,41.3,41.58,41.16,41.33,3998
20100301,HRS,45.49,45.53,44.6,45.08,13356
20100301,HSP,52.23,53.49,52.23,53.42,7890
20100301,HST,11.76,11.89,11.65,11.76,59913
20100301,HSY,39.91,40.21,39.79,39.91,15389
20100301,HUM,47.65,48.47,46.95,47.48,22295
20100301,IBM,127.5,128.83,127.47,128.57,45777
20100301,ICE,107.23,108.45,106.28,108.09,7885
20100301,IFF,42.2,42.42,41.86,42.35,3957
20100301,IGT,17.64,17.88,17.59,17.79,30331
20100301,INTC,20.7,20.94,20.62,20.87,512032
20100301,INTU,32.35,32.95,32.29,32.9,28112
20100301,IP,23.4,24.21,23.3,24.18,59525
20100301,IPG,7.52,8.39,7.52,8.26,259383
20100301,IRM,26.09,26.1,25.67,25.99,20794
20100301,ISRG,349.98,359.15,349.08,358.63,5488
20100301,ITT,51.27,51.96,51.23,51.89,14511
20100301,ITW,45.75,46.26,45.73,46.09,21356
20100301,IVZ,19.61,20.115,19.61,20.08,34525
20100301,JBL,15.25,15.67,15.23,15.57,33236
20100301,JCI,31.2,31.99,31.2,31.88,36136
20100301,JCP,27.75,28.01,27.42,27.92,74491
20100301,JDSU,10.88,11.33,10.85,11.31,121704
20100301,JEC,38.91,39.71,38.91,39.43,11884
20100301,JNJ,63.27,63.46,63.17,63.39,92193
20100301,JNPR,28.02,28.65,27.91,28.53,53366
20100301,JNS,12.53,12.92,12.5,12.91,25409
20100301,JPM,42.03,42.18,41.41,41.83,346159
20100301,JWN,36.86,37.8,36.7,37.59,24410
20100301,K,52.31,52.46,52.05,52.16,24760
20100301,KEY,7.16,7.21,6.9,6.97,99438
20100301,KFT,28.43,28.76,28.38,28.72,132919
20100301,KG,11.33,11.51,11.25,11.47,38580
20100301,KIM,13.95,14.1,13.87,14,56299
20100301,KLAC,29.48,30.16,29.37,30.14,36531
20100301,KMB,61.44,61.44,60.54,60.75,31038
20100301,KO,53.22,53.37,52.79,53.27,197253
20100301,KR,22.18,22.47,22.02,22.41,67616
20100301,KSS,54.07,54.35,53.75,53.94,26325
20100301,L,36.61,37.1,36.55,37.02,16006
20100301,LEG,19.05,19.46,18.95,19.33,11417
20100301,LEN,16.48,16.7,16.41,16.64,38955
20100301,LH,73.38,74.23,73.25,74.19,8344
20100301,LIFE,50.96,52.16,50.88,52,22197
20100301,LLL,91.4,92,91.05,91.92,10921
20100301,LLTC,27.28,27.69,27.12,27.63,41545
20100301,LLY,34.5,34.55,34.275,34.32,57146
20100301,LM,25.95,26.18,25.76,26.09,12832
20100301,LMT,77.75,79.42,77.69,78.86,24365
20100301,LNC,25.27,25.69,25.19,25.62,26296
20100301,LO,73.06,73.06,72.07,72.76,29518
20100301,LOW,23.79,24,23.6,23.98,97018
20100301,LSI,5.42,5.54,5.4,5.51,53798
20100301,LTD,22.25,22.72,22.16,22.53,49074
20100301,LUK,23.86,24.42,23.81,24.37,10615
20100301,LUV,12.59,12.89,12.59,12.71,109359
20100301,LXK,33.69,34.72,33.68,34.7,18590
20100301,M,19.21,19.96,19.18,19.78,135013
20100301,MA,225.94,232.86,225.38,232.74,24264
20100301,MAR,27.2662,27.49,27.06,27.22,25547
20100301,MAS,13.47,14.005,13.47,13.97,45516
20100301,MAT,21.99,22.07,21.77,22.07,41610
20100301,MCD,63.98,64.14,63.67,63.98,63202
20100301,MCHP,27.34,27.53,27.09,27.49,17027
20100301,MCK,59.36,60.59,59.36,60.4,14669
20100301,MCO,26.71,27.38,26.58,27.17,21937
20100301,MDP,30.37,31.56,29.69,31.42,5131
20100301,MDT,43.5,44.15,43.41,43.92,50261
20100301,MEE,43.2,44.66,43.2,44.54,39661
20100301,MET,36.51,37.3,36.26,36.54,53198
20100301,MFE,39.86,40.33,39.57,40.13,14401
20100301,MHP,34.17,34.5,34.03,34.32,13787
20100301,MHS,63.49,64.11,62.78,63.95,29871
20100301,MI,7.11,7.16,6.88,7.06,60715
20100301,MIL,104.84,105.03,104.54,104.9,172110
20100301,MJN,47.43,48.24,47.15,47.83,23604
20100301,MKC,37.25,37.345,36.98,37.33,4055
20100301,MMC,23.21,23.37,23.09,23.34,20891
20100301,MMM,80.57,80.95,80.35,80.58,25451
20100301,MO,20.17,20.34,20.17,20.27,104220
20100301,MOLX,20.44,20.94,20.43,20.82,7599
20100301,MON,71.07,71.6,70.05,71.24,99333
20100301,MOT,6.78,6.81,6.61,6.74,194142
20100301,MRK,37.03,37.43,37.03,37.27,118063
20100301,MRO,29.15,29.32,28.99,29.16,46395
20100301,MS,28.3,28.64,28.11,28.19,92215
20100301,MSFT,28.77,29.05,28.53,29.02,438053
20100301,MTB,77.35,78.12,77,77.8,8291
20100301,MU,9.25,9.79,9.2,9.77,391630
20100301,MUR,52.31,53.29,52.19,53.25,17198
20100301,MWV,23.11,23.94,23.02,23.87,16413
20100301,MWW,13.94,14.435,13.94,14.42,24307
20100301,MYL,21.41,21.6,21.12,21.38,193295
20100301,NBL,73.32,73.78,72.93,73.35,17072
20100301,NBR,22.26,22.39,21.88,22.33,64119
20100301,NDAQ,18.68,18.81,18.57,18.8,19454
20100301,NEM,49.46,50.43,48.85,50.28,80469
20100301,NI,15.09,15.23,15.05,15.17,20466
20100301,NKE,67.91,68.71,67.61,68.24,26685
20100301,NOC,61.34,63.23,61.15,63.01,24483
20100301,NOV,43.68,43.86,43.34,43.66,42823
20100301,NOVL,4.71,4.82,4.65,4.8,52204
20100301,NRG,21.89,22.66,21.88,22.58,44542
20100301,NSC,52.57,53.06,52.2,52.64,29155
20100301,NSM,14.48,14.77,14.48,14.77,46909
20100301,NTAP,30.2,31.52,30.12,31.46,90513
20100301,NTRS,53.34,53.54,52.94,53.44,10964
20100301,NU,25.72,26.15,25.72,26.11,10709
20100301,NUE,41.78,42.61,41.49,42.37,57295
20100301,NVDA,16.14,16.93,16.08,16.85,138967
20100301,NVLS,22.27,22.63,22.1,22.54,19838
20100301,NWL,13.77,13.91,13.68,13.82,24306
20100301,NWSA,13.4,13.84,13.41,13.76,207278
20100301,NYT,10.91,12.17,10.9,11.75,120827
20100301,NYX,26.44,27.87,26.44,27.42,65004
20100301,ODP,7.21,7.69,7.14,7.58,82362
20100301,OI,29.9,30.2575,29.58,30.07,19962
20100301,OKE,44.56,45.25,44.44,45.25,4566
20100301,OMC,36.69,37.75,36.58,37.68,25791
20100301,ORCL,24.56,24.91,24.54,24.74,197443
20100301,ORLY,39.2,39.58,38.91,39.57,14598
20100301,OXY,80.26,81.12,80.14,80.75,41649
20100301,PAYX,29.96,30.39,29.86,30.29,23149
20100301,PBCT,15.72,15.76,15.54,15.71,33377
20100301,PBI,23.04,23.19,23,23.19,20427
20100301,PCAR,35.53,36.25,35.39,36.03,21456
20100301,PCG,42.07,42.35,41.89,42.04,23623
20100301,PCL,35.87,36.23,35.77,36,15889
20100301,PCLN,228.35,238.9888,227.64,238.54,16585
20100301,PCP,113.06,116.95,112.41,116.15,10803
20100301,PCS,6.24,6.28,5.99,6.04,102438
20100301,PDCO,29.7,30.25,29.59,30.12,8686
20100301,PEG,29.83,30.61,29.83,30.44,29444
20100301,PEP,62.59,63.58,62.47,63.43,90164
20100301,PFE,17.61,17.86,17.58,17.75,456253
20100301,PFG,23.24,23.55,23.1,23.16,24420
20100301,PG,63.46,63.8,63.15,63.51,77485
20100301,PGN,38.41,38.8699,38.41,38.75,10675
20100301,PGR,17.29,17.37,17.19,17.28,24490
20100301,PH,60.17,62.58,60.15,61.71,31117
20100301,PHM,10.88,11.0154,10.83,10.92,40181
20100301,PKI,22.38,23.5398,22.26,23.26,31543
20100301,PLD,12.91,13.07,12.78,12.84,62673
20100301,PLL,40.72,41.82,40.42,41.01,30034
20100301,PM,49.05,49.25,48.79,48.93,81982
20100301,PNC,53.9,54,53.28,53.81,34692
20100301,PNW,36.43,36.81,36.42,36.63,19011
20100301,POM,16.76,17.06,16.71,16.74,19204
20100301,PPG,61.69,62.44,61.25,62.38,10147
20100301,PPL,28.64,29.13,28.61,28.95,16981
20100301,PRU,52.74,53.55,52.74,53.46,32110
20100301,PSA,83.43,85.2,83.06,84.62,18467
20100301,PTV,24.85,25.105,24.63,24.92,27283
20100301,PWR,19.12,19.3,18.96,19.19,32167
20100301,PX,75.47,76.13,74.91,76.06,19114
20100301,PXD,46.93,47.59,46.74,47.15,14378
20100301,Q,4.55,4.58,4.49,4.57,123371
20100301,QCOM,36.79,36.82,35.46,35.56,591609
20100301,QLGC,18.18,18.68,18.17,18.55,23384
20100301,R,35.53,35.99,35.21,35.29,6281
20100301,RAI,53,53.24,52.78,53.24,10974
20100301,RDC,27.04,27.69,26.68,27.32,62544
20100301,RF,6.76,6.83,6.55,6.65,162941
20100301,RHI,28,28.88,27.88,28.82,19424
20100301,RHT,28.16,28.82,28.01,28.63,13777
20100301,RL,79.23,81.05,79.16,80.76,7404
20100301,ROK,54.45,55.22,54.41,55.13,8642
20100301,ROP,55.59,55.96,55.41,55.7,5314
20100301,ROST,49.16,49.41,48.37,49.3,22491
20100301,RRC,50.99,51.53,50.69,51.23,26303
20100301,RRD,19.93,20.12,19.7,20.02,18831
20100301,RSG,28.33,28.91,28.32,28.89,17164
20100301,RSH,19.65,19.77,19.46,19.69,35325
20100301,RTN,56.54,57.05,56.35,56.79,17190
20100301,S,3.35,3.43,3.32,3.39,342594
20100301,SAI,19.7,19.76,19.47,19.51,26636
20100301,SBUX,22.94,23.34,22.91,23.29,63517
20100301,SCG,36.28,36.88,36.28,36.77,5798
20100301,SCHW,18.35,18.39,18.22,18.25,79137
20100301,SE,21.9,22.1067,21.86,21.98,32550
20100301,SEE,20.49,20.65,20.39,20.65,11787
20100301,SHLD,95.6,96.39,95.1,95.9,11236
20100301,SHW,63.6,63.98,63.04,63.74,8535
20100301,SIAL,47.93,49.31,47.8,49.3,15465
20100301,SII,41.48,41.55,40.9,41.22,150998
20100301,SJM,59.92,59.93,59.32,59.51,7808
20100301,SLB,61.83,61.98,60.96,61.42,128442
20100301,SLE,13.65,13.8,13.56,13.73,69732
20100301,SLM,11.24,11.24,10.79,10.95,40784
20100301,SNA,42.5,42.98,42.16,42.81,3157
20100301,SNDK,29.86,32.75,29.85,32.63,213163
20100301,SNI,39.89,40.53,39.77,40.21,6081
20100301,SO,31.89,32.13,31.83,32.06,29710
20100301,SPG,78.9,79.09,78.02,78.4,19392
20100301,SPLS,25.77,26,25.55,25.86,101386
20100301,SRCL,55.2,55.57,55.2,55.57,4147
20100301,SRE,49.2,49.58,49.12,49.3,25594
20100301,STI,23.79,23.86,23.3,23.64,43873
20100301,STJ,38.12,38.9,38.12,38.84,18729
20100301,STR,42.37,42.8,42.29,42.8,7375
20100301,STT,45.2,45.22,44.7199,44.97,33333
20100301,STZ,15.15,15.26,15.06,15.26,10710
20100301,SUN,26.5,26.72,26.382,26.5,15800
20100301,SVU,15.29,15.69,15.27,15.65,26473
20100301,SWK,57.12,59.1,56.86,59.06,24345
20100301,SWN,43.22,43.42,42.41,42.53,59089
20100301,SWY,25.01,25.23,24.81,24.99,60333
20100301,SYK,53.32,54.08,53.29,53.82,10310
20100301,SYMC,16.56,16.76,16.48,16.68,130999
20100301,SYY,28.92,29.065,28.77,28.97,28634
20100301,T,24.91,25.07,24.83,25,249059
20100301,TAP,40.53,41.08,40.26,41.08,11901
20100301,TDC,30.47,30.91,30.425,30.91,6623
20100301,TE,15.39,15.61,15.36,15.55,14095
20100301,TEG,44.26,44.86,44.23,44.83,7099
20100301,TER,10.05,10.405,10.05,10.39,42272
20100301,TGT,51.77,52.34,51.49,52.24,48836
20100301,THC,5.28,5.34,5.22,5.27,77962
20100301,TIE,11.83,12.29,11.83,12.28,31582
20100301,TIF,44.5,45.74,44.33,45.59,21486
20100301,TJX,41.64,41.8,41.07,41.67,53319
20100301,TLAB,6.94,7.07,6.9019,7.06,41345
20100301,TMK,46.78,47.1595,46.67,47.05,3923
20100301,TMO,48.83,49.25,48.27,48.65,67944
20100301,TROW,50.8,51.17,50.58,51.1,10469
20100301,TRV,52.76,53.42,52.76,53.08,43301
20100301,TSN,17.05,17.44,16.98,17.17,39459
20100301,TSO,11.99,12.0075,11.82,11.84,52091
20100301,TSS,14.56,14.68,14.29,14.5,20544
20100301,TWC,46.75,47.59,46.7,47.17,12605
20100301,TWX,29.09,29.7,29.08,29.6,66164
20100301,TXN,24.53,24.925,24.47,24.63,148938
20100301,TXT,20,20.31,19.82,20.21,44004
20100301,UNH,34,34.72,33.525,34.04,109707
20100301,UNM,20.89,21.32,20.86,21.31,25353
20100301,UNP,67.74,68.08,67.02,67.7,37973
20100301,UPS,58.8,59.535,58.73,58.85,39445
20100301,URBN,32.38,33.19,32.2627,33.18,27612
20100301,USB,24.62,24.73,24.39,24.51,68434
20100301,UTX,68.84,69.8,68.84,69.64,37032
20100301,V,85.5,86.94,85.28,86.82,33750
20100301,VAR,49.06,50.47,49,50.28,10727
20100301,VFC,77.43,77.98,77.08,77.96,6930
20100301,VIA,31.83,31.83,29.61,31.55,589
20100301,VLO,17.65,17.76,17.6,17.64,58600
20100301,VMC,43.59,43.59,42.52,43.01,15742
20100301,VNO,65.99,66.78,65.62,66.19,12657
20100301,VRSN,24.97,25.59,24.86,25.44,49966
20100301,VTR,44.42,44.62,44.12,44.49,14887
20100301,VZ,28.97,29.105,28.85,28.99,161997
20100301,WAG,35.33,35.45,34.87,35.42,68679
20100301,WAT,59.97,62.22,59.92,61.7,14261
20100301,WDC,38.86,40.65,38.76,40.48,74164
20100301,WEC,48.64,49.36,48.64,49.31,5086
20100301,WFC,27.45,27.59,27.15,27.35,343126
20100301,WFMI,35.97,36.59,35.71,36.56,46661
20100301,WFR,12.21,12.46,12.16,12.29,57397
20100301,WHR,84.495,85.92,83.67,85.89,8841
20100301,WIN,10.16,10.33,10.15,10.29,52349
20100301,WLP,62.49,63.46,61.2,62.06,69881
20100301,WM,33.04,33.45,33.01,33.37,24048
20100301,WMB,21.63,22.06,21.61,22.06,66823
20100301,WMT,54.04,54.13,53.54,53.9,121297
20100301,WPI,39.91,40.23,39.86,40.12,15049
20100301,WPO,424,431.62,422.49,431,659
20100301,WU,15.88,16.07,15.76,16,77322
20100301,WY,40.68,41.78,40.6,41.72,18229
20100301,WYN,23.06,23.76,22.875,23.72,20336
20100301,WYNN,64.41,66.8,64.03,66.22,31046
20100301,X,53.58,54.71,52.9,54.58,141110
20100301,XEL,20.89,21.14,20.86,21.02,15248
20100301,XL,18.35,18.63,18.28,18.58,25720
20100301,XLNX,26.02,26.48,25.98,26.4,52695
20100301,XOM,65.36,65.54,65.09,65.4,187987
20100301,XRAY,33.18,33.66,33.01,33.56,7839
20100301,XRX,9.38,9.58,9.38,9.55,125285
20100301,XTO,45.87,46.071,45.69,45.89,50383
20100301,YHOO,15.44,15.83,15.4,15.79,172393
20100301,YUM,33.77,34,33.61,33.88,28266
20100301,ZION,18.58,18.7,18.18,18.3,24521
20100301,ZMH,57.43,58.57,57.28,58.23,11322
