20100609,A,29.98,30.47,29.4,29.52,43290
20100609,AA,10.93,11.11,10.76,10.8,261317
20100609,AAPL,251.56,251.9,242.49,243.2,305224
20100609,ABC,30.78,31.56,30.75,30.94,39994
20100609,ABT,46.39,46.55,45.73,45.86,87697
20100609,ADBE,31.24,31.52,30.63,30.73,58102
20100609,ADI,28.31,28.62,27.72,27.87,50596
20100609,ADM,25.05,25.44,24.84,24.93,47559
20100609,ADP,40.8,41.41,40.52,40.86,55664
20100609,ADSK,26.38,27.445,26.32,26.44,59014
20100609,AEE,24.11,24.17,23.73,23.8,17843
20100609,AEP,31.92,31.92,31.58,31.74,54808
20100609,AES,9.78,10.14,9.76,9.8,92223
20100609,AET,29.5,29.81,28.75,28.81,60946
20100609,AFL,42.17,42.69,41.04,41.22,55301
20100609,AGN,58.67,58.86,57.5,57.67,20939
20100609,AIG,34.5,35.74,34,34.22,57967
20100609,AIV,20.35,21.42,20.3,20.43,25902
20100609,AIZ,34.4,34.71,33.91,34,26087
20100609,AKAM,41.22,42.99,41.11,41.82,61351
20100609,AKS,13.11,13.4898,12.86,12.91,100970
20100609,ALL,29.31,29.49,28.76,28.85,39044
20100609,ALTR,23.52,23.685,22.77,22.85,84115
20100609,AMAT,12.42,12.67,12.13,12.19,192531
20100609,AMD,7.91,8.05,7.58,7.61,247602
20100609,AMGN,53.8,54.055,52.94,53.15,62752
20100609,AMP,38.49,39.32,37.75,37.89,25079
20100609,AMT,42.39,42.94,41.81,41.97,38872
20100609,AMZN,120.3,121.47,117.36,117.91,73717
20100609,AN,20.53,21.12,20.33,20.41,19084
20100609,ANF,34.01,35.38,33.88,34.12,33088
20100609,AON,38.88,39.05,37.69,37.8,27509
20100609,APA,90.43,92.73,88.44,88.84,54411
20100609,APC,42.84,44.17,34.54,34.83,457750
20100609,APD,67.5,68.73,67.18,67.5,20344
20100609,APH,39.46,40.37,39.23,39.39,15467
20100609,APOL,50.73,50.82,49.88,50.03,19252
20100609,ARG,62.71,62.9,61.86,62.16,7327
20100609,ATI,48.67,50.34,48.21,48.81,30086
20100609,AVB,96.49,100.52,96.33,97.09,18368
20100609,AVP,27.31,28.01,27.17,27.36,86794
20100609,AVY,31.55,32.05,31.33,31.67,21575
20100609,AXP,38.83,39.24,37.97,38.11,122748
20100609,AYE,20.93,20.97,20.59,20.65,19504
20100609,AZO,189.85,191.66,187.95,188.59,6275
20100609,BA,61.48,63.18,61.17,61.71,77294
20100609,BAC,15.43,15.49,14.94,15.01,1508448
20100609,BAX,41.06,41.2,40.34,40.47,70426
20100609,BBBY,42.95,43.96,42.73,42.96,28959
20100609,BBT,29.24,29.44,28.63,28.71,80009
20100609,BBY,38.96,39.83,38.82,39,63965
20100609,BCR,77.97,78.6,77.58,77.73,8892
20100609,BDX,69.07,69.68,68.5,68.64,16730
20100609,BEN,90.82,91.77,88.08,88.55,19256
20100609,BF.B,57.3,58.21,56.0101,58.11,5868
20100609,BHI,38.62,40.2899,38.16,38.35,77451
20100609,BIG,33.22,33.64,32.64,32.81,17250
20100609,BIIB,47.06,47.805,46.37,47.08,29067
20100609,BK,25.54,25.63,25.18,25.33,336048
20100609,BLL,51.84,52.49,50.17,50.34,11853
20100609,BMC,35.78,36.575,35.64,35.82,29571
20100609,BMS,27.97,28.25,27.52,27.63,10301
20100609,BMY,24.34,24.4,24.09,24.14,211978
20100609,BRCM,32.6,33.13,31.94,32.06,87004
20100609,BRK.B,72.87,73.57,71.36,71.81,59175
20100609,BSX,5.55,5.6,5.43,5.44,173076
20100609,BTU,38.08,38.89,36.94,37.17,84018
20100609,BXP,74.46,76.45,74.18,74.62,20392
20100609,C,3.78,3.89,3.76,3.87,11485649
20100609,CA,19.22,19.48,18.97,18.99,43698
20100609,CAG,24.58,24.96,24.4,24.48,59366
20100609,CAH,34.05,34.4701,33.69,33.82,60570
20100609,CAM,34.27,36.14,33.81,34.13,81904
20100609,CAT,57.49,58.85,56.59,56.81,97526
20100609,CB,50.4,50.44,49.58,49.7,29669
20100609,CBG,14.12,15.08,14.05,14.12,76513
20100609,CBS,13.49,14.265,13.37,13.65,187318
20100609,CCE,25.29,25.75,25.19,25.35,62011
20100609,CCL,35.2,35.835,34.53,34.71,56347
20100609,CEG,34.97,35.42,34.57,34.76,23165
20100609,CELG,52.76,52.98,51.21,51.47,42775
20100609,CEPH,57.22,57.49,56.51,56.7,16532
20100609,CERN,80,80,77.83,78.1,9099
20100609,CF,59.41,60.74,58.53,58.97,24554
20100609,CFN,25.29,25.43,24.96,25.09,16540
20100609,CHK,24.33,24.8,23.26,23.44,220527
20100609,CHRW,54.91,56.25,54.86,55.03,17087
20100609,CI,33.92,34.16,33.13,33.29,29499
20100609,CINF,26.92,26.97,26.57,26.66,11518
20100609,CL,78.83,79.21,78.4119,78.72,27182
20100609,CLF,50.93,53.3,50.33,50.8,89696
20100609,CLX,63.8,64.2387,63.46,63.78,10120
20100609,CMA,36.99,37.61,36.45,36.61,37248
20100609,CMCSA,17.53,17.96,17.39,17.415,191776
20100609,CME,299.44,302.82,291.13,291.47,6645
20100609,CMI,65.95,67.51,65.4,65.89,34172
20100609,CMS,14.47,14.81,14.4,14.45,40802
20100609,CNP,13.21,13.24,12.87,12.9,95119
20100609,CNX,37.08,37.7,35.73,35.98,42624
20100609,COF,39.33,39.54,37.83,38.02,73649
20100609,COG,35.01,35.58,33.99,34.18,19024
20100609,COH,40.11,41.9,40.11,40.81,49899
20100609,COL,55.32,56.52,54.53,54.81,12913
20100609,COP,51.32,51.91,50.57,50.72,130641
20100609,COST,56.73,57.75,56.58,57.4,49268
20100609,CPB,36.82,37.17,36.52,36.59,36302
20100609,CPWR,7.89,8.04,7.76,7.82,26182
20100609,CRM,89.16,91.93,88.57,89.02,24252
20100609,CSC,48.21,48.73,47.72,47.93,9946
20100609,CSCO,23.03,23.45,22.74,22.78,477276
20100609,CSX,49.67,50.97,48.95,49.19,61831
20100609,CTAS,24.87,25.009,24.55,24.62,12823
20100609,CTL,33.83,34.23,33.71,33.86,35338
20100609,CTSH,49.68,50.93,49.61,49.82,30540
20100609,CTXS,42.21,43.4,41.93,42.68,48595
20100609,CVH,20.77,20.86,19.89,20,28306
20100609,CVS,31.18,31.45,30.3,30.67,248471
20100609,CVX,71.27,72.39,70.6,70.79,140815
20100609,D,40.29,40.38,39.77,39.92,27538
20100609,DD,35.68,36.59,35.38,35.58,101488
20100609,DE,55.76,57.45,54.94,55.27,48163
20100609,DELL,12.81,13.07,12.42,12.78,424612
20100609,DF,10.7,10.7,10.36,10.44,43305
20100609,DFS,12.75,13.04,12.5,12.57,84806
20100609,DGX,52.13,52.51,51.71,51.83,13512
20100609,DHI,11.08,11.1,10.46,10.54,110135
20100609,DHR,77.01,77.79,75.89,76.19,21378
20100609,DIS,33.3,33.82,32.83,32.94,137141
20100609,DISCA,36.18,36.75,35.74,35.84,21060
20100609,DNB,70.49,71.03,70.04,70.21,3188
20100609,DNR,15.64,16.28,15.61,15.82,125044
20100609,DO,57.58,61,56.95,57.1,70381
20100609,DOV,42.6,43.96,42.51,42.69,15922
20100609,DOW,25.48,26.15,25.31,25.44,138114
20100609,DPS,36.7,36.78,36.01,36.14,26673
20100609,DRI,41.78,42.8095,41.55,41.86,19389
20100609,DTE,45.28,45.84,44.92,45.12,20560
20100609,DTV,37.78,38.61,37.56,37.7,135517
20100609,DUK,16.13,16.14,15.87,15.93,82858
20100609,DV,56.4,56.61,55.34,55.51,9907
20100609,DVA,62.99,63.27,62.14,62.33,11373
20100609,DVN,65.45,66.75,64.27,64.55,56792
20100609,EBAY,21.82,22.37,21.72,21.78,222747
20100609,ECL,45.89,46.48,45.36,45.52,25559
20100609,ED,42.69,42.74,42.03,42.15,13417
20100609,EFX,28.92,29.18,28.58,28.64,13324
20100609,EIX,32.47,32.49,31.92,32.05,25218
20100609,EK,4.88,4.99,4.67,4.77,66923
20100609,EL,56.14,58.275,56.07,56.99,23166
20100609,EMC,18.04,18.3,17.79,17.88,184471
20100609,EMN,58.51,59.9,57.82,58.13,11962
20100609,EMR,44.46,45.11,43.8,43.99,44687
20100609,EOG,106.18,108.54,103.09,103.81,32087
20100609,EP,11.42,11.72,11.26,11.34,98108
20100609,EQR,42.25,43.38,41.59,41.81,43344
20100609,EQT,38.86,39.45,38.19,38.33,14345
20100609,ERTS,15.59,15.68,15.17,15.21,51918
20100609,ESRX,51.21,51.58,50.56,50.81,42250
20100609,ETFCD,13.03,13.45,12.94,13.02,33370
20100609,ETN,67.84,69.52,66.9,67.21,15540
20100609,ETR,73.28,73.43,72.05,72.26,17890
20100609,EXC,38.75,38.97,38.26,38.59,66077
20100609,EXPD,36.54,37.23,35.88,36.08,20276
20100609,EXPE,19.95,20.37,19.74,19.8,51325
20100609,F,11.36,11.4,11,11.05,749475
20100609,FAST,49.23,50.52,48.84,49.16,9812
20100609,FCX,62.9,63.89,60.25,60.75,160822
20100609,FDO,37.94,38.54,37.76,38.05,21464
20100609,FDX,79.42,80.25,77.12,77.55,34359
20100609,FE,36.62,36.62,35.98,36.12,35223
20100609,FHN,11.71,11.8,11.31,11.33,38193
20100609,FII,21.41,21.41,20.82,20.9,21190
20100609,FIS,27.03,27.28,26.63,26.74,55217
20100609,FISV,45.92,46.69,45.62,45.74,20657
20100609,FITB,12.86,13.12,12.63,12.67,126277
20100609,FLIR,27.15,27.35,26.66,26.73,17710
20100609,FLR,44.145,45.38,43.43,43.63,28268
20100609,FLS,84.39,88.48,84.39,86.35,21677
20100609,FMC,59.67,60.55,58.92,59.21,5712
20100609,FO,45.93,47.03,45.44,45.67,8234
20100609,FPL,49.26,49.26,48.31,48.4,24558
20100609,FRX,24.65,25.105,24.6,24.83,71492
20100609,FSLR,106,108.97,102.5,103.07,20261
20100609,FTI,48.89,51.12,47.86,48.21,32453
20100609,FTR,7.85,7.85,7.71,7.78,54949
20100609,GAS,40,40,39.23,39.41,3772
20100609,GCI,14.75,15.11,14.42,14.53,67832
20100609,GD,62.83,63.84,62.33,62.55,19940
20100609,GE,15.59,15.7,15.22,15.32,668535
20100609,GENZ,47.96,48.35,47.12,47.16,25677
20100609,GILD,33.56,33.78,32.88,32.91,161779
20100609,GIS,37.4,37.71,37.33,37.5,106928
20100609,GLW,17.27,17.76,17.2,17.29,330664
20100609,GME,21.08,21.43,20.88,20.99,38343
20100609,GNW,14.54,14.96,14.02,14.1,105016
20100609,GOOG,487.28,488.88,472,474.02,27327
20100609,GPC,39.09,39.75,38.97,39.2,9474
20100609,GPS,21.13,21.75,21.05,21.2,139273
20100609,GR,65.19,66.53,64.38,64.66,14582
20100609,GS,138.59,139.42,136.2201,136.8,89558
20100609,GT,10.98,11.28,10.73,10.77,40203
20100609,GWW,99.48,101.2,99.03,99.38,7708
20100609,HAL,23.17,24.22,22.27,22.56,308700
20100609,HAR,30.24,31.45,29.86,30.44,21039
20100609,HAS,38.46,39.31,38.17,38.44,16738
20100609,HBAN,5.78,5.85,5.69,5.71,187925
20100609,HCBK,12.92,12.99,12.78,12.8,71281
20100609,HCN,42.56,43.15,42.1604,42.39,22940
20100609,HCP,31.2,31.93,30.79,30.93,28486
20100609,HD,31.87,32.4,31.62,31.76,157942
20100609,HES,50.17,51.46,49.61,49.88,42091
20100609,HIG,23.02,23.78,22.62,22.74,81435
20100609,HNZ,45.12,45.39,44.68,44.8,28713
20100609,HOG,26.66,27.15,26.03,26.18,31537
20100609,HON,40.62,41.425,39.94,40.01,102946
20100609,HOT,45.32,47.62,45.32,45.95,52302
20100609,HP,39.6,41.45,38.93,39.2,28731
20100609,HPQ,46.06,46.49,45.21,45.41,190895
20100609,HRB,15.53,15.74,15.1,15.17,40623
20100609,HRL,40.91,41.12,40.6,40.86,5672
20100609,HRS,45.35,46.16,44.49,44.7,12819
20100609,HSP,50.67,51.7,50.67,51.28,16201
20100609,HST,13.98,14.63,13.92,14.06,178436
20100609,HSY,50.37,51.54,50.1,51.15,29273
20100609,HUM,46.9,47.47,46.6,46.84,21542
20100609,IBM,124.74,125.84,123.58,123.9,78003
20100609,ICE,116.1,118.799,114.18,114.78,8712
20100609,IFF,44.54,45.3,43.84,44.08,10452
20100609,IGT,18.79,19.02,18.22,18.32,46873
20100609,INTC,20.38,20.6,19.86,19.93,589811
20100609,INTU,35.45,35.76,35.04,35.14,34803
20100609,IP,21.9,22.69,21.75,21.87,73330
20100609,IPG,7.71,7.93,7.53,7.66,60195
20100609,IRM,23.26,23.67,23.17,23.27,16938
20100609,ISRG,325.42,328.43,320.47,321.22,3474
20100609,ITT,45.32,46.19,45.09,45.39,27050
20100609,ITW,43.74,44.8,43.52,43.68,36917
20100609,IVZ,18.1,18.12,17.51,17.65,131451
20100609,JBL,12.1,12.81,12,12.51,72866
20100609,JCI,26.31,26.35,25.71,25.9,139719
20100609,JCP,25.32,25.87,25.19,25.34,46368
20100609,JDSU,10.38,10.97,10.23,10.29,79258
20100609,JEC,39.75,40.98,39.37,39.62,15524
20100609,JNJ,58.81,58.94,57.94,58.17,131729
20100609,JNPR,24.43,24.905,23.86,23.98,100213
20100609,JNS,9.86,9.94,9.55,9.61,48196
20100609,JPM,38.15,38.16,37.01,37.12,425859
20100609,JWN,36.53,37.36,36.06,36.32,33008
20100609,K,54.36,54.64,53.85,53.98,34437
20100609,KEY,7.86,8.12,7.84,7.91,224186
20100609,KFT,28.68,29.31,28.63,28.88,114708
20100609,KG,7.71,7.91,7.64,7.74,54672
20100609,KIM,13.82,14.2,13.64,13.72,70961
20100609,KLAC,28.58,29.1,27.96,28.08,40638
20100609,KMB,61.88,62.16,61.43,61.77,29559
20100609,KO,51.56,51.85,51.17,51.35,88309
20100609,KR,19.79,19.91,19.405,19.52,104900
20100609,KSS,49.94,50.93,49.78,50.19,45886
20100609,L,31.56,31.94,31,31.12,38158
20100609,LEG,22.05,22.57,21.91,22.02,18403
20100609,LEN,14.94,15.22,14.32,14.43,46510
20100609,LH,75.65,76.41,75.43,75.57,10693
20100609,LIFE,47.6,48.21,47.475,47.84,21158
20100609,LLL,79.76,80.65,78.83,79.16,9053
20100609,LLTC,26.7,27.42,26.53,26.64,50331
20100609,LLY,33,33.29,32.81,32.95,65123
20100609,LM,30.71,31.16,29.89,30.03,25240
20100609,LMT,77.04,78.54,77,77.34,22561
20100609,LNC,25.21,25.86,24.77,24.91,37505
20100609,LO,72.1,73.46,71.59,72.3,19399
20100609,LOW,23.53,23.7601,23.16,23.28,116867
20100609,LSI,4.89,5.02,4.8,4.82,106430
20100609,LTD,23.99,24.96,23.99,24.2,56759
20100609,LUK,20.45,20.92,20.15,20.23,16559
20100609,LUV,11.93,12.21,11.78,11.84,93347
20100609,LXK,35.89,37.32,35.63,35.83,19885
20100609,M,20.74,21.2198,20.35,20.52,117303
20100609,MA,198.22,200.62,193.76,195.46,26893
20100609,MAR,32.34,33.67,32.28,32.51,59771
20100609,MAS,11.87,12.06,11.52,11.59,47427
20100609,MAT,20.76,21.31,20.57,20.7,46975
20100609,MCD,68.68,68.9,68.04,68.26,89259
20100609,MCHP,27.2,27.75,26.759,27,33732
20100609,MCK,68.495,69.74,68.29,68.56,21275
20100609,MCO,19.2,19.335,18.69,18.79,38781
20100609,MDP,32.84,34.02,32.75,32.89,3268
20100609,MDT,37.86,38.24,37.43,37.52,54568
20100609,MEE,29.5,30.18,28.22,28.52,40283
20100609,MET,39.26,40.21,38.66,38.87,76849
20100609,MFE,32.03,32.39,31.5,31.59,26849
20100609,MHP,28.24,28.622,27.81,27.92,45234
20100609,MHS,58.39,59.115,58.12,58.28,31647
20100609,MI,7.53,7.59,7.215,7.28,143094
20100609,MIL,106.58,106.58,106.4,106.51,15820
20100609,MJN,49.015,50.49,48.51,49.56,29260
20100609,MKC,39.3,39.33,38.83,38.99,8423
20100609,MMC,21.01,21.34,20.93,21.05,51472
20100609,MMM,75.47,76.1,74.5,74.79,48054
20100609,MO,20.28,20.37,20.01,20.05,402219
20100609,MOLX,19.31,19.8025,19.15,19.3,24678
20100609,MON,50.7,50.77,48.78,48.93,123222
20100609,MOT,6.67,6.81,6.64,6.68,239945
20100609,MRK,33.86,34.125,33.485,33.71,128559
20100609,MRO,31.74,31.86,30.77,30.92,95134
20100609,MS,25.75,25.87,24.94,25.13,161586
20100609,MSFT,25.22,25.52,24.75,24.79,878084
20100609,MTB,76.89,77.08,75.6,76.26,18943
20100609,MU,8.66,8.9,8.47,8.53,286704
20100609,MUR,51.27,52.55,50.44,50.68,18599
20100609,MWV,22.75,23.15,22.23,22.36,11435
20100609,MWW,12.62,12.87,12.29,12.38,51792
20100609,MYL,17.98,18.25,17.82,17.96,97191
20100609,NBL,61.92,62.56,60.55,61.07,30426
20100609,NBR,20.35,21.09,19.65,19.87,118522
20100609,NDAQ,18.3,18.7,18.25,18.3,34712
20100609,NEM,55.88,56.48,55.18,55.7,91346
20100609,NI,14.73,14.75,14.39,14.45,33907
20100609,NKE,70.52,71.33,69.67,70.01,32285
20100609,NOC,57.63,58.69,57.32,57.56,18782
20100609,NOV,35.8,37.23,34.89,35.15,92050
20100609,NOVL,6,6,5.89,5.89,42043
20100609,NRG,22.66,23.44,22.55,22.63,60323
20100609,NSC,53.82,55.48,53.34,53.6,29961
20100609,NSM,13.35,13.48,13.05,13.11,90319
20100609,NTAP,37.7,38.96,37.39,37.51,81720
20100609,NTRS,49.13,49.8,48.61,48.75,16112
20100609,NU,25.59,25.71,25.18,25.28,12199
20100609,NUE,41.28,41.94,40.87,41.09,64344
20100609,NVDA,11.25,11.54,10.87,10.91,174295
20100609,NVLS,24.73,25.14,24.33,24.635,49694
20100609,NWL,16.15,16.65,16.15,16.28,58905
20100609,NWSA,12.59,13.04,12.56,12.72,236493
20100609,NYT,8.43,8.66,8.3,8.36,15933
20100609,NYX,27.32,27.66,26.8,26.93,23061
20100609,ODP,5.23,5.36,5.1,5.17,71400
20100609,OI,28.72,29.12,27.68,27.86,17131
20100609,OKE,43.33,44,43.02,43.22,6210
20100609,OMC,36.31,36.98,35.89,36.07,23359
20100609,ORCL,21.8,22.09,21.48,21.54,221983
20100609,ORLY,49.58,50.2,48.73,48.95,12817
20100609,OXY,81.31,81.96,79.39,79.97,57471
20100609,PAYX,27.99,28.44,27.9,27.95,23663
20100609,PBCT,14.255,14.3,14.01,14.05,73009
20100609,PBI,21.87,22.16,21.72,21.88,19822
20100609,PCAR,39.65,40.66,39.1,39.25,23712
20100609,PCG,40.97,40.98,39.87,40,44444
20100609,PCL,35.14,35.71,34.52,34.71,18505
20100609,PCP,105.11,107.25,104.34,104.93,15098
20100609,PCS,8.28,8.495,8.2401,8.29,79405
20100609,PDCO,29.18,29.72,29.1,29.19,10512
20100609,PEG,31.8,32.4,31.46,31.86,60261
20100609,PEP,62.86,63.07,62.33,62.49,70627
20100609,PFE,14.64,14.75,14.39,14.52,865832
20100609,PFG,25.9,26.29,25.13,25.29,33774
20100609,PG,62.45,62.6,61.27,61.47,142115
20100609,PGN,38.8,38.86,38.17,38.29,20807
20100609,PGR,19.33,19.36,18.88,18.92,47969
20100609,PH,58.94,60.28,58.2,58.42,19958
20100609,PHM,9.52,9.665,9.125,9.17,107796
20100609,PKI,21.55,22.355,21.52,21.79,37864
20100609,PLD,10.18,10.7,10.11,10.21,86701
20100609,PLL,34.82,36.43,33.57,35.14,45750
20100609,PM,43.98,45.14,43.78,44.15,110856
20100609,PNC,59.33,59.45,57.75,58.01,46501
20100609,PNW,35.79,35.83,34.77,34.89,16479
20100609,POM,15.95,15.95,15.4,15.44,47951
20100609,PPG,62.65,63.25,61.58,61.91,27236
20100609,PPL,25.45,25.56,24.84,24.89,36309
20100609,PRU,56.4,57.32,54.9,55.16,37851
20100609,PSA,88.88,90.36,87.45,87.85,15471
20100609,PTV,29.83,29.83,28.695,28.95,36799
20100609,PWR,20.94,21.05,20.5,20.58,31161
20100609,PX,76.63,77.36,75.77,76.1,21615
20100609,PXD,64.86,67.31,64,64.56,31116
20100609,Q,5.23,5.29,5.2,5.24,247488
20100609,QCOM,35.28,35.38,34.63,34.72,241153
20100609,R,41,42.685,40.91,41.3,11084
20100609,RAI,51.86,52.48,51.47,51.65,18527
20100609,RDC,23.12,24.32,22.74,22.91,52466
20100609,RF,7.18,7.2,6.74,6.79,305345
20100609,RHI,23.15,23.45,22.87,22.97,25567
20100609,RHT,28.82,29.65,28.65,29.02,29607
20100609,RL,79.89,82.46,79.75,80.27,16977
20100609,ROK,50.6,51.95,50.18,50.28,14114
20100609,ROP,56.29,57.07,55.88,56.1,5548
20100609,ROST,54.94,56.61,54.815,55.6,34094
20100609,RRC,47.4,48.39,46.48,46.81,41763
20100609,RRD,17.54,17.81,17.34,17.41,28417
20100609,RSG,29.14,29.86,29.14,29.6,42022
20100609,RSH,21.93,22.64,21.8,22.08,39649
20100609,RTN,50.64,51.34,50.35,50.51,32029
20100609,S,4.54,4.82,4.46,4.61,730415
20100609,SAI,17.41,17.59,17.34,17.4,35663
20100609,SBUX,26.06,26.72,26.01,26.31,118605
20100609,SCG,35.71,35.8,34.81,34.93,18396
20100609,SCHW,16.06,16.18,15.65,15.74,103363
20100609,SE,19.93,20.24,19.63,19.74,36866
20100609,SEE,20.18,20.41,19.99,20.22,18349
20100609,SHLD,79.98,81.17,77.3,77.61,9298
20100609,SHW,74.48,75.23,73.82,74.09,12437
20100609,SII,38.01,39.15,37.19,37.35,61712
20100609,SJM,55.37,56.04,55.2,55.38,7248
20100609,SLB,56.35,57.94,55.21,55.47,135760
20100609,SLE,14.45,14.74,14.45,14.5,95020
20100609,SLM,10.895,11.27,10.86,11,63175
20100609,SNA,41.56,42.38,41.12,41.31,3957
20100609,SNDK,43.32,44.98,42.48,42.75,124607
20100609,SNI,43.06,44.32,43.06,43.63,11932
20100609,SO,32.89,32.89,32.47,32.57,39258
20100609,SPG,82.92,84.88,81.81,82.19,26334
20100609,SPLS,21.21,21.38,20.93,21.06,97961
20100609,SRCL,59.49,61.57,59.2,61.46,19340
20100609,SRE,46.63,46.64,46,46.23,41644
20100609,STI,25.4,25.53,24.64,24.73,69384
20100609,STJ,36.98,36.98,35.99,36.07,32781
20100609,STR,45.25,46.18,44.63,44.81,13474
20100609,STT,37.16,37.6,36.39,36.5,46130
20100609,STZ,16.1,16.4,15.99,16.04,19034
20100609,SUN,29.06,29.3,28.32,28.48,23679
20100609,SVU,12.2,12.43,11.93,11.99,35742
20100609,SWK,54.74,55.09,52.57,52.87,31259
20100609,SWN,42.33,43.13,41.67,41.9,58683
20100609,SWY,21.01,21.16,20.53,20.62,83942
20100609,SYK,50.85,51,49.24,49.48,43282
20100609,SYMC,14.1,14.2,13.88,13.92,178381
20100609,SYY,30.24,30.72,30.14,30.39,87787
20100609,T,25.1,25.21,24.8,24.9,331812
20100609,TAP,43.17,43.7,42.93,43.15,16228
20100609,TDC,31.01,31.67,30.67,30.89,29379
20100609,TE,15.31,15.4,15.03,15.1,20145
20100609,TEG,43.75,43.99,43.08,43.25,8930
20100609,TER,10.17,10.3799,9.81,9.88,51909
20100609,TGT,52.69,53.29,52.15,52.37,60847
20100609,THC,4.83,4.97,4.76,4.78,154854
20100609,TIE,17.54,19.01,17.52,18.05,76215
20100609,TIF,41.48,43.5,41.48,42.43,59475
20100609,TJX,44.95,45.97,44.85,45.02,53946
20100609,TLAB,6.62,6.76,6.55,6.63,276096
20100609,TMK,50.66,51.48,50.1,50.29,8312
20100609,TMO,49.9,50.6,49.57,49.72,58214
20100609,TROW,48.28,48.72,47.04,47.21,24226
20100609,TRV,49.39,49.54,48.72,48.79,63380
20100609,TSN,17.61,17.88,17.45,17.65,64211
20100609,TSO,11.52,11.63,10.88,10.92,69692
20100609,TSS,14.17,14.32,13.97,14.04,13419
20100609,TWC,52.35,53.44,51.41,51.6,29528
20100609,TWX,30.34,31,30.1,30.25,101355
20100609,TXN,24.3,24.54,23.64,23.74,198828
20100609,TXT,19.07,19.34,18.53,18.68,59965
20100609,UNH,30.89,31.16,30.45,30.53,101263
20100609,UNM,22.49,22.76,22.06,22.14,39272
20100609,UNP,69.92,71.94,69.1,69.38,46587
20100609,UPS,59.21,59.98,58.38,58.62,54241
20100609,URBN,36.13,37.1,35.7305,36.02,27222
20100609,USB,22.94,23.15,22.52,22.57,157651
20100609,UTX,64.68,64.81,63.27,63.42,80015
20100609,V,74.08,75.48,73.18,73.8,88980
20100609,VAR,48.96,50.08,48.74,48.87,16161
20100609,VFC,74.33,75.88,74.33,74.66,10592
20100609,VIA.B,32.5,34,32.5,33.16,111629
20100609,VLO,16.97,17.05,16.24,16.36,222350
20100609,VMC,46.48,46.94,45.16,45.39,19708
20100609,VNO,73.34,75.44,72.67,73.04,17641
20100609,VRSN,27.9,28.74,27.74,27.96,58308
20100609,VTR,45.98,46.69,45.69,45.89,24376
20100609,VZ,27.69,28.035,27.61,27.78,184763
20100609,WAG,30.57,30.62,29.35,29.83,188792
20100609,WAT,66.41,68.55,66.3301,66.86,14109
20100609,WDC,33.88,34.83,32.93,33.21,61255
20100609,WEC,48.65,48.705,47.85,48,9937
20100609,WFC,27.95,27.96,26.9,27.03,379881
20100609,WFMI,38.49,39.2,37.92,38.12,16062
20100609,WFR,10.16,10.58,9.98,10.05,92348
20100609,WHR,95.21,98.35,94.28,94.96,19762
20100609,WIN,10.66,10.89,10.58,10.74,57389
20100609,WLP,53.4,53.9,52.1575,52.31,46953
20100609,WM,31.97,32.26,31.86,31.96,37639
20100609,WMB,19.4,19.96,19.07,19.17,74909
20100609,WMT,50.96,51.36,50.59,50.99,165404
20100609,WPI,42.67,42.78,41.84,42.02,17241
20100609,WPO,442.75,451.51,437.62,439.46,1261
20100609,WU,15.5,15.79,15.35,15.51,66814
20100609,WY,40.13,40.27,38.7,38.95,24762
20100609,WYN,22.13,22.78,21.895,22.05,35122
20100609,WYNN,79.11,80.55,76.45,77.14,41197
20100609,X,42.2,43.32,41.04,41.34,172296
20100609,XEL,20.47,20.47,20.1,20.15,26724
20100609,XL,16.19,17.02,16.19,16.53,93271
20100609,XLNX,24.31,24.53,23.69,23.79,84075
20100609,XOM,61.58,61.6,59.82,60.03,316931
20100609,XRAY,30.84,31.13,30.48,30.59,12488
20100609,XRX,8.6,8.8,8.41,8.49,289915
20100609,XTO,43.53,43.55,42.26,42.38,104581
20100609,YHOO,14.92,15.06,14.65,14.69,181104
20100609,YUM,41.1,41.94,41.02,41.21,78734
20100609,ZION,22.67,23.1,22.13,22.79,98002
20100609,ZMH,53.28,54.17,53,53.22,25711
