20100607,A,30.53,30.69,30.07,30.1,40776
20100607,AA,10.87,10.94,10.5,10.51,283628
20100607,AAPL,258.37,259.15,250.55,250.94,316779
20100607,ABC,30.83,31.27,30.5,30.77,55584
20100607,ABT,46.34,46.62,46.19,46.23,93146
20100607,ADBE,31.62,31.74,30.94,31.06,83854
20100607,ADI,29.15,29.3,27.93,27.96,67858
20100607,ADM,24.8,25,24.5,24.51,41356
20100607,ADP,40.43,40.56,39.96,40.01,40370
20100607,ADSK,27.54,27.73,26.55,26.69,65997
20100607,AEE,23.68,24.145,23.66,23.89,25270
20100607,AEP,31.2,31.83,31.12,31.43,39405
20100607,AES,9.61,9.92,9.59,9.61,81534
20100607,AET,30.37,30.72,29.31,29.47,86398
20100607,AFL,41.82,42.07,40.38,40.48,61608
20100607,AGN,58.73,58.91,58,58.04,17392
20100607,AIG,34.98,35.45,33.8,34.08,37468
20100607,AIV,19.93,20.35,19.55,19.58,24485
20100607,AIZ,34.46,34.54,33.74,33.77,14251
20100607,AKAM,42.02,42.93,41.13,41.22,44086
20100607,AKS,13.43,13.44,12.62,12.66,112931
20100607,ALL,29.07,29.39,28.66,28.67,44906
20100607,ALTR,23.75,24.18,23.14,23.2675,103070
20100607,AMAT,12.6,12.73,12.17,12.18,190075
20100607,AMD,8.2,8.22,7.64,7.71,272403
20100607,AMGN,54.21,54.21,53.2,53.51,99637
20100607,AMP,38.59,38.98,37.5,37.53,28055
20100607,AMT,41.75,42.47,41.48,41.9,57259
20100607,AMZN,125.8,126.606,121.6744,122.01,65745
20100607,AN,20.89,20.99,19.86,19.9,36849
20100607,ANF,35,35.56,33.66,33.73,39629
20100607,AON,38.58,38.96,38.42,38.42,19409
20100607,APA,88.56,89.68,85.82,86.03,64164
20100607,APC,45.5,46.45,44.68,44.82,84468
20100607,APD,66.82,67.27,65.54,65.6,15589
20100607,APH,40.86,40.95,39.73,39.8,14845
20100607,APOL,51.56,51.89,49.75,49.76,37894
20100607,ARG,62.45,62.56,61.89,61.89,6898
20100607,ATI,48.51,48.79,46.39,46.51,25875
20100607,AVB,92.49,94.89,91.65,92.67,14760
20100607,AVP,25.81,26.26,25.73,25.82,57174
20100607,AVY,32.11,32.17,31.29,31.32,18400
20100607,AXP,38.69,39.05,37.61,37.71,112572
20100607,AYE,20.28,21.06,20.28,20.76,29210
20100607,AZO,190.1,190.96,185.85,186.09,6298
20100607,BA,61.69,61.7,60.07,60.11,59185
20100607,BAC,15.36,15.4,14.77,14.83,1589590
20100607,BAX,42.03,42.49,41.25,41.28,54222
20100607,BBBY,43.22,43.7,41.96,42.02,34508
20100607,BBT,29.33,29.59,28.82,28.84,68078
20100607,BBY,39.04,39.79,37.81,37.91,85396
20100607,BCR,79,79.57,78.35,78.35,7277
20100607,BDX,70.36,70.55,69.27,69.29,15431
20100607,BEN,91.49,92.555,88.48,88.65,29110
20100607,BF.B,56,56.42,55.53,55.54,3595
20100607,BHI,38.59,39.59,37.98,38.07,59231
20100607,BIG,34.19,34.46,32.7,32.79,21917
20100607,BIIB,47.965,48.27,47.63,47.64,28797
20100607,BK,26.17,26.29,25.61,25.62,172835
20100607,BLL,51.13,51.67,50.18,50.21,13163
20100607,BMC,36.44,36.685,35.15,35.27,39658
20100607,BMS,28.06,28.06,27.37,27.4,13503
20100607,BMY,23.85,24.36,23.53,23.86,420537
20100607,BRCM,33.67,34.06,32.53,32.58,80259
20100607,BRK.B,70.29,70.98,69.8,70.04,54587
20100607,BSX,5.77,5.78,5.57,5.59,274720
20100607,BTU,37.12,37.47,35.51,35.59,60526
20100607,BXP,72.31,73.95,71.84,72.12,19984
20100607,C,3.81,3.82,3.62,3.64,8620386
20100607,CA,19.48,19.55,18.9,18.93,47311
20100607,CAG,24.19,24.48,24,24,42338
20100607,CAH,34.31,34.54,33.86,33.88,48683
20100607,CAM,33.36,34.02,32.81,32.95,43307
20100607,CAT,58.01,58.28,55.8,55.83,89070
20100607,CB,49.58,49.79,49.07,49.1,33788
20100607,CBG,15.09,15.27,14.01,14.05,59197
20100607,CBS,14.01,14.23,13.39,13.41,110877
20100607,CCE,25.43,25.74,24.82,24.87,65014
20100607,CCL,35.63,35.85,34.47,34.56,55731
20100607,CEG,34.67,35.42,34.54,34.94,27061
20100607,CELG,54.28,54.97,53.25,53.82,88641
20100607,CEPH,59.2,59.25,57.21,57.39,15820
20100607,CERN,81.23,81.6,79.18,79.435,8316
20100607,CF,61.16,61.9285,59.08,59.13,26223
20100607,CFN,24.87,24.8796,24.47,24.76,12981
20100607,CHK,24.41,24.98,23.85,23.95,171107
20100607,CHRW,55.77,56.18,54.65,54.74,21868
20100607,CI,34.03,34.73,33.22,33.91,34993
20100607,CINF,26.59,26.7,26.24,26.24,13215
20100607,CL,77.21,78.5,77.21,77.64,27082
20100607,CLF,49.67,50.3,47.851,47.99,68457
20100607,CLX,63.08,63.41,62.82,62.85,12026
20100607,CMA,36.53,36.84,35.89,35.94,33235
20100607,CMCSA,17.77,17.82,17.345,17.36,206638
20100607,CME,312.42,313.9,299.43,299.56,7903
20100607,CMI,66.52,66.52,62.86,62.94,30627
20100607,CMS,14.26,14.59,14.26,14.31,38841
20100607,CNP,13.24,13.49,13.2,13.29,63180
20100607,CNX,35.4,36.2,34.43,34.58,54783
20100607,COF,39.65,40.21,38.36,38.5,57351
20100607,COG,35.27,35.95,34.43,34.54,20969
20100607,COH,39.74,40.21,39.12,39.15,43278
20100607,COL,56.16,56.16,54.391,54.5,12868
20100607,COP,50.32,50.53,49.55,49.59,119506
20100607,COST,56.01,56.62,55.76,55.85,34149
20100607,CPB,35.99,36.4,35.935,36.03,30488
20100607,CPWR,7.92,7.92,7.63,7.66,32264
20100607,CRM,90.08,91.49,87.62,87.9,27010
20100607,CSC,47.82,48.23,47.3,47.35,18350
20100607,CSCO,23.01,23.29,22.68,22.76,502648
20100607,CSX,50.12,50.31,48.56,48.66,52906
20100607,CTAS,24.82,25.1,24.59,24.61,17938
20100607,CTL,33.79,34.06,33.42,33.42,32607
20100607,CTSH,50.43,50.75,49.51,49.62,33087
20100607,CTXS,43.4,43.92,42.54,42.61,28410
20100607,CVH,21.16,21.46,20.53,20.85,19266
20100607,CVS,30.94,32.04,29.62,31.04,500886
20100607,CVX,71.66,72.49,71.19,71.35,123250
20100607,D,39.06,40.03,39.03,39.33,48264
20100607,DD,34.59,34.92,34.06,34.09,81140
20100607,DE,57.14,57.15,54.71,54.78,53716
20100607,DELL,13.2,13.34,12.93,12.93,224392
20100607,DF,10.7,10.76,10.36,10.37,52508
20100607,DFS,12.93,13.03,12.38,12.43,80961
20100607,DGX,51.86,52.56,51.53,51.81,15661
20100607,DHI,11.39,11.46,10.82,10.89,64236
20100607,DHR,77.94,77.94,76.05,76.12,25576
20100607,DIS,33.7,34.07,33.01,33.04,145776
20100607,DISCA,36.95,37.29,36.01,36.06,20283
20100607,DNB,70.43,70.98,69.9,69.96,3627
20100607,DNR,15.78,16.06,15.29,15.36,66971
20100607,DO,59.37,60.23,58.74,59.21,37630
20100607,DOV,43.04,43.38,41.92,41.98,14593
20100607,DOW,25.03,25.26,24.42,24.44,121082
20100607,DPS,36.1,36.31,35.62,35.85,34139
20100607,DRI,42.41,42.54,41,41.15,28409
20100607,DTE,44.44,45.01,43.99,44.45,16285
20100607,DTV,38,38.59,37.66,37.71,150555
20100607,DUK,15.66,15.84,15.58,15.67,80215
20100607,DV,56.75,56.75,54.69,54.79,8583
20100607,DVA,63.1,63.82,62.59,62.64,11528
20100607,DVN,65.165,65.72,62.801,63.01,78984
20100607,EBAY,22.03,22.29,21.41,21.55,268407
20100607,ECL,46.04,46.44,45.4,45.43,31845
20100607,ED,41.83,42.365,41.7,41.87,16453
20100607,EFX,28.96,28.96,28.48,28.51,10746
20100607,EIX,31.99,32.68,31.95,32.18,36973
20100607,EK,5.11,5.14,4.76,4.77,72610
20100607,EL,55.42,56.09,54.73,54.89,37043
20100607,EMC,18.44,18.58,17.99,18.03,221553
20100607,EMN,57.33,58.15,56.7,56.81,10897
20100607,EMR,45.06,45.15,43.68,43.7,59645
20100607,EOG,103.56,106.2,99.38,101.14,51222
20100607,EP,11.28,11.39,10.82,10.83,138359
20100607,EQR,41.55,42.04,40.77,40.86,42647
20100607,EQT,38.46,39.05,37.99,38.05,17398
20100607,ERTS,15.89,16.03,15.34,15.36,83903
20100607,ETFCD,14.19,14.2,13.05,13.13,54569
20100607,ETN,67.18,67.65,66.17,66.42,25971
20100607,ETR,72.24,73.41,72.01,72.35,17531
20100607,EXC,37.77,38.416,37.64,37.73,50248
20100607,EXPD,37.02,37.18,35.93,35.9475,15030
20100607,EXPE,20.28,20.72,19.83,19.88,47325
20100607,F,11.45,11.5,11.06,11.09,762289
20100607,FAST,49.41,49.99,48.28,48.33,8548
20100607,FCX,62.8,62.99,58.24,58.66,223423
20100607,FDO,38.29,38.81,37.36,37.39,32731
20100607,FDX,79.93,79.93,76.45,76.52,40512
20100607,FE,35.34,36.53,35.24,36.16,62290
20100607,FHN,11.85,12.04,11.73,11.75,28247
20100607,FII,21.99,21.99,21.17,21.17,17787
20100607,FIS,27.15,27.28,26.71,26.75,50496
20100607,FISV,46.21,46.46,45.33,45.33,16794
20100607,FITB,12.58,12.8,12.3,12.32,113972
20100607,FLIR,27.63,27.9,27.05,27.09,17871
20100607,FLR,43.87,44.28,42.55,42.64,30288
20100607,FLS,88.6,88.6,83.02,83.5,24056
20100607,FMC,58.34,59.22,57.81,57.9,5639
20100607,FO,45.78,45.88,44.74,44.78,10022
20100607,FPL,48.77,49.56,48.57,49.03,20292
20100607,FRX,25.15,25.31,24.62,24.64,54185
20100607,FSLR,110.03,110.08,104.558,104.9775,21962
20100607,FTI,49.76,50.42,47.47,47.6,26167
20100607,FTR,8.15,8.16,7.78,7.82,82704
20100607,GAS,39.57,40.12,39.31,39.36,4879
20100607,GCI,13.87,14.45,13.48,14.29,122480
20100607,GD,65.29,65.32,61.97,62.08,50173
20100607,GE,15.73,15.75,15.37,15.41,732160
20100607,GENZ,48.05,48.88,47.97,48.27,31406
20100607,GILD,34.88,34.99,34.36,34.44,132260
20100607,GIS,73.3,75.68,73.25,74.55,35078
20100607,GLW,16.35,16.58,15.99,16,144716
20100607,GME,21.78,22.04,21.1,21.14,44513
20100607,GNW,14.77,14.96,13.96,13.97,101229
20100607,GOOG,499,500.9099,483.15,485.52,36370
20100607,GPC,39.54,39.69,38.97,38.98,10575
20100607,GPS,20.96,21.37,20.72,20.72,127090
20100607,GR,66.72,66.72,63.62,63.8,25812
20100607,GS,142.345,143.27,137.85,138.68,122385
20100607,GT,11.52,11.68,10.97,11.04,34716
20100607,GWW,99.22,99.53,97.26,97.29,7420
20100607,HAL,23.18,23.8,22.66,22.8,211028
20100607,HAR,30.51,30.51,28.1,28.82,21173
20100607,HAS,39.27,39.48,38.33,38.42,17876
20100607,HBAN,5.86,5.91,5.54,5.57,170083
20100607,HCBK,12.66,12.88,12.61,12.75,68953
20100607,HCN,41.49,41.98,41.13,41.15,17634
20100607,HCP,30.34,30.86,30.13,30.15,31604
20100607,HD,32.26,32.42,31.5,31.55,208547
20100607,HES,50.68,51.95,50.21,50.37,36944
20100607,HIG,23.8,23.9,22.27,22.29,114383
20100607,HNZ,44.06,44.64,43.93,44.01,29786
20100607,HOG,27.5,27.5,25.91,25.98,67408
20100607,HON,41.13,41.2,39.98,40,52687
20100607,HOT,44.09,44.59,42.38,42.49,30899
20100607,HP,38.99,40.24,38.64,38.73,30022
20100607,HPQ,46.18,46.45,45.21,45.2375,154931
20100607,HRB,15.85,15.93,15.55,15.55,26610
20100607,HRL,40.5,40.86,40.19,40.37,6571
20100607,HRS,45.82,46.18,44.6,44.66,13113
20100607,HSP,50.86,51.17,50.06,50.11,8916
20100607,HST,13.77,14.0425,13.32,13.36,145986
20100607,HSY,48.28,49.21,48.04,48.64,17944
20100607,HUM,47.65,48.2,45.74,46.59,34739
20100607,IBM,125.57,125.86,124.13,124.13,69513
20100607,ICE,118.66,120.4272,116.88,116.97,7934
20100607,IFF,43.18,43.8,42.97,42.99,10217
20100607,IGT,19.03,19.31,18.62,18.67,41723
20100607,INTC,20.91,21.03,20.24,20.3075,654351
20100607,INTU,35.54,35.83,34.78,34.81,37381
20100607,IP,22.01,22.06,21.05,21.08,104412
20100607,IPG,7.84,7.96,7.52,7.52,64282
20100607,IRM,23.57,23.61,22.92,22.97,14789
20100607,ISRG,326.3,327.65,320.27,321.03,4796
20100607,ITT,46.08,46.12,44.72,44.82,26287
20100607,ITW,44.33,44.49,43.27,43.28,31026
20100607,IVZ,17.98,18.09,16.99,17.13,80517
20100607,JBL,12.84,12.84,12.04,12.07,55050
20100607,JCI,27.545,27.71,26.54,26.6,58100
20100607,JCP,25.45,25.775,24.7,24.76,39069
20100607,JDSU,10.68,10.8201,10.11,10.21,64944
20100607,JEC,39.72,40,38.42,38.54,21906
20100607,JNJ,58.22,58.55,58,58,138441
20100607,JNPR,24.73,25.07,24.27,24.3,87052
20100607,JNS,9.99,10.12,9.62,9.68,41755
20100607,JPM,37.79,38.13,36.66,36.72,445282
20100607,JWN,36.58,37.6,35.73,35.82,32156
20100607,K,53.19,54.23,53.02,53.49,24370
20100607,KEY,7.81,7.9,7.49,7.54,126169
20100607,KFT,28.61,28.87,28.3,28.32,113417
20100607,KG,8.15,8.15,7.85,7.9,64948
20100607,KIM,13.41,13.73,13.33,13.43,77085
20100607,KLAC,29.96,30.19,28.31,28.41,75406
20100607,KMB,60.19,61.25,60.19,60.88,41995
20100607,KO,51.1,51.5,50.77,50.8,100888
20100607,KR,19.31,19.44,19.15,19.16,50621
20100607,KSS,50.25,50.65,48.9,49,35204
20100607,L,31.77,31.83,31.2725,31.34,44372
20100607,LEG,22.36,22.4646,21.59,21.64,46879
20100607,LEN,15.47,15.66,14.69,14.76,55015
20100607,LH,75.345,76.12,74.93,75,8912
20100607,LIFE,48.14,48.46,47.53,47.62,17620
20100607,LLL,81.29,81.36,79.46,79.52,13247
20100607,LLTC,27.75,28.04,26.88,26.92,39732
20100607,LLY,32.59,32.845,32.43,32.58,96500
20100607,LM,29.97,31.17,29.91,30.09,43978
20100607,LMT,77.99,77.99,76.22,76.32,24698
20100607,LNC,25.66,25.86,24.59,24.62,41334
20100607,LO,71.58,72.26,71.02,71.12,21995
20100607,LOW,23.61,23.74,23.32,23.39,168147
20100607,LSI,5.25,5.3,4.89,4.95,123506
20100607,LTD,24.76,24.99,23.84,23.89,60927
20100607,LUK,20.65,20.65,19.87,19.91,11684
20100607,LUV,12.03,12.03,11.61,11.66,103981
20100607,LXK,36.81,36.81,35.5,35.62,25861
20100607,M,21.13,21.39,20.58,20.58,100506
20100607,MA,197.3,205.5,197.27,200.07,26879
20100607,MAR,32.22,32.53,31.02,31.09,54395
20100607,MAS,12.4,12.5325,11.84,11.87,58158
20100607,MAT,20.84,21.01,20.37,20.4,48221
20100607,MCD,66.64,67.82,66.25,66.75,98088
20100607,MCHP,27.4,27.68,26.54,26.61,24758
20100607,MCK,68.58,69.665,68.38,68.95,29359
20100607,MCO,18.9,19.06,18.55,18.75,51376
20100607,MDP,34.02,34.02,32.71,32.81,5515
20100607,MDT,38,38.28,37.69,37.71,63552
20100607,MEE,29.6,30.3,28.45,28.63,56615
20100607,MET,39.23,39.28,37.78,37.87,100174
20100607,MFE,32.38,32.615,31.73,31.73,26157
20100607,MHP,27.44,27.89,27.33,27.45,42369
20100607,MHS,57.4,60.06,57.3,58.5,92686
20100607,MI,7.47,7.54,7.11,7.12,80092
20100607,MIL,106.49,106.51,106.4,106.42,10722
20100607,MJN,49.52,49.57,48.1,48.22,21752
20100607,MKC,38.82,39.07,38.57,38.6,5327
20100607,MMC,21.61,21.61,20.56,20.57,52852
20100607,MMM,76.16,76.86,74.69,74.74,59478
20100607,MO,20.16,20.22,19.82,19.82,254476
20100607,MOLX,20.05,20.15,19.5,19.59,25196
20100607,MON,49.29,50.25,49.2,49.52,81207
20100607,MOT,6.7,6.74,6.54,6.57,262055
20100607,MRK,33.2,33.52,33.1,33.31,141309
20100607,MRO,30.9,31.57,30.77,31.04,99604
20100607,MS,26.16,26.3487,25.23,25.29,147046
20100607,MSFT,25.82,25.83,25.24,25.29,804561
20100607,MTB,76,76.38,74.2,74.24,12804
20100607,MU,8.98,8.99,8.36,8.38,354462
20100607,MUR,50.6,51.16,49.86,50,24639
20100607,MWV,22.75,22.88,22.17,22.21,12308
20100607,MWW,13.43,13.7,12.93,12.94,38202
20100607,MYL,18.61,18.83,18.43,18.43,61399
20100607,NBL,61.05,61.74,59.94,60.16,21096
20100607,NBR,19.54,20.22,19.43,19.56,83848
20100607,NDAQ,18.58,18.82,18.21,18.22,30755
20100607,NEM,53.7,56.06,53.3,55.16,87281
20100607,NI,14.39,14.67,14.31,14.44,37073
20100607,NKE,70.54,71.02,69.48,69.59,27641
20100607,NOC,58.36,58.37,57.06,57.09,23035
20100607,NOV,35.56,36.14,34.93,35,78166
20100607,NOVL,5.9,5.98,5.89,5.96,50094
20100607,NRG,22.8,23.1,22.48,22.52,30041
20100607,NSC,53.51,53.87,52.16,52.19,33486
20100607,NSM,13.74,13.89,13.22,13.26,81391
20100607,NTAP,38.14,38.92,36.93,37.03,106340
20100607,NTRS,49.2,49.76,48.5,48.5,14579
20100607,NU,25.36,25.7,25.27,25.3,12362
20100607,NUE,41.06,41.22,40.12,40.12,45354
20100607,NVDA,12.16,12.23,11.45,11.5025,144389
20100607,NVLS,25.91,26.09,24.42,24.5,50445
20100607,NWL,16.39,16.39,15.88,15.93,62841
20100607,NWSA,12.6,12.855,12.37,12.39,258585
20100607,NYT,8.49,8.68,8.35,8.36,17040
20100607,NYX,27.53,27.97,27.1,27.15,43151
20100607,ODP,5.31,5.49,5.08,5.1,58613
20100607,OI,29.24,29.24,28.04,28.09,14574
20100607,OKE,43.51,43.87,42.4,42.46,9719
20100607,OMC,36.26,36.92,36.11,36.13,48568
20100607,ORCL,22.16,22.29,21.69,21.6975,256569
20100607,ORLY,49.78,49.94,48.41,48.49,10746
20100607,OXY,78.8,80.45,78.49,78.74,58419
20100607,PAYX,27.98,28.165,27.59,27.62,30384
20100607,PBCT,13.99,14.25,13.94,14,59309
20100607,PBI,22.02,22.09,21.46,21.46,25536
20100607,PCAR,39.86,40.22,38.76,38.86,36557
20100607,PCG,40.38,41.17,40.38,40.52,27340
20100607,PCL,34.14,34.73,33.79,33.88,29699
20100607,PCLN,179.6,182.68,176.285,176.39,14314
20100607,PCP,110.56,110.6,105.53,105.64,23084
20100607,PCS,8.75,8.77,8.26,8.28,83938
20100607,PDCO,29.18,29.51,28.97,29.01,8020
20100607,PEG,30.22,31.12,30.21,30.81,49804
20100607,PEP,61.37,62.56,61.29,61.73,76951
20100607,PFE,14.86,14.89,14.5,14.52,687857
20100607,PFG,26.01,26.23,24.97,25.03,33428
20100607,PG,60.72,61.07,60.59,60.62,131827
20100607,PGN,37.8,38.36,37.71,37.91,23203
20100607,PGR,19,19.17,18.81,18.81,40949
20100607,PH,59.04,59.04,56.96,57.08,23884
20100607,PHM,9.86,9.98,9.38,9.4,74424
20100607,PKI,21.73,21.89,21.29,21.31,13266
20100607,PLD,10.24,10.5,10.06,10.08,86039
20100607,PLL,33.41,33.42,32.51,32.62,20262
20100607,PM,43.72,44.25,43.07,43.17,105359
20100607,PNC,59.08,60.22,58.23,58.31,51977
20100607,PNW,34.86,35.3,34.73,34.77,17026
20100607,POM,15.46,15.74,15.41,15.54,39455
20100607,PPG,61.8,62.45,60.46,60.52,25732
20100607,PPL,25.09,25.83,25.01,25.59,42483
20100607,PRU,56.09,56.58,54.48,54.59,33925
20100607,PSA,88.11,89.38,86.52,86.6,18664
20100607,PTV,28.5,28.67,27.98,28.03,21883
20100607,PWR,20.87,20.91,19.94,20.01,29713
20100607,PX,74.42,75.42,74.1,74.24,37441
20100607,PXD,63.85,64.62,62.06,62.3,19352
20100607,Q,5.21,5.25,5.14,5.15,270381
20100607,QCOM,35.29,35.7704,34.97,35.01,185543
20100607,QLGC,17.55,17.75,16.92,16.97,30889
20100607,R,41.77,41.84,40.15,40.17,9420
20100607,RAI,52.64,52.64,51.46,51.51,15694
20100607,RDC,22.82,23.29,22.13,22.21,42276
20100607,RF,7.19,7.31,6.88,6.91,206380
20100607,RHI,23.81,23.81,22.81,22.86,19909
20100607,RHT,28.8,28.97,27.94,27.96,25570
20100607,RL,82.04,82.3,78.42,78.6,20515
20100607,ROK,51.4,51.54,49.5,49.59,15117
20100607,ROP,56.64,56.8,55.4,55.47,7098
20100607,ROST,54.75,55.38,53.04,53.11,20123
20100607,RRC,48.5,50.5,47.4,47.7,52429
20100607,RRD,17.7,17.98,17.32,17.38,41926
20100607,RSG,28.57,28.64,28.02,28.07,25678
20100607,RSH,21.45,21.49,20.72,20.85,37800
20100607,RTN,51.58,51.68,50.7,50.72,32138
20100607,S,4.95,5.03,4.64,4.66,842316
20100607,SAI,17.65,17.75,17.4,17.49,35298
20100607,SBUX,26.21,26.25,25.51,25.54,98320
20100607,SCG,35.68,36.33,35.61,35.82,16536
20100607,SCHW,16.41,16.49,15.84,15.87,125807
20100607,SE,19.51,19.69,19.23,19.23,42711
20100607,SEE,20.11,20.18,19.87,19.96,15928
20100607,SHLD,80.45,82.1655,78.6,78.84,14833
20100607,SHW,74.82,75.26,73.6,73.6,23618
20100607,SIAL,50.69,50.93,49.7,49.74,7737
20100607,SII,37.5,38.04,36.35,36.48,49741
20100607,SJM,55.31,55.89,55.01,55.09,9612
20100607,SLB,55.99,56.6,54.11,54.23,141463
20100607,SLE,14.22,14.51,14.21,14.24,112655
20100607,SLM,11.08,11.2,10.38,10.38,78189
20100607,SNA,42.52,42.52,40.83,40.88,5033
20100607,SNDK,45.06,45.83,43.07,43.2175,125298
20100607,SNI,44.89,45.0492,43.11,43.14,10065
20100607,SO,32.79,32.79,32.25,32.28,50665
20100607,SPG,82,83.23,80.91,80.97,25961
20100607,SPLS,21.2,21.42,20.66,20.66,83456
20100607,SRCL,58.07,58.31,57.2,57.3,5773
20100607,SRE,44.67,45.53,44.52,44.97,23159
20100607,STI,25.16,25.52,24.41,24.43,71121
20100607,STJ,36.63,36.63,36.24,36.24,29664
20100607,STR,44.57,45.3897,43.96,44.03,20207
20100607,STT,36.76,37.02,36.21,36.28,68389
20100607,STZ,15.84,16.285,15.75,15.75,38328
20100607,SUN,29.21,29.66,28.81,28.88,22427
20100607,SVU,12.63,12.72,12.22,12.34,41640
20100607,SWK,55.1,55.33,53.04,53.29,24549
20100607,SWN,42.37,42.99,41.36,41.85,78826
20100607,SWY,21.28,21.54,21.17,21.17,63293
20100607,SYK,51.98,52.17,50.58,50.62,30535
20100607,SYY,29.42,29.79,29.34,29.5,65010
20100607,T,24.33,24.65,24.21,24.32,373726
20100607,TAP,41.86,42.66,41.7,42.22,30298
20100607,TDC,31.76,31.92,30.52,30.64,35666
20100607,TE,15.03,15.35,14.969,14.99,26005
20100607,TEG,43.92,43.92,43.09,43.09,12253
20100607,TER,10.6,10.75,9.98,10.04,91554
20100607,TGT,52.98,53.51,51.93,52,57481
20100607,THC,5,5.34,4.76,5.11,297103
20100607,TIE,17.09,17.45,16.53,16.61,47116
20100607,TIF,42.2,42.64,40.52,40.64,28650
20100607,TJX,44.78,45.08,43.92,43.97,49555
20100607,TLAB,7.07,7.13,6.76,6.81,277621
20100607,TMK,49.72,50.13,48.66,48.74,7562
20100607,TMO,49.83,50.44,49.5,49.72,38373
20100607,TROW,48.43,48.68,47.09,47.12,21375
20100607,TRV,48.72,48.82,48.26,48.27,57804
20100607,TSN,17.52,17.83,17.35,17.52,73542
20100607,TSO,11.58,11.73,11.32,11.32,35816
20100607,TSS,14.32,14.35,13.95,13.95,13675
20100607,TWC,53.86,53.93,52.3,52.42,32543
20100607,TWX,30.61,30.83,30.31,30.4,126181
20100607,TXN,24.32,24.56,23.605,23.67,168834
20100607,TXT,19,19.04,18.15,18.21,60477
20100607,UNH,30.56,31.07,29.32,30.46,168473
20100607,UNM,22.37,22.47,21.72,21.73,68159
20100607,UNP,69.51,69.94,67.98,68.1,38060
20100607,UPS,60.56,60.58,58.33,58.45,70570
20100607,URBN,37.03,37.27,36.01,36.08,23771
20100607,USB,23,23.12,22.45,22.46,159221
20100607,UTX,65.26,65.45,63.15,63.22,83106
20100607,V,72,73.78,71.55,71.89,76547
20100607,VAR,49.62,49.76,48.73,48.8,14870
20100607,VFC,74.69,74.94,73.2,73.26,9922
20100607,VIA.B,32.74,33.61,32.73,32.9,81061
20100607,VLO,17.38,17.47,17.03,17.11,138011
20100607,VMC,48.31,48.31,45.85,45.86,29963
20100607,VNO,72.39,73.88,71.73,71.79,20501
20100607,VRSN,28.38,28.635,27.55,27.66,69118
20100607,VTR,45.62,46.35,45.22,45.26,16224
20100607,VZ,27.27,27.37,27.08,27.08,164893
20100607,WAG,30.07,30.61,29.52,30,186414
20100607,WAT,66.54,67.43,65.94,66.33,11897
20100607,WDC,34.45,34.69,33.28,33.48,62045
20100607,WEC,48.23,48.57,47.63,47.66,19044
20100607,WFC,28.01,28.1133,27.26,27.29,369697
20100607,WFMI,38.57,38.66,37.54,37.63,19999
20100607,WFR,10.89,10.89,10.07,10.1,70789
20100607,WHR,96.35,96.42,92.24,92.35,17412
20100607,WIN,10.9,10.95,10.57,10.6,79359
20100607,WLP,54.36,55.48,52.45,53.57,89546
20100607,WM,31.62,31.71,31.3181,31.37,31824
20100607,WMB,19.39,19.525,18.76,18.8,72205
20100607,WMT,50.46,51.365,50.32,50.74,195013
20100607,WPI,43.8,43.94,42.81,42.88,13100
20100607,WPO,450.07,453.59,442.27,442.7,506
20100607,WU,15.73,15.82,15.27,15.31,92919
20100607,WY,40.14,40.19,38.93,38.98,37042
20100607,WYN,22.12,22.23,21,21.05,32322
20100607,WYNN,80.21,81,75.37,75.6,25869
20100607,X,42.13,42.42,40.29,40.3,154216
20100607,XEL,20.23,20.43,20.11,20.12,29281
20100607,XL,16.49,16.615,15.92,15.97,59938
20100607,XLNX,24.96,25.3,24.2,24.29,123817
20100607,XOM,59.98,60.41,59.2,59.3,283917
20100607,XRAY,31.54,31.69,30.96,31,18015
20100607,XRX,8.89,8.96,8.6,8.62,201430
20100607,XTO,42.4,42.7,41.79,41.87,129578
20100607,YHOO,15.2,15.355,14.94,14.94,191531
20100607,YUM,40.76,40.76,39.75,39.77,47148
20100607,ZION,22.54,22.58,21.42,21.48,60478
20100607,ZMH,53.44,53.5875,52.63,52.66,15399
