20100224,A,30.97,31.24,30.86,31.23,28224
20100224,AA,13.18,13.29,12.95,13.06,362444
20100224,AAPL,198.5,201.44,197.84,200.656,164487
20100224,ABC,27.77,28.04,27.76,27.89,26524
20100224,ABT,54.19,54.54,53.91,54.33,67849
20100224,ADBE,33.56,34.63,33.56,34.55,95451
20100224,ADI,29.3,29.66,29.21,29.49,36980
20100224,ADM,29.62,29.86,29.43,29.57,46074
20100224,ADP,41.31,42.24,41.17,42.24,40764
20100224,ADSK,27.76,28.49,27.5,27.89,142469
20100224,AEE,25.34,25.45,24.89,25.14,16401
20100224,AEP,33.84,33.94,33.3,33.91,39351
20100224,AES,11.82,11.86,11.6,11.8,63542
20100224,AET,29.05,29.5913,28.75,29.56,47410
20100224,AFL,48.24,49.25,48.24,49.07,22926
20100224,AGN,58.47,58.865,58.25,58.82,9480
20100224,AIG,27.16,28.46,26.86,27.99,121280
20100224,AIV,16.61,16.88,16.55,16.73,20771
20100224,AIZ,30.54,30.97,30.47,30.95,10012
20100224,AKAM,25.66,25.97,25.52,25.76,16324
20100224,AKS,22.2,22.3,21.06,21.37,162059
20100224,ALL,31.18,31.3,31,31.28,42255
20100224,ALTR,23.51,24.32,23.5,24.15,159593
20100224,AMAT,12.08,12.42,12.05,12.27,256254
20100224,AMD,7.78,8.1,7.77,8.05,165437
20100224,AMGN,56.52,56.98,56.354,56.74,48876
20100224,AMP,39.92,40.69,39.75,40.65,24595
20100224,AMT,42.87,43.1,41.65,42.62,60061
20100224,AMZN,117.77,119.8,117.15,119.72,73930
20100224,AN,18.15,18.23,17.96,18.13,14896
20100224,ANF,35.19,35.87,34.954,35.85,21960
20100224,AON,40.69,40.93,40.37,40.74,15442
20100224,APA,101.79,102.56,101,102.27,38200
20100224,APC,69.19,70.38,69.06,69.64,35167
20100224,APD,70.34,70.34,69.7,69.87,41409
20100224,APH,41.32,41.72,41.06,41.63,9052
20100224,APOL,59.09,60,58.83,59.54,20030
20100224,ARG,63.3,63.85,63.17,63.35,25810
20100224,ATI,43.79,44.28,42.64,42.99,20543
20100224,AVB,80.27,80.78,79.65,80.77,9205
20100224,AVP,30.42,30.89,30.31,30.85,35886
20100224,AVY,31.58,31.92,31.42,31.73,12738
20100224,AXP,38.1,38.7,38.02,38.41,64122
20100224,AYE,23.04,23.05,22.775,23.01,22778
20100224,AZO,163.77,165.5,163.28,164.96,4940
20100224,BA,63,63.7,62.64,63.48,34003
20100224,BAC,15.98,16.36,15.96,16.33,1915715
20100224,BAX,57.25,57.7,56.95,57.6,26910
20100224,BBBY,41.27,41.78,41.07,41.69,22356
20100224,BBT,27.83,28.69,27.76,28.48,66119
20100224,BBY,36.51,36.96,36.375,36.94,58816
20100224,BCR,83.31,83.31,82.5,82.99,6978
20100224,BDK,70.05,71.25,69.58,71.19,5277
20100224,BDX,77.9,78.86,77.58,78.82,18881
20100224,BEN,100.42,101.689,99.83,101.65,12247
20100224,BF.B,52.76,53.46,52.4,53.22,2703
20100224,BHI,47.5,48.31,47.27,47.91,61167
20100224,BIG,31.46,31.82,31.3,31.78,10487
20100224,BIIB,55.39,55.95,54.74,55.29,52879
20100224,BJS,21.56,21.9,21.48,21.82,58559
20100224,BK,28.14,28.815,28.02,28.63,71513
20100224,BLL,52.48,53.27,52.46,53.02,5813
20100224,BMC,36.65,37.25,36.53,37.08,26893
20100224,BMS,28.16,28.47,28.06,28.2,6361
20100224,BMY,24.54,24.74,24.38,24.71,85385
20100224,BRCM,30.93,31.84,30.8,31.65,79223
20100224,BSX,7.78,7.85,7.75,7.8,173594
20100224,BTU,45.09,45.82,44.9,45.3,49571
20100224,BXP,65.92,66.73,65.72,66.71,15979
20100224,C,3.37,3.45,3.37,3.45,2926219
20100224,CA,22.38,22.75,22.27,22.56,38118
20100224,CAG,24.44,24.63,24.31,24.53,31382
20100224,CAH,33.21,33.43,33,33.26,36482
20100224,CAM,40.92,41.25,40.4,40.99,26837
20100224,CAT,56.67,57.46,56.46,56.96,58100
20100224,CB,51,51.25,50.73,51.17,21159
20100224,CBG,12.91,13.11,12.77,13.11,24872
20100224,CBS,13.09,13.27,12.99,13.2,57001
20100224,CCE,19.27,19.33,18.92,19.18,42666
20100224,CCL,34.29,35.91,34.25,35.8,130624
20100224,CEG,34.32,34.76,33.93,34.75,24994
20100224,CELG,59.93,60.19,59.09,59.49,22405
20100224,CEPH,68.34,68.35,67.85,68.07,17275
20100224,CF,102.24,103.3,100.58,100.79,15759
20100224,CFN,25.92,26,25.63,25.84,12181
20100224,CHK,26.48,26.69,26.25,26.54,105941
20100224,CHRW,53.98,54.24,53.31,53.68,18224
20100224,CI,33.19,33.98,32.54,33.93,51774
20100224,CINF,26.66,26.99,26.57,26.92,8473
20100224,CL,82.08,83.04,81.85,82.96,20079
20100224,CLF,53.31,54.5,53.14,53.95,68609
20100224,CLX,61.17,61.2,60.69,61,8409
20100224,CMA,35.21,36.25,35.21,36.02,30980
20100224,CMCSA,16.27,16.47,16.1,16.42,269118
20100224,CME,278.99,291.28,278.19,290.57,13259
20100224,CMI,56.18,56.79,55.52,55.95,24287
20100224,CMS,15.09,15.42,14.92,15.4,46453
20100224,CNP,14.32,14.36,13.99,14.21,31717
20100224,CNX,47.37,48.52,47.24,48.18,34966
20100224,COF,37.2,37.69,36.91,37.64,43330
20100224,COG,39.89,40.59,39.85,40.16,20187
20100224,COH,36.64,37.21,36.44,37.18,43557
20100224,COL,54.58,55.07,54.41,54.93,6694
20100224,COP,47.86,48.52,47.63,48.35,78104
20100224,COST,60.93,61.22,60.61,60.86,29081
20100224,CPB,33.16,33.43,32.89,33.15,32287
20100224,CPWR,7.31,7.5611,7.29,7.47,32148
20100224,CRM,68.32,70.02,68.09,69.44,26150
20100224,CSC,52.24,52.33,51.73,51.9,11243
20100224,CSCO,24.09,24.45,24.085,24.34,331838
20100224,CSX,47,47.34,46.64,47.28,32754
20100224,CTAS,24.28,24.67,24.19,24.65,12207
20100224,CTL,35.11,35.33,34.895,35.28,21394
20100224,CTSH,47.5,48.28,47.42,48.17,42764
20100224,CTXS,44.19,44.46,43.55,43.75,48734
20100224,CVH,22.53,22.66,22.28,22.56,11541
20100224,CVS,34.21,34.53,34.15,34.51,75884
20100224,CVX,72.12,72.45,71.61,72.34,89209
20100224,D,38.52,38.54,37.97,38.53,39401
20100224,DD,33.95,34.25,33.69,33.98,68986
20100224,DE,56.3,56.99,55.74,56.18,39827
20100224,DELL,13.32,13.4,13.26,13.39,284093
20100224,DF,14.8,14.89,14.56,14.8,30838
20100224,DFS,13.48,13.69,13.45,13.63,46466
20100224,DGX,56.73,57.04,56.46,56.82,8987
20100224,DHI,12.63,12.65,12.04,12.34,94375
20100224,DHR,74.66,74.97,73.91,74.52,22344
20100224,DIS,31.04,31.5,31.01,31.39,120620
20100224,DNB,70.52,70.79,70.16,70.76,4532
20100224,DNR,13.78,14.02,13.605,13.88,92685
20100224,DO,86.42,88.56,86.27,87.35,38813
20100224,DOV,44.98,45.1,44.5,44.7,26745
20100224,DOW,29.02,29.25,28.64,29,90513
20100224,DPS,28.59,28.69,28.31,28.65,18109
20100224,DRI,40.86,41,40.63,40.99,13735
20100224,DTE,44.13,44.33,43.57,44.26,12383
20100224,DTV,33.6,33.845,33.44,33.59,105190
20100224,DUK,16.35,16.49,16.24,16.45,79375
20100224,DV,61.45,62.64,61.3,62.57,8728
20100224,DVA,61.39,61.75,60.95,61.67,12160
20100224,DVN,68.05,68.83,67.65,68.39,24985
20100224,EBAY,23.09,23.39,22.8999,23.26,101333
20100224,ECL,41.87,42.12,41.57,42.01,17787
20100224,ED,42.94,42.94,42.52,42.88,17523
20100224,EFX,31.77,32.31,31.76,32.3,11708
20100224,EIX,33.33,33.49,32.9,33.18,24016
20100224,EK,5.69,5.89,5.67,5.74,73100
20100224,EL,58.9,60.07,58.9,60.01,23900
20100224,EMC,17.3,17.49,17.24,17.39,159025
20100224,EMN,59.34,59.81,58.79,59.57,7693
20100224,EMR,47.16,48.21,46.95,48.16,56544
20100224,EOG,91.41,92.98,90.82,92.68,27026
20100224,EP,10.22,10.23,10.07,10.11,91135
20100224,EQR,35.84,36.11,35.48,36.11,30029
20100224,EQT,43.87,44.27,43.61,44.05,9131
20100224,ERTS,16.41,16.58,16.3306,16.52,37588
20100224,ESRX,88.32,89.2,87.43,87.75,35694
20100224,ETFC,1.55,1.57,1.53,1.55,227044
20100224,ETN,66.43,67.04,66.22,66.81,10768
20100224,ETR,77.44,77.44,75.69,76.73,14166
20100224,EXC,44.2,44.38,43.59,44.01,51296
20100224,EXPD,36.9,37.05,36.4,36.59,34613
20100224,EXPE,22.5,22.88,22.39,22.63,35568
20100224,F,11.72,11.88,11.65,11.73,842007
20100224,FAST,44.19,44.43,43.87,44.18,6682
20100224,FCX,73.53,74.4352,71.91,72.68,170490
20100224,FDO,32.55,33.15,32.55,33,21493
20100224,FDX,81.73,83.61,81.73,83.08,30833
20100224,FE,39.4,39.41,38.77,39.12,27846
20100224,FHN,12.72,12.93,12.71,12.81,37012
20100224,FII,25.34,25.485,25.22,25.4,8967
20100224,FIS,22.68,22.92,22.445,22.88,33282
20100224,FISV,47.29,47.79,47.22,47.69,10943
20100224,FITB,12.36,12.71,12.3,12.69,171038
20100224,FLIR,26.78,26.86,26.55,26.79,18709
20100224,FLR,45.23,45.4,44.77,45.28,18421
20100224,FLS,97.27,97.64,95.38,96.69,7285
20100224,FMC,56.31,56.9,55.68,56.32,7257
20100224,FO,43.33,43.64,42.87,43.61,8928
20100224,FPL,47.04,47.29,46.8,47.06,58370
20100224,FRX,29.15,29.64,29.05,29.64,37755
20100224,FSLR,106.71,107.6985,103.58,105.13,37077
20100224,FTI,55.18,56.06,54.72,56.05,27444
20100224,FTR,7.82,7.82,7.58,7.6,62069
20100224,GAS,40.14,40.84,39.65,40.84,4772
20100224,GCI,14.9,15.01,14.75,15,31657
20100224,GD,71.83,72.74,71.71,72.6,12204
20100224,GE,15.98,16.14,15.88,16.12,566505
20100224,GENZ,56,56.71,55.89,56.5,21662
20100224,GILD,47.65,47.98,47.295,47.56,94732
20100224,GIS,72.1,72.34,71.68,71.92,12897
20100224,GLW,17.26,17.6325,17.25,17.5,166706
20100224,GME,18.94,18.98,18.74,18.86,38475
20100224,GNW,15.44,15.95,15.43,15.77,123295
20100224,GOOG,534.39,538.44,530.51,531.47,23269
20100224,GPC,40.01,40.39,40,40.38,6568
20100224,GPS,19.925,20.3,19.89,20.29,61564
20100224,GR,64.24,65.089,63.98,64.9,14100
20100224,GS,157.34,159.25,156.87,158.33,83672
20100224,GT,12.84,13.08,12.715,13.07,58178
20100224,GWW,103.4,104,102.91,103.51,5443
20100224,HAL,30.3,30.54,29.69,30.01,181734
20100224,HAR,43.23,43.5,42.9,43.08,7509
20100224,HAS,35.48,35.54,35.11,35.48,14610
20100224,HBAN,4.85,4.94,4.83,4.89,123642
20100224,HCBK,13.31,13.44,13.18,13.31,50033
20100224,HCN,41.69,42.26,41.45,42.26,16049
20100224,HCP,29.06,29.38,29,29.38,32650
20100224,HD,30.78,31.42,30.74,31.36,229460
20100224,HES,58.97,59.52,58.34,59,22110
20100224,HIG,23.94,24.34,23.825,24.33,52442
20100224,HNZ,45.78,45.935,45.48,45.92,22229
20100224,HOG,24.13,24.58,24.02,24.53,21793
20100224,HON,40.11,40.85,40.05,40.58,48230
20100224,HOT,37.94,38.12,37.66,38.05,27339
20100224,HPQ,50.04,51,50.02,50.79,150162
20100224,HRB,16.54,17.35,15.9,17.32,321189
20100224,HRL,41.2,41.62,41.18,41.43,6869
20100224,HRS,46.78,46.94,45.62,46.09,11373
20100224,HSP,51.22,51.68,50.91,51.68,5973
20100224,HST,11.55,11.7,11.47,11.63,75827
20100224,HSY,39.42,39.69,39.25,39.64,14676
20100224,HUM,46.87,46.95,46,46.91,21859
20100224,IBM,127.02,128.27,126.81,127.59,47821
20100224,ICE,102.61,104.51,102.51,104.2,8218
20100224,IFF,41.91,42.13,41.61,41.9,5616
20100224,IGT,17.6,17.75,17.29,17.57,31354
20100224,INTC,20.54,20.81,20.5,20.7,510700
20100224,INTU,32.01,32.39,31.92,32.27,47245
20100224,IP,24.01,24.31,23.77,23.9,39954
20100224,IPG,6.86,6.96,6.76,6.82,86476
20100224,IRM,23.98,24.45,23.94,24.3,23210
20100224,ISRG,343,345.27,341.01,344.21,3313
20100224,ITT,51.31,51.49,50.75,51.24,9328
20100224,ITW,45.87,45.92,45.18,45.43,39251
20100224,IVZ,19.17,19.63,19.1303,19.55,41591
20100224,JBL,15.01,15.31,14.945,15.28,21787
20100224,JCI,30.68,30.95,30.48,30.8,54076
20100224,JCP,27.55,28.25,27.55,28.24,54413
20100224,JDSU,9.78,10.38,9.7719,10.3,82621
20100224,JEC,38.81,39.71,38.81,39.47,17087
20100224,JNJ,63.55,63.85,63.25,63.45,85192
20100224,JNPR,27.15,28.02,27,27.95,106261
20100224,JNS,12.24,12.38,12.11,12.21,18019
20100224,JPM,40.05,40.97,40,40.85,446535
20100224,JWN,36.23,36.63,36.07,36.59,22836
20100224,K,52.8,53.32,52.15,52.4,23292
20100224,KEY,6.77,7.12,6.76,7.11,190889
20100224,KFT,29.2,29.3,28.99,29.05,223119
20100224,KG,11.4,11.61,11.4,11.56,25292
20100224,KIM,13.51,13.8,13.44,13.8,43637
20100224,KLAC,29.16,29.5,28.9,29.09,53157
20100224,KMB,60.58,60.63,60.1,60.3,29652
20100224,KO,55,55.18,54.69,55.16,72370
20100224,KR,21.71,21.92,21.56,21.89,48418
20100224,KSS,51.15,51.67,50.5,51.59,45044
20100224,L,36.09,36.65,36.09,36.62,17559
20100224,LEG,19.3,19.33,18.93,19.33,12169
20100224,LEN,16.45,16.56,15.26,16.27,131269
20100224,LH,73.7,73.81,73.24,73.5,6992
20100224,LIFE,49.81,50.39,49.7,50.26,19167
20100224,LLL,90.54,92.12,90.39,91.33,12098
20100224,LLTC,27.2,27.74,27.18,27.61,29942
20100224,LLY,34.11,34.31,33.955,34.04,44261
20100224,LM,25.63,25.79,25.52,25.72,27540
20100224,LMT,77.17,77.69,76.93,77.56,23792
20100224,LNC,24.77,25.36,24.64,25.34,33452
20100224,LO,76.29,76.45,75.55,75.74,10431
20100224,LOW,22.84,23.65,22.83,23.64,165843
20100224,LSI,5.6,5.6,5.445,5.51,85068
20100224,LTD,20.87,21.56,20.87,21.54,70902
20100224,LUK,22.8,23.19,22.65,23.06,5957
20100224,LUV,12.42,12.62,12.34,12.44,112299
20100224,LXK,33.1,33.48,32.88,33.16,22180
20100224,M,18.57,19.55,18.57,19.52,152467
20100224,MA,222.02,223.11,219,221.75,15190
20100224,MAR,27.2,27.28,26.97,27.26,29641
20100224,MAS,13.3,13.36,12.91,13.31,33789
20100224,MAT,21.93,22.07,21.74,22,44505
20100224,MCD,64.96,65.55,64.77,65.26,75796
20100224,MCHP,27.14,27.52,27.09,27.29,17429
20100224,MCK,58.56,59.35,58.29,59.27,22685
20100224,MCO,26.81,27.07,26.62,27.02,18873
20100224,MDP,31.13,31.34,30.9,31.11,1726
20100224,MDT,43.05,43.65,42.79,43.59,52805
20100224,MEE,41.69,43.09,41.66,42.38,39724
20100224,MET,34.79,35.65,34.63,35.59,56681
20100224,MFE,39.95,40.33,39.78,40.33,17147
20100224,MHP,34.48,34.6498,34.15,34.6,17161
20100224,MHS,62.8,62.96,61.75,62.06,41841
20100224,MI,6.78,6.96,6.7,6.94,66369
20100224,MIL,91.11,94.04,91,93.84,78700
20100224,MJN,46.45,46.85,45.955,46.3,14989
20100224,MKC,37.26,37.36,36.91,37.26,5614
20100224,MMC,22.89,23.1,22.79,23.08,25926
20100224,MMM,80,80.6,79.5,80.07,35306
20100224,MO,20.08,20.31,19.95,20.26,181031
20100224,MOLX,20.2,20.54,20.12,20.53,9967
20100224,MON,75.37,76.43,73.48,74.04,83261
20100224,MOT,6.81,6.84,6.74,6.79,204003
20100224,MRK,36.7,37.04,36.27,36.93,170936
20100224,MRO,28.99,29.24,28.6939,29.17,48720
20100224,MS,27.27,27.98,27.09,27.83,179370
20100224,MSFT,28.53,28.79,28.38,28.63,431668
20100224,MTB,76.99,78.97,76.81,78.2,15902
20100224,MU,8.64,9.23,8.64,9.09,343075
20100224,MUR,52.01,52.28,51.39,51.9,11386
20100224,MWV,23.45,23.8,23.2,23.59,10891
20100224,MWW,14.16,14.31,14.04,14.14,23972
20100224,MYL,19.16,19.57,19.12,19.42,86840
20100224,NBL,70.16,72.2,69.96,70.99,20446
20100224,NBR,21.98,22.2,21.7,21.92,55012
20100224,NDAQ,18.42,18.71,18.36,18.6,21834
20100224,NEM,46.34,47.01,46.07,46.48,86179
20100224,NI,15.04,15.11,14.82,15.01,29281
20100224,NKE,64.3,65.02,64,64.93,29045
20100224,NOC,61.47,62,61.18,61.69,18620
20100224,NOV,43.16,43.8,43.07,43.49,51174
20100224,NOVL,4.85,4.89,4.82,4.86,24079
20100224,NRG,22.33,22.5,21.57,21.86,55363
20100224,NSC,50.83,51.16,50.554,51.11,17152
20100224,NSM,14.5,14.69,14.34,14.65,47607
20100224,NTAP,29.91,30.35,29.57,29.83,93707
20100224,NTRS,53.68,54.1,53.3,53.56,15800
20100224,NU,26.42,26.58,26.01,26.26,15827
20100224,NUE,42.34,42.91,41.68,42.09,57673
20100224,NVDA,16.32,16.71,16.3,16.55,111478
20100224,NVLS,21.87,22.44,21.81,22.27,25055
20100224,NWL,13.74,13.74,13.47,13.65,39462
20100224,NWSA,13.21,13.52,13.19,13.49,145440
20100224,NYT,10.76,11.05,10.71,11.03,14055
20100224,NYX,25.67,26.03,25.53,26.03,27756
20100224,ODP,6.89,6.89,6.72,6.82,60893
20100224,OI,28.06,28.9,28.03,28.66,21870
20100224,OMC,36.9,37.18,36.72,36.88,15954
20100224,ORCL,24.63,24.83,24.46,24.77,245304
20100224,ORLY,38.87,39.37,38.72,39.29,15705
20100224,OXY,79.77,79.95,78.77,79.55,36586
20100224,PAYX,30.2,30.57,30.18,30.31,34282
20100224,PBCT,15.66,15.73,15.44,15.73,42560
20100224,PBG,38.2,38.24,38.03,38.22,6360
20100224,PBI,22.65,22.95,22.61,22.93,16085
20100224,PCAR,35.27,35.89,35.15,35.71,26588
20100224,PCG,42.11,42.21,41.7,42.01,39891
20100224,PCL,35.94,36.27,35.83,36.27,16451
20100224,PCLN,226.19,226.87,221.06,225.02,8984
20100224,PCP,111.84,113.495,111.28,112.45,9256
20100224,PCS,6.19,6.29,6.1,6.24,49000
20100224,PDCO,29.86,30.27,29.86,30.09,11408
20100224,PEG,30.27,30.31,29.76,30.17,37713
20100224,PEP,61.98,62.16,61.58,62.08,68880
20100224,PFE,17.74,18.02,17.6,17.81,677248
20100224,PFG,22.32,23.22,22.3,23.2,35511
20100224,PG,63.22,63.96,63.13,63.89,128087
20100224,PGN,38.57,38.65,38.04,38.61,13377
20100224,PGR,17.13,17.3,17.13,17.23,27750
20100224,PH,58.58,58.91,58.13,58.87,20752
20100224,PHM,11.04,11.1,10.5,10.81,90539
20100224,PKI,22.48,22.5,22.23,22.35,13314
20100224,PLD,12.49,12.57,12.34,12.45,60423
20100224,PLL,38.585,39.25,38.54,39.13,9946
20100224,PM,49.56,49.9699,48.97,49.83,83058
20100224,PNC,52.82,53.82,52.29,53.78,55673
20100224,PNW,37.42,37.71,37.05,37.64,13034
20100224,POM,17.05,17.17,16.81,17.06,21100
20100224,PPG,61.72,62.48,61.32,62.1,11883
20100224,PPL,29.2,29.2,28.68,28.9,22006
20100224,PRU,50.79,51.95,50.54,51.9,37606
20100224,PSA,80.73,81.58,80.31,81.53,12825
20100224,PTV,23.37,24.08,23.24,23.99,38751
20100224,PWR,19.1,19.42,18.98,19.16,32677
20100224,PX,76.44,76.91,75.62,76,28923
20100224,PXD,46.34,47.02,45.82,46.3,18683
20100224,Q,4.46,4.55,4.46,4.51,280602
20100224,QCOM,38.64,38.67,37.67,37.87,271192
20100224,QLGC,18.04,18.07,17.86,18.01,31639
20100224,R,34.71,34.89,34.17,34.86,7526
20100224,RAI,52.9,53.4,52.5,53.37,12729
20100224,RDC,24.5,24.99,24.33,24.78,32188
20100224,RF,6.55,6.7,6.53,6.64,202172
20100224,RHI,27.45,27.71,27.35,27.68,17347
20100224,RHT,28.16,28.53,28.01,28.28,12908
20100224,RL,80.55,80.67,79.8701,80.15,18873
20100224,ROK,53.36,53.8,53,53.78,7854
20100224,ROP,54.53,55.11,54.44,55.06,7008
20100224,ROST,47.31,48.1899,47.01,48.14,18633
20100224,RRC,50.13,51.78,50,50.43,42630
20100224,RRD,20.68,21.26,20.58,20.78,37362
20100224,RSG,27.81,28.07,27.47,28.06,18458
20100224,RSH,19.12,19.33,18.9026,19.32,55673
20100224,RTN,55.72,56.61,55.72,56.17,21458
20100224,RX,21.97,21.99,21.97,21.97,30947
20100224,S,3.35,3.37,3.26,3.28,371685
20100224,SAI,19.14,19.48,19.07,19.48,41439
20100224,SBUX,22.77,23.08,22.71,23.08,64605
20100224,SCG,36.36,36.47,35.9,36.43,5212
20100224,SCHW,18.47,18.54,18.36,18.43,96363
20100224,SE,21.31,21.75,21.19,21.72,45130
20100224,SEE,20.11,20.33,20.04,20.31,7747
20100224,SHLD,94.36,95.86,93.86,95.52,8773
20100224,SHW,64.1,64.57,63.86,64.39,6461
20100224,SIAL,47.61,48,47.34,47.6,9415
20100224,SII,40.89,41.14,40.4,40.85,253758
20100224,SJM,60.15,60.15,57.72,58.67,30511
20100224,SLB,61.13,61.5,60.36,60.91,229812
20100224,SLE,13.65,13.92,13.65,13.9,66992
20100224,SLM,11.06,11.15,10.75,11.11,24244
20100224,SNA,42.4,42.56,41.8,42.27,4844
20100224,SNDK,27.91,28.65,27.87,28.23,72422
20100224,SNI,40.15,40.58,39.43,39.64,9694
20100224,SO,32.04,32.22,31.73,32.13,36031
20100224,SPG,77.99,78.54,77.155,77.53,52503
20100224,SPLS,25.51,25.755,25.5,25.69,52095
20100224,SRCL,54.51,54.93,53.96,54.83,8453
20100224,SRE,48.39,49.08,48.12,48.53,25017
20100224,STI,22.85,23.87,22.77,23.77,86976
20100224,STJ,38.51,38.73,38.36,38.66,24543
20100224,STR,41.45,41.78,41.05,41.64,8366
20100224,STT,44.6,45.8,44.45,45.38,84046
20100224,STZ,15.24,15.25,14.96,15.02,27108
20100224,SUN,26.2,26.57,25.9,26.54,20604
20100224,SVU,15.35,15.38,15.19,15.27,34167
20100224,SWK,55.36,56.24,54.94,56.14,13741
20100224,SWN,42.64,43.24,42.33,42.74,36348
20100224,SWY,23.37,23.56,23.12,23.5,57459
20100224,SYK,52.93,52.95,52.47,52.89,10946
20100224,SYMC,16.78,16.87,16.45,16.52,238267
20100224,SYY,28.94,29.02,28.72,28.97,24789
20100224,T,24.88,24.95,24.8,24.91,289733
20100224,TAP,40.8,41.09,40.53,40.98,10536
20100224,TDC,29.61,30.2,29.61,30.11,12640
20100224,TE,15.35,15.37,15.13,15.29,25717
20100224,TEG,45.11,45.3199,44.348,44.95,8134
20100224,TER,9.68,10.07,9.61,9.98,43066
20100224,TGT,50.2,51.16,50.12,50.99,92739
20100224,THC,5.06,5.17,5.02,5.07,168689
20100224,TIE,11.83,11.95,11.55,11.65,23246
20100224,TIF,42.97,43.72,42.87,43.69,12853
20100224,TJX,39.35,40.55,38.86,40.51,70148
20100224,TLAB,6.89,6.9625,6.78,6.95,65096
20100224,TMK,45.15,46.02,45.1,45.84,6351
20100224,TMO,49.45,49.58,48.04,48.39,68361
20100224,TROW,50.01,50.69,49.63,50.63,13792
20100224,TRV,52.49,52.97,52.4,52.79,60505
20100224,TSN,16.76,16.885,16.61,16.67,56593
20100224,TSO,11.72,12.18,11.69,12.01,77074
20100224,TSS,14.53,14.61,14.43,14.5,10021
20100224,TWC,46.62,46.75,45.805,46.24,22143
20100224,TWX,28.52,28.99,28.52,28.68,81983
20100224,TXN,24.53,25,24.48,24.75,145146
20100224,TXT,19.59,19.74,19.04,19.59,53074
20100224,UNH,32.88,33.66,32.36,33.62,109834
20100224,UNM,20.69,20.99,20.64,20.93,27718
20100224,UNP,66.32,66.96,66.11,66.88,33920
20100224,UPS,58.43,58.95,58.26,58.76,47482
20100224,URBN,31.84,31.97,31.48,31.79,15298
20100224,USB,24.43,24.91,24.38,24.78,120200
20100224,UTX,68.19,68.7,67.79,68.62,48424
20100224,V,86.22,86.61,84.75,85.63,40524
20100224,VAR,48.64,48.94,48.41,48.84,6899
20100224,VFC,76,76.74,75.58,76.67,4729
20100224,VIA,31.36,31.53,30.88,31.3,281
20100224,VLO,17.49,17.79,17.29,17.6,87420
20100224,VMC,45.12,45.21,44.32,44.88,6975
20100224,VNO,65.09,65.64,64.3,65.31,16266
20100224,VRSN,24.44,24.8,24.22,24.65,43411
20100224,VTR,45.06,45.16,44.67,44.9,16662
20100224,VZ,28.77,29,28.71,28.96,124529
20100224,WAG,34.96,35.58,34.6,35.5,78944
20100224,WAT,59.04,59.56,58.89,59.31,7324
20100224,WDC,41.06,41.46,38.83,38.99,113305
20100224,WEC,49.26,49.35,48.59,48.88,10436
20100224,WFC,27.45,27.77,27.18,27.66,357850
20100224,WFMI,34.94,35.02,34.4,34.62,86643
20100224,WFR,12.21,12.33,12.03,12.09,48303
20100224,WHR,83.02,83.65,81.85,83.55,11210
20100224,WIN,10.18,10.23,10.15,10.2,44374
20100224,WLP,59.34,60.37,58.5,60.14,64938
20100224,WM,32.9,32.99,32.5107,32.92,31634
20100224,WMB,21.26,21.62,21.17,21.6,74557
20100224,WMT,53.74,53.95,53.48,53.92,106241
20100224,WPI,39.17,39.68,39.08,39.61,14521
20100224,WPO,416.1,429.99,412.99,420.3,771
20100224,WU,16.13,16.17,15.96,16,79066
20100224,WY,41.24,42.2,41.01,42.04,21354
20100224,WYN,22.79,22.89,22.5,22.84,12735
20100224,WYNN,63.7,64.6,62.76,63.35,30572
20100224,X,51.42,52.54,50.87,52.12,161079
20100224,XEL,21.03,21.13,20.73,21.03,29069
20100224,XL,18.06,18.41,18.02,18.39,35621
20100224,XLNX,25.32,26.27,25.28,25.91,118949
20100224,XOM,65.01,65.8667,64.77,65.55,214702
20100224,XRAY,32.66,33.05,32.61,33,13142
20100224,XRX,9.16,9.26,9.09,9.25,105824
20100224,XTO,45.53,46.13,45.45,45.96,67615
20100224,YHOO,15.52,15.71,15.33,15.59,192852
20100224,YUM,33.73,33.81,33.46,33.71,28701
20100224,ZION,18.2,18.9,18.07,18.67,47703
20100224,ZMH,57.47,57.9119,57.2125,57.44,10715
