20100324,A,33.98,34.11,33.86,33.9,27120
20100324,AA,14.4,14.5,14.32,14.32,352454
20100324,AAPL,227.85,230.2,227.51,229.37,213671
20100324,ABC,29.27,29.3,28.66,28.72,21585
20100324,ABT,54.25,54.33,53.76,53.87,63360
20100324,ADBE,37.1,37.3,36.48,36.51,167792
20100324,ADI,30.32,30.32,29.03,29.06,76010
20100324,ADM,29.19,29.19,28.12,28.5,89286
20100324,ADP,44.63,44.89,44.29,44.34,39581
20100324,ADSK,29.77,29.79,29.39,29.43,24211
20100324,AEE,25.76,25.89,25.49,25.5,13366
20100324,AEP,34.15,34.21,33.86,33.99,29097
20100324,AES,11.17,11.21,11.01,11.02,110990
20100324,AET,34.82,35.15,34.41,34.41,41921
20100324,AFL,53.41,53.88,53.19,53.65,23541
20100324,AGN,64.06,64.35,63.89,64.1,14427
20100324,AIG,33.01,34.33,32.94,33.17,137575
20100324,AIV,18.18,18.62,18.12,18.5,28582
20100324,AIZ,33.12,33.541,33.01,33.48,8783
20100324,AKAM,31.37,31.69,31.23,31.56,47406
20100324,AKS,22.88,23.61,22.67,23.33,92236
20100324,ALL,31.28,31.48,31.09,31.33,32280
20100324,ALTR,25.24,25.24,24.47,24.52,110718
20100324,AMAT,13.17,13.23,12.91,13,341346
20100324,AMD,9.38,9.38,9.2,9.23,120977
20100324,AMGN,59.75,60,58.96,59.07,93749
20100324,AMP,44.44,44.91,44.25,44.68,17223
20100324,AMT,44.56,44.85,43.95,44.47,32206
20100324,AMZN,128.65,129.4,127.2,128.04,47032
20100324,AN,19.67,19.7,19.12,19.18,18993
20100324,ANF,44.81,44.85,44.23,44.38,22328
20100324,AON,42.75,42.78,42.36,42.42,13282
20100324,APA,102.55,103.52,102,102.32,31910
20100324,APC,70.09,70.66,69.728,70.36,27486
20100324,APD,75.16,75.24,74.4,74.81,16253
20100324,APH,42.12,42.25,41.83,41.98,22681
20100324,APOL,63.98,64.3,62.95,63.27,19401
20100324,ARG,64.01,64.21,63.75,63.75,10469
20100324,ATI,53.74,54.55,53.49,54.19,21112
20100324,AVB,87.42,89.32,87.2,88.13,9128
20100324,AVP,32.75,32.75,32.03,32.08,28056
20100324,AVY,35.64,35.64,35.01,35.06,13803
20100324,AXP,41.04,41.46,40.85,41.01,75273
20100324,AYE,23.83,23.9,23.69,23.76,27376
20100324,AZO,174.33,174.33,172.75,173.57,4370
20100324,BA,72.42,73.2,71.78,72.32,76999
20100324,BAC,17.12,17.73,17.1,17.57,2708243
20100324,BAX,59.36,59.39,58.8,58.9,25698
20100324,BBBY,44.29,44.4,43.89,44.12,20750
20100324,BBT,31.95,32.42,31.92,32.12,50572
20100324,BBY,41.45,41.59,41.11,41.18,75294
20100324,BCR,85.11,85.68,84.51,84.53,5588
20100324,BDX,79.43,79.67,78.79,79.01,14888
20100324,BEN,112.26,112.65,110.61,110.63,12892
20100324,BF.B,57.81,58,57.4,57.57,1866
20100324,BHI,46.7,47.17,46.35,46.55,57391
20100324,BIG,37.78,37.87,37.1,37.24,9311
20100324,BIIB,59.57,59.8,58.72,58.85,18091
20100324,BJS,21.29,21.47,21.14,21.21,33947
20100324,BK,31.19,31.25,30.58,30.68,76403
20100324,BLL,54.22,54.29,53.61,54,7094
20100324,BMC,38.89,39.07,38.525,38.84,17688
20100324,BMS,29.86,29.9,29.63,29.69,4551
20100324,BMY,26.7,26.78,26.63,26.69,160575
20100324,BRCM,33.94,34.05,33.46,33.53,71445
20100324,BRK.B,81.96,82,81,81.44,57804
20100324,BSX,6.96,7.08,6.94,7.04,172685
20100324,BTU,47.24,47.76,46.95,47.23,68967
20100324,BXP,75.91,76.96,75.81,76.15,10459
20100324,C,4.1,4.19,4.1,4.15,4667376
20100324,CA,23.65,23.8025,23.64,23.72,32847
20100324,CAG,26.21,26.22,25.99,26.1,57208
20100324,CAH,36.2,36.34,35.77,35.79,28403
20100324,CAM,41.58,42.18,41.5,41.94,26136
20100324,CAT,61.96,62.54,61.42,62.06,114480
20100324,CB,51.73,52.07,51.49,51.84,15903
20100324,CBG,14.46,14.55,14.09,14.18,62609
20100324,CBS,14.13,14.43,14.03,14.24,84188
20100324,CCE,27.28,27.43,27.04,27.2,59717
20100324,CCL,38.42,38.58,38.06,38.46,31780
20100324,CEG,36.17,36.46,36,36.29,17211
20100324,CELG,64.35,64.64,63.19,63.35,30182
20100324,CEPH,72.33,72.44,71.09,71.46,27210
20100324,CF,91.39,93.55,90.66,92.41,17279
20100324,CFN,25.07,25.2,24.87,24.98,7302
20100324,CHK,23.06,23.68,23,23.11,282260
20100324,CHRW,56.27,56.42,55.73,56.12,12937
20100324,CI,37.03,37.08,36.25,36.39,26176
20100324,CINF,28.87,28.9,28.69,28.79,7123
20100324,CL,85.16,85.18,84.09,84.34,21797
20100324,CLF,70.09,72.77,69.68,71.76,101901
20100324,CLX,64.89,65.09,64.68,64.85,11563
20100324,CMA,38,38.62,37.95,38.43,23848
20100324,CMCSA,17.99,18.23,17.95,18.18,177245
20100324,CME,309.53,321.894,309.15,318.9,7762
20100324,CMI,62.32,63.2,61.76,61.81,31314
20100324,CMS,15.67,15.71,15.47,15.55,21804
20100324,CNP,14.25,14.35,14.17,14.19,20317
20100324,CNX,45.37,46.32,45.02,45.7,74801
20100324,COF,40.79,41.63,40.66,41.26,51310
20100324,COG,37.88,38.69,37.53,38.17,15522
20100324,COH,38.35,38.823,38.33,38.65,31773
20100324,COL,62.81,63.07,62.31,62.54,6305
20100324,COP,52.91,52.94,52.21,52.53,147415
20100324,COST,60.74,60.74,60.02,60.07,29099
20100324,CPB,35.38,35.54,35.16,35.24,12066
20100324,CPWR,8.68,8.69,8.55,8.58,14284
20100324,CRM,76.59,77.21,75.951,76.16,11833
20100324,CSC,55.28,55.28,54.8,54.88,10085
20100324,CSCO,26.51,26.62,26.44,26.45,352992
20100324,CSX,51.57,51.59,50.72,51.1,23547
20100324,CTAS,28.66,28.67,28.25,28.32,10305
20100324,CTL,35.24,35.32,35,35.12,22286
20100324,CTSH,52.32,52.68,51.89,51.92,27299
20100324,CTXS,47.87,48.64,47.79,48.53,28179
20100324,CVH,25.73,25.77,25.145,25.2,10335
20100324,CVS,35.91,36.1,35.42,35.51,103344
20100324,CVX,74.27,74.5,73.78,73.93,89975
20100324,D,39.87,40.25,39.86,40.08,32527
20100324,DD,38.27,38.84,38.04,38.77,136629
20100324,DE,61.64,61.65,60.31,60.49,61499
20100324,DELL,14.98,15.12,14.91,14.99,298309
20100324,DF,15.62,15.86,15.57,15.75,33492
20100324,DFS,15.35,15.42,15.23,15.4,43997
20100324,DGX,57.26,57.65,57.17,57.45,15079
20100324,DHI,12.95,13.07,12.76,12.85,52724
20100324,DHR,77.08,77.19,76.3505,76.36,16303
20100324,DIS,33.91,34.43,33.87,34.39,121951
20100324,DISCA,33.35,33.6,33.05,33.46,20700
20100324,DNB,74.55,74.7025,73.6,73.7,3135
20100324,DNR,15.52,15.5607,15.25,15.51,65583
20100324,DO,84.36,85.89,84.26,84.52,11508
20100324,DOV,47.31,47.31,46.37,46.4,15129
20100324,DOW,29.69,30.64,29.6,30.36,125284
20100324,DPS,36.62,36.62,36.01,36.33,23089
20100324,DRI,43.67,45.07,42.91,44.91,55459
20100324,DTE,45.19,45.32,44.97,45.04,17979
20100324,DTV,34.02,34.14,33.58,33.79,94113
20100324,DUK,16.45,16.46,16.3,16.32,62501
20100324,DV,67.56,67.56,65.84,66.16,8415
20100324,DVA,63.83,63.9,63,63.21,4492
20100324,DVN,64.59,66.22,64.2,65.12,110538
20100324,EBAY,26.97,27.19,26.86,26.94,119502
20100324,ECL,43.34,43.5799,43.14,43.29,18299
20100324,ED,44.15,44.15,43.68,43.84,15537
20100324,EFX,35.8,36.03,35.745,35.85,9048
20100324,EIX,34.34,34.46,34.08,34.09,21460
20100324,EK,6.01,6.1,5.95,6.04,66770
20100324,EL,65.13,65.25,63.68,63.69,16379
20100324,EMC,18.84,18.98,18.72,18.82,180054
20100324,EMN,62.35,63.72,62.09,63.38,12306
20100324,EMR,49.56,49.79,48.91,49.13,33592
20100324,EOG,93.15,94.45,92.095,92.57,20588
20100324,EP,10.9,10.96,10.8,10.84,85082
20100324,EQR,39.11,39.7,39.05,39.37,41542
20100324,EQT,41.59,41.76,41.28,41.51,12768
20100324,ERTS,18.43,18.57,18.34,18.53,49985
20100324,ESRX,101.99,102.29,100.81,100.83,12615
20100324,ETFC,1.61,1.62,1.58,1.59,293376
20100324,ETN,76.28,76.28,74.74,74.82,13165
20100324,ETR,80,80,79.15,79.2,8131
20100324,EXC,44.44,44.44,43.5,43.56,58929
20100324,EXPD,38.21,38.4,37.69,37.83,16423
20100324,EXPE,22.71,23.07,22.71,22.8,29528
20100324,F,13.78,14.05,13.76,13.9,918208
20100324,FAST,48.79,48.98,48.32,48.34,11852
20100324,FCX,79.72,80.89,79.57,79.79,109664
20100324,FDO,36.54,36.58,35.99,36.1,11729
20100324,FDX,91.42,91.5,90.1,90.24,44579
20100324,FE,40.32,40.41,40.1,40.27,36972
20100324,FHN,14.14,14.24,14.04,14.12,13744
20100324,FII,26.05,26.25,25.911,26.17,9000
20100324,FIS,23.75,23.75,23.56,23.59,12198
20100324,FISV,50.79,50.96,50.53,50.71,13750
20100324,FITB,13.36,13.77,13.3496,13.58,114064
20100324,FLIR,27.65,27.875,27.56,27.74,17465
20100324,FLR,45.89,47.03,45.55,46.77,39033
20100324,FLS,109.57,110.21,108.37,108.88,12638
20100324,FMC,61.19,62.24,60.83,61.65,6374
20100324,FO,49.64,49.64,49.07,49.21,10534
20100324,FPL,47.79,47.89,47.1,47.27,27392
20100324,FRX,32.01,32.04,31.51,31.56,17204
20100324,FSLR,111.34,111.97,109.36,109.45,17719
20100324,FTI,61.47,62.15,61.08,61.08,8070
20100324,FTR,7.46,7.5,7.4,7.41,43896
20100324,GAS,43.41,43.58,43.04,43.13,6199
20100324,GCI,16.59,16.64,16.29,16.55,32863
20100324,GD,76.74,76.76,75.6,75.74,14761
20100324,GE,18.36,18.94,18.2693,18.45,1242561
20100324,GENZ,56.61,57.3,54.61,55.33,145304
20100324,GILD,47.7,47.77,47.1,47.29,72511
20100324,GIS,72.99,73.3,72.05,72.18,45033
20100324,GLW,19.92,19.93,19.38,19.46,124899
20100324,GME,22.06,22.06,21.52,21.71,56311
20100324,GNW,16.42,17.7595,16.36,17.24,197272
20100324,GOOG,545.55,559.8495,539.7,557.33,65693
20100324,GPC,42.96,42.98,42.25,42.38,6442
20100324,GPS,23.08,23.21,22.95,23.06,57509
20100324,GR,71.44,71.8,70.64,70.85,11509
20100324,GS,173.64,175.96,173.64,174.41,84030
20100324,GT,13.21,13.4,13.15,13.28,27295
20100324,GWW,109.19,109.19,108.28,108.88,5379
20100324,HAL,30.39,30.815,30.15,30.21,99849
20100324,HAR,47.065,47.5,46.43,46.88,13981
20100324,HAS,38.15,38.29,37.79,38.06,13444
20100324,HBAN,5.45,5.54,5.44,5.48,200887
20100324,HCBK,14.05,14.205,14,14.17,77914
20100324,HCN,46.2,46.69,46.09,46.31,13466
20100324,HCP,33.77,34.23,33.66,33.88,52439
20100324,HD,32.44,32.6,32.24,32.32,118222
20100324,HES,60.92,61.89,60.65,61.44,26166
20100324,HIG,27.68,28.4,27.52,28.14,103724
20100324,HNZ,46.84,47.29,46.75,47.21,39317
20100324,HOG,28.39,28.42,27.63,27.8,36530
20100324,HON,44.23,45.05,44.05,44.48,78457
20100324,HOT,43.77,44.06,43.34,43.9,47250
20100324,HP,38.37,38.89,37.83,38.09,21361
20100324,HPQ,52.97,53.22,52.79,53.06,151214
20100324,HRB,17.6,17.61,17.37,17.46,39470
20100324,HRL,41.82,41.92,41.684,41.86,4271
20100324,HRS,47.4,47.4,46.31,46.59,7228
20100324,HSP,57,57.3,56.89,56.97,7412
20100324,HST,13.9,14.47,13.79,14.4,102857
20100324,HSY,43,43.03,42.53,42.69,13434
20100324,HUM,48.97,48.98,47.79,47.9,21091
20100324,IBM,128.67,129.95,128.47,128.53,66692
20100324,ICE,109.65,111.2554,108.71,110.49,6934
20100324,IFF,46.04,46.23,45.7,45.8,3785
20100324,IGT,17.8,18.24,17.74,17.8,53044
20100324,INTC,22.54,22.67,22.32,22.43,547427
20100324,INTU,34.56,34.8625,34.56,34.74,34361
20100324,IP,26.1,26.47,25.82,26.21,91675
20100324,IPG,8.73,8.73,8.39,8.53,90686
20100324,IRM,27.11,27.4,26.94,27.02,13172
20100324,ISRG,348.5,349.31,343.43,346.12,4571
20100324,ITT,53.19,53.23,52.6,52.69,12963
20100324,ITW,47.25,47.44,46.779,46.9,27490
20100324,IVZ,20.66,20.74,20.23,20.57,37869
20100324,JBL,17.51,17.59,16.46,16.53,155998
20100324,JCI,33.27,33.2898,32.88,33.11,51600
20100324,JCP,33.38,33.48,32.7,32.79,51022
20100324,JDSU,11.25,11.33,11.13,11.19,34881
20100324,JEC,44.9,46.13,44.9,45.97,34284
20100324,JNJ,65.31,65.31,64.75,64.75,93511
20100324,JNPR,30.66,31.05,30.32,30.46,71580
20100324,JNS,14.22,14.36,13.95,14.13,16722
20100324,JPM,44.44,44.97,44.2,44.94,360589
20100324,JWN,41.3,41.38,40.65,40.88,17124
20100324,K,54.55,54.75,54.34,54.61,21265
20100324,KEY,7.67,8,7.66,7.9,208208
20100324,KFT,30.76,30.89,30.58,30.72,179188
20100324,KG,12.27,12.28,12.05,12.11,33852
20100324,KIM,15.64,15.99,15.62,15.88,41294
20100324,KLAC,30.71,31.29,30.44,30.66,53602
20100324,KMB,63.49,63.49,62.7,62.89,19523
20100324,KO,55.22,55.36,54.61,54.62,85265
20100324,KR,21.34,21.37,21.11,21.25,87873
20100324,KSS,56.25,56.53,55.76,56.06,27346
20100324,L,37.26,37.52,37.12,37.25,16361
20100324,LEG,21.67,21.77,21.38,21.51,11061
20100324,LEN,18.09,18.33,17.53,17.69,154375
20100324,LH,74.305,74.67,73.77,73.98,11607
20100324,LIFE,53.29,53.44,52.581,52.61,10579
20100324,LLL,94.51,94.61,93.25,93.52,9857
20100324,LLTC,28.86,28.93,28.24,28.24,41248
20100324,LLY,36.68,36.7,36.18,36.26,54506
20100324,LM,29.67,29.99,29.67,29.76,16919
20100324,LMT,84.68,84.71,83.46,83.88,20924
20100324,LNC,28.72,29.51,28.72,29.09,30614
20100324,LO,77.3,77.705,77.21,77.31,9340
20100324,LOW,24.75,24.75,24.35,24.38,98084
20100324,LSI,6.62,6.64,6.42,6.45,112689
20100324,LTD,25.31,25.37,24.89,24.98,36975
20100324,LUK,25.68,25.77,25.5,25.54,5241
20100324,LUV,13.03,13.1,12.84,13,57958
20100324,LXK,36.69,36.73,36.22,36.33,14097
20100324,M,21.74,21.86,21.37,21.5,65771
20100324,MA,245.2,246.88,243.95,244.68,7699
20100324,MAR,29.61,29.77,29.41,29.67,38258
20100324,MAS,15.5,15.66,15.13,15.17,40392
20100324,MAT,23,23.21,22.74,22.94,52162
20100324,MCD,66.99,67.19,66.58,66.8,63636
20100324,MCHP,28.88,28.922,28.5,28.56,22179
20100324,MCK,65.03,65.21,63.87,64.01,13422
20100324,MCO,30.2,30.43,30.04,30.33,19076
20100324,MDP,34.81,34.88,33.98,34.39,2786
20100324,MDT,45.62,45.7,45.01,45.31,46479
20100324,MEE,50.34,53.5,50.31,52.76,157858
20100324,MET,42.03,42.69,41.85,41.92,48072
20100324,MFE,40.78,40.93,40.25,40.39,26099
20100324,MHP,35.93,36.34,35.608,35.87,10201
20100324,MHS,65.8,66.05,65.33,65.47,19378
20100324,MI,7.95,8.15,7.92,8.03,86873
20100324,MIL,105.41,105.75,105.38,105.39,8030
20100324,MJN,52.32,52.68,51.745,51.87,18060
20100324,MKC,39.58,39.6075,39.19,39.37,10384
20100324,MMC,24.59,24.66,24.45,24.47,29305
20100324,MMM,81.86,82.3,81.43,81.61,31024
20100324,MO,20.52,20.52,20.4,20.47,169745
20100324,MOLX,21.21,21.39,21.01,21.11,7905
20100324,MON,72.97,73.91,72.87,73.11,68057
20100324,MOT,7.33,7.36,7.24,7.25,130844
20100324,MRK,38.43,38.51,37.98,38.01,123617
20100324,MRO,31.32,31.74,31.18,31.38,67321
20100324,MS,29.42,29.68,29.26,29.37,129622
20100324,MSFT,29.68,29.85,29.6,29.65,339935
20100324,MTB,82.9,84,82.77,83.04,2880
20100324,MU,10.61,10.63,10.37,10.43,181903
20100324,MUR,54.77,55.82,54.61,55.08,18417
20100324,MWV,25.57,25.71,25.39,25.43,8664
20100324,MWW,17.29,17.42,16.92,16.92,17214
20100324,MYL,22.93,22.93,22.535,22.66,65864
20100324,NBL,71.18,72.37,70.81,72.05,22969
20100324,NBR,19.2,19.72,19.2,19.58,103664
20100324,NDAQ,20.84,21.11,20.74,20.99,23164
20100324,NEM,50.51,50.72,49.63,49.72,87884
20100324,NI,15.78,15.85,15.67,15.7,15096
20100324,NKE,74.35,74.39,73.01,73.38,27673
20100324,NOC,65.14,65.35,64.73,64.94,16909
20100324,NOV,42.1,42.74,42.03,42.25,41754
20100324,NOVL,5.92,5.93,5.87,5.87,37531
20100324,NRG,21.34,21.57,21.03,21.17,57634
20100324,NSC,55.04,55.04,54.14,54.66,28433
20100324,NSM,14.91,14.95,14.49,14.49,82723
20100324,NTAP,32.5,33.28,32.45,33.17,49082
20100324,NTRS,55.53,55.68,55.05,55.16,9542
20100324,NU,27.2,27.25,26.94,26.95,6666
20100324,NUE,46.05,46.11,45.63,45.82,43136
20100324,NVDA,17.78,17.79,17.255,17.29,109094
20100324,NVLS,24.75,24.96,24.67,24.75,43335
20100324,NWL,15.57,15.57,15.29,15.44,28000
20100324,NWSA,14.01,14.37,13.97,14.27,224571
20100324,NYT,11.11,11.26,10.775,11.22,22132
20100324,NYX,29.2,29.34,28.89,29.09,31164
20100324,ODP,8.1,8.14,7.925,8.01,41712
20100324,OI,34.71,35.4,34.52,35,22074
20100324,OKE,46.23,46.45,45.965,46.14,6484
20100324,OMC,39.71,40.02,39.59,39.75,32768
20100324,ORCL,25.99,26,25.7,25.76,288370
20100324,ORLY,42.59,42.75,41.88,42.04,14880
20100324,OXY,82.87,83.55,82.36,82.95,51548
20100324,PAYX,32.7,32.75,32.28,32.34,39220
20100324,PBCT,15.72,15.75,15.51,15.54,54536
20100324,PBI,24.66,24.66,24.34,24.5,17044
20100324,PCAR,43.18,43.6,42.97,43.06,26866
20100324,PCG,43.18,43.29,42.85,42.87,22921
20100324,PCL,39.02,39.37,38.91,39.04,11076
20100324,PCLN,243.34,244.485,241.57,243.8,5958
20100324,PCP,122.57,123.41,121.82,122.26,10981
20100324,PCS,7.18,7.25,7.04,7.07,36813
20100324,PDCO,31,31.08,30.7,30.79,9076
20100324,PEG,30.45,30.63,30.07,30.09,33844
20100324,PEP,66.62,67,66.25,66.26,76613
20100324,PFE,17.61,17.71,17.54,17.61,740035
20100324,PFG,27.87,28.86,27.78,28.66,59127
20100324,PG,64.33,64.4,63.48,63.61,117320
20100324,PGN,39.77,39.8,39.19,39.25,19898
20100324,PGR,18.44,18.54,18.37,18.49,39302
20100324,PH,66.49,66.55,65.26,65.34,15214
20100324,PHM,11.56,11.81,11.5,11.65,93788
20100324,PKI,24.09,24.18,23.91,23.98,8493
20100324,PLD,13.95,14.25,13.92,14.12,66314
20100324,PLL,40.14,40.14,39.34,39.58,11071
20100324,PM,52.43,52.7,51.84,51.89,80341
20100324,PNC,59.62,60.56,59.3609,59.87,34768
20100324,PNW,37.78,37.82,37.44,37.44,9044
20100324,POM,17.08,17.08,16.84,16.9,21835
20100324,PPG,65.62,65.91,65,65.43,9043
20100324,PPL,28.53,28.57,28.24,28.24,20669
20100324,PRU,57.47,59,57.47,58.39,25970
20100324,PSA,92.1,93.514,91.84,92.93,15409
20100324,PTV,25.38,25.65,25.09,25.39,26118
20100324,PWR,20.07,20.07,19.83,19.98,24381
20100324,PX,82.43,82.64,81.57,82.28,13129
20100324,PXD,53.23,54.32,53.01,53.9,14845
20100324,Q,5.36,5.38,5.22,5.29,489614
20100324,QCOM,40.25,40.43,40.02,40.19,129826
20100324,QLGC,20.35,20.52,20.22,20.32,14140
20100324,R,38.68,38.89,38.32,38.54,5307
20100324,RAI,54.03,54.065,53.65,53.73,7892
20100324,RDC,26.61,27.2,26.51,26.7,28487
20100324,RF,7.68,7.9,7.62,7.85,269896
20100324,RHI,31.53,31.53,30.7,30.86,9525
20100324,RHT,30.29,31.14,30.1,30.7,69008
20100324,RL,84.7,85.15,84.11,84.72,7178
20100324,ROK,56.72,56.77,55.77,55.82,7965
20100324,ROP,57.83,58.06,57.2,57.3,3401
20100324,ROST,54.13,54.26,53.36,53.58,20494
20100324,RRC,47.04,48.19,46.86,47.41,30498
20100324,RRD,21.28,21.4,21.16,21.28,21536
20100324,RSG,28.86,29,28.67,28.84,27359
20100324,RSH,22.49,22.53,22.03,22.09,21775
20100324,RTN,57.19,57.44,56.99,57.11,22362
20100324,S,3.98,4.14,3.92,3.94,1471702
20100324,SAI,19.22,19.28,19.04,19.05,18731
20100324,SBUX,25.89,26,25.24,25.29,121490
20100324,SCG,38,38,37.47,37.59,5143
20100324,SCHW,18.49,18.56,18.2,18.45,85906
20100324,SE,22.39,22.47,22.18,22.29,26304
20100324,SEE,21.68,21.69,21.46,21.47,8852
20100324,SHLD,108.32,108.97,107.68,108.44,5723
20100324,SHW,66.32,66.46,65.56,65.85,8181
20100324,SIAL,53.78,54,53.55,53.79,8279
20100324,SII,42.1,42.75,41.91,42.07,39172
20100324,SJM,61.01,61.25,60.8125,61,7199
20100324,SLB,62.41,63.3082,62.01,62.21,117631
20100324,SLE,14,14.04,13.87,13.88,79311
20100324,SLM,11.59,12.0299,11.5595,11.9,48709
20100324,SNA,43.23,43.2372,42.7,42.93,2595
20100324,SNDK,34.66,35.49,34.31,35.18,108897
20100324,SNI,42.35,43.33,42.25,43.26,9310
20100324,SO,33.33,33.33,33.01,33.03,29223
20100324,SPG,84.16,85.25,83.97,84.51,21626
20100324,SPLS,23.9,24,23.52,23.56,89947
20100324,SRCL,55.41,55.86,54.34,54.71,7564
20100324,SRE,49.94,49.94,49.271,49.57,26026
20100324,STI,26.67,27.3,26.67,27.26,60199
20100324,STJ,40.2,40.69,40.04,40.44,43353
20100324,STR,42.89,43.53,42.84,43.37,13371
20100324,STT,45.86,46.2,45.37,45.37,39752
20100324,STZ,16.28,16.38,16.13,16.22,10449
20100324,SUN,29.91,30.37,29.68,30.19,22202
20100324,SVU,16.81,16.86,16.43,16.59,27599
20100324,SWK,59.98,59.98,58.97,59.1,13690
20100324,SWN,39.61,40.19,39.29,39.42,48076
20100324,SWY,24.44,24.45,24.17,24.26,34875
20100324,SYK,57.89,58.24,57.3801,57.96,26916
20100324,SYMC,16.99,17.05,16.83,16.97,239605
20100324,SYY,29.41,29.46,29.06,29.09,50399
20100324,T,26.42,26.5,26.12,26.26,204228
20100324,TAP,42.97,42.97,42.6799,42.8,12529
20100324,TDC,29.26,29.32,28.8,28.82,12264
20100324,TE,15.82,15.86,15.64,15.65,12089
20100324,TEG,46.21,46.26,45.8,45.89,5193
20100324,TER,11.39,11.39,11.06,11.09,39581
20100324,TGT,53.62,53.83,53.12,53.37,46854
20100324,THC,6.26,6.26,5.92,5.97,149926
20100324,TIE,16.27,16.75,15.92,16.71,98144
20100324,TIF,46.89,47.37,46.63,47.33,23266
20100324,TJX,43.33,43.67,42.98,43.23,28736
20100324,TLAB,7.62,7.64,7.49,7.57,66191
20100324,TMK,53.19,53.29,52.73,52.9,7397
20100324,TMO,50.79,50.85,50.38,50.73,24227
20100324,TROW,55.57,55.75,54.52,55,13825
20100324,TRV,53.86,54.26,53.695,54.06,32181
20100324,TSN,18.43,18.53,18.36,18.44,81644
20100324,TSO,13.68,14.41,13.57,14.29,105758
20100324,TSS,15.54,15.66,15.39,15.47,11504
20100324,TWC,49.01,50.25,48.99,50.1,27441
20100324,TWX,31.21,31.36,31.05,31.25,65123
20100324,TXN,25.31,25.33,24.72,24.79,169292
20100324,TXT,22.28,22.58,22.15,22.28,24703
20100324,UNH,33.14,33.34,32.72,32.72,108344
20100324,UNM,24.08,24.31,23.97,24.18,27522
20100324,UNP,73.49,73.49,72.35,72.91,31634
20100324,UPS,64.54,64.6,63.54,63.77,41277
20100324,URBN,36.16,36.39,35.98,36.29,20892
20100324,USB,26.1,26.45,26.1,26.19,73702
20100324,UTX,72.98,73.54,72.76,73.04,41808
20100324,V,89.6,89.94,88.59,88.75,39029
20100324,VAR,54.77,54.88,54.49,54.75,8390
20100324,VFC,80.57,80.89,79.81,79.91,7740
20100324,VIA,34.59,34.97,34.39,34.91,718
20100324,VLO,20.11,20.76,19.96,20.69,114118
20100324,VMC,49.9,50.73,49.68,49.73,14515
20100324,VNO,75.73,77.05,75.66,76.39,13723
20100324,VRSN,26.36,26.51,26.28,26.37,19494
20100324,VTR,48.42,48.96,48.29,48.65,13926
20100324,VZ,30.9,30.95,30.4,30.46,150085
20100324,WAG,35.87,35.9,35.31,35.4,62444
20100324,WAT,66.49,66.93,65.89,66.91,11822
20100324,WDC,42.01,42.4,41.51,41.69,48013
20100324,WEC,50.36,50.445,49.78,49.89,5006
20100324,WFC,30.84,31.28,30.67,30.86,361854
20100324,WFMI,35.35,35.53,34.91,35.08,34630
20100324,WFR,14.74,14.945,14.54,14.69,59766
20100324,WHR,89.58,89.88,88.72,89.14,7039
20100324,WIN,11.32,11.34,11.21,11.22,39196
20100324,WLP,63.31,64.17,63.09,63.4,51411
20100324,WM,34.57,34.6,33.99,34.36,24153
20100324,WMB,22.67,22.97,22.57,22.87,49572
20100324,WMT,55.85,56,55.43,55.58,86988
20100324,WPI,41.23,41.5,41.04,41.44,12313
20100324,WPO,447.5,448.37,439.7,444.18,371
20100324,WU,17.02,17.04,16.8,16.88,58659
20100324,WY,45.13,45.43,44.85,45,8856
20100324,WYN,24.55,25.02,24.36,24.93,27870
20100324,WYNN,75.53,77.25,75.3,75.81,36339
20100324,X,62.61,64.5299,62.24,63.53,177627
20100324,XEL,21.25,21.2601,21.07,21.08,16463
20100324,XL,18.95,19.12,18.81,18.94,34091
20100324,XLNX,26.92,26.95,25.74,25.81,142735
20100324,XOM,66.57,66.86,66.23,66.5,197547
20100324,XRAY,34.44,34.56,34.19,34.26,5894
20100324,XRX,10.04,10.06,9.85,9.86,88127
20100324,XTO,46.94,47.18,46.82,46.92,85832
20100324,YHOO,16.07,16.2,15.92,16.09,327221
20100324,YUM,38.11,38.28,37.89,37.92,37036
20100324,ZION,22.71,23.43,22.68,23.06,51772
20100324,ZMH,58.19,58.63,57.96,58.05,9937
