20100421,A,36.18,36.39,35.79,36.13,22477
20100421,AA,13.8,13.88,13.56,13.71,321215
20100421,AAPL,258.26,260.25,255.73,259.22,350854
20100421,ABC,30.43,30.59,29.98,30.36,59689
20100421,ABT,52.8,52.95,51.47,51.78,125615
20100421,ADBE,34.85,35.09,34.79,34.92,68961
20100421,ADI,30.9,31.06,29.93,30.29,43651
20100421,ADM,29,29.1,28.65,28.77,51841
20100421,ADP,44.96,45.07,44.75,45.06,24461
20100421,ADSK,32.12,32.5,31.88,32.45,26340
20100421,AEE,26.75,26.92,26.66,26.91,14180
20100421,AEP,33.9,34,33.77,33.95,18451
20100421,AES,11.89,12.275,11.89,12.27,95416
20100421,AET,31.99,32.26,30.94,31.08,80416
20100421,AFL,55.49,55.75,54.14,54.75,23928
20100421,AGN,64.51,64.51,62.28,62.55,24073
20100421,AIG,41.77,42.9,40.5,40.9,241199
20100421,AIV,19.88,20.86,19.83,20.52,21922
20100421,AIZ,35,35.07,34.61,34.94,12463
20100421,AKAM,33.44,33.69,33.19,33.58,25396
20100421,AKS,19.47,19.51,18.51,18.89,192422
20100421,ALL,35.39,35.46,34.56,34.89,59698
20100421,ALTR,26.92,27.48,25.49,26.14,265370
20100421,AMAT,14.46,14.5,14.115,14.43,192281
20100421,AMD,9.8,9.91,9.49,9.78,286692
20100421,AMGN,59.93,60,58.11,58.71,137660
20100421,AMP,48.39,48.57,47.78,48.37,15740
20100421,AMT,42.37,42.37,41.8,42.02,29504
20100421,AMZN,145,149,143.5219,146.43,73743
20100421,AN,19.61,20.81,19.51,20.77,52673
20100421,ANF,47.54,48.02,46.82,47.82,22959
20100421,AON,43.94,44.16,43.755,44.12,11225
20100421,APA,108.11,108.48,107.08,108.06,29990
20100421,APC,74,74.04,71.54,72.58,43960
20100421,APD,76.69,77,76.14,76.67,11118
20100421,APH,47.2,47.83,46.4,46.74,24213
20100421,APOL,64.85,65.93,64.75,65.74,18059
20100421,ARG,63.75,63.89,63.51,63.65,5049
20100421,ATI,52.69,55.41,52.56,55.16,50054
20100421,AVB,93.97,97.07,93.63,95.85,18738
20100421,AVP,33.86,33.95,33.44,33.6,41370
20100421,AVY,37.69,38.1,37.69,38.1,11687
20100421,AXP,46.16,46.38,45.5,45.99,77426
20100421,AYE,22.07,22.19,21.95,21.98,30786
20100421,AZO,179.99,181.32,179.08,181,2491
20100421,BA,71.55,74.65,71.51,74.16,120377
20100421,BAC,18.67,18.91,18.11,18.28,2021599
20100421,BAX,59.77,59.77,58.42,58.95,68947
20100421,BBBY,46.09,46.6,45.86,46.46,29278
20100421,BBT,34.54,35.4,34.51,35.11,77615
20100421,BBY,45.42,46.3289,45.3,46.18,55179
20100421,BCR,87.09,87.54,86.25,86.99,14943
20100421,BDX,79.77,79.92,78.36,78.56,17642
20100421,BEN,118.78,119.53,116.85,117.94,15293
20100421,BF.B,59.25,59.68,59.18,59.32,1844
20100421,BHI,50.39,51.31,49.91,50.89,59495
20100421,BIG,39.23,39.37,38.75,39.23,14218
20100421,BIIB,53.65,53.8,52.4,52.72,43251
20100421,BJS,22.76,23.13,22.56,22.94,62297
20100421,BK,32.11,32.45,31.95,32.22,102984
20100421,BLL,54.4,54.47,53.86,54.2,3085
20100421,BMC,41.02,41.17,40.52,41.14,31757
20100421,BMS,30.87,31.12,30.8,31.07,8079
20100421,BMY,25.41,25.43,24.97,25.1,159275
20100421,BRCM,35.89,36.2,34.82,35.23,86777
20100421,BRK.B,80.2,80.2,78.11,78.87,39838
20100421,BSX,7.31,7.35,7.16,7.23,254773
20100421,BTU,46.55,47.6,46.06,46.6,43442
20100421,BXP,76.93,78.41,76.59,77.94,11144
20100421,C,5.03,5.04,4.82,4.93,9896957
20100421,CA,23.28,23.54,23.22,23.52,32760
20100421,CAG,24.99,25.16,24.9,25.05,30178
20100421,CAH,35.9,35.94,35.465,35.57,28126
20100421,CAM,45.95,46.15,45.14,45.48,33380
20100421,CAT,67.77,67.92,66.7,67.75,63593
20100421,CB,52.77,52.95,51.97,52.34,19620
20100421,CBG,16.86,17.24,16.66,17.11,45583
20100421,CBS,15.91,16.11,15.75,16.1,66798
20100421,CCE,28.18,28.23,28.03,28.1,45974
20100421,CCL,39.65,40.32,39.52,40.23,43125
20100421,CEG,37.19,37.67,37.08,37.47,15492
20100421,CELG,60.82,60.95,58.45,59.07,72193
20100421,CEPH,66.7,66.7,65.19,65.48,24546
20100421,CF,87.5,88.52,86.15,87.64,26835
20100421,CFN,27.73,28.08,27.73,28.07,19397
20100421,CHK,23.91,23.95,23.56,23.68,96262
20100421,CHRW,57.25,61.27,56.99,60,58137
20100421,CI,34.92,35.08,33.81,34,41098
20100421,CINF,29.82,29.86,29.53,29.73,13341
20100421,CL,84.62,84.92,84.21,84.7,20726
20100421,CLF,70.52,70.59,67.5,68.87,61184
20100421,CLX,65.09,65.271,64.89,65.16,8176
20100421,CMA,44.59,45.845,42.54,43.4,99032
20100421,CMCSA,18.5,18.61,18.36,18.53,145007
20100421,CME,320.08,323.715,320.02,322.5,5550
20100421,CMI,67.44,67.9199,65.95,66.74,23560
20100421,CMS,15.82,15.85,15.71,15.77,25607
20100421,CNP,14.34,14.44,14.28,14.38,32133
20100421,CNX,42.9,43.55,42.09,43.15,58738
20100421,COF,44.58,45.06,44.1,44.74,51030
20100421,COG,39.07,39.22,38.62,38.98,14570
20100421,COH,42.36,43.08,42.1,43.04,54866
20100421,COL,64.57,65.99,64.51,65.99,8127
20100421,COP,57.54,57.64,56.57,57.22,90792
20100421,COST,59.43,59.56,59.04,59.51,30331
20100421,CPB,35.96,36.09,35.8,35.93,14934
20100421,CPWR,8.7,8.78,8.64,8.67,18554
20100421,CRM,84.84,85.19,83.95,85.08,15721
20100421,CSC,55.4,55.4,54.83,55.28,8148
20100421,CSCO,27.19,27.4,27.12,27.24,427384
20100421,CSX,55.16,55.942,54.81,55.49,38378
20100421,CTAS,28.19,28.35,28.1,28.33,6202
20100421,CTL,36.37,36.47,36,36.2,23084
20100421,CTSH,52.85,52.87,52.32,52.77,22793
20100421,CTXS,49.24,49.98,49.085,49.83,42695
20100421,CVH,24.49,24.57,23.88,24.06,11210
20100421,CVS,37.24,37.4,36.59,36.9,97476
20100421,CVX,82.3,82.67,81.24,81.92,94167
20100421,D,41.33,41.58,41.28,41.36,29397
20100421,DD,39.29,39.3,38.7,39.07,54519
20100421,DE,60.38,61,59.89,60.5,35335
20100421,DELL,17.1,17.2,16.95,17.17,241001
20100421,DF,16.65,17,16.46,16.54,34069
20100421,DFS,15.85,15.87,15.445,15.66,53640
20100421,DGX,58.41,59.57,57.66,58.03,46926
20100421,DHI,12.77,13.1,12.65,12.98,63332
20100421,DHR,80.72,82.29,80.44,81.47,28354
20100421,DIS,36.39,36.75,36.35,36.56,90396
20100421,DISCA,36.07,36.7,36.07,36.45,31659
20100421,DNB,77.19,77.19,76.6,77.08,1750
20100421,DNR,17.78,17.9,17.5,17.66,42017
20100421,DO,91.32,91.69,89.62,90.3,16290
20100421,DOV,48.2,48.93,48.15,48.89,11835
20100421,DOW,30.44,30.47,29.91,30.31,80861
20100421,DPS,34.05,34.36,33.675,33.79,16325
20100421,DRI,47.13,47.46,46.88,47.4,14759
20100421,DTE,46.21,46.91,46.185,46.82,13575
20100421,DTV,36.01,36.224,35.85,36.09,83697
20100421,DUK,16.32,16.37,16.25,16.3,82417
20100421,DV,72.11,73.23,71.46,72.83,13096
20100421,DVA,65.72,65.72,65.08,65.47,6139
20100421,DVN,67.28,68.22,66.87,67.59,38443
20100421,EBAY,26.4,26.58,25.9,26.29,269257
20100421,ECL,45.88,46.5,45.8,46.38,24262
20100421,ED,44.99,45.29,44.86,45.16,19262
20100421,EFX,35.1,35.34,35.1,35.27,5809
20100421,EIX,34.12,34.38,34.06,34.29,22610
20100421,EK,7.5,7.58,7.36,7.5,53268
20100421,EL,68.5,68.5,66.98,67.63,22661
20100421,EMC,19.85,19.95,19.53,19.85,376376
20100421,EMN,66.47,66.93,66.13,66.69,4906
20100421,EMR,52.04,52.28,51.46,51.91,30593
20100421,EOG,111.31,112.22,110.45,111.87,19884
20100421,EP,11.38,11.39,11.22,11.33,48851
20100421,EQR,41.97,43.53,41.85,42.94,36025
20100421,EQT,43.93,43.955,43.32,43.66,7823
20100421,ERTS,19.92,19.95,19.55,19.75,39464
20100421,ESRX,104.42,104.87,102.94,103.67,19219
20100421,ETFC,1.8,1.86,1.77,1.82,635860
20100421,ETN,78.67,79.19,77.32,78.09,23657
20100421,ETR,81.59,82.19,81.51,82,14655
20100421,EXC,43.92,44.14,43.52,43.6,59884
20100421,EXPD,39.07,40.48,39,40.36,29962
20100421,EXPE,24.975,25.11,24.5,24.63,47040
20100421,F,14.02,14.15,13.92,14.13,1203930
20100421,FAST,54.29,54.5,53.41,54.38,15301
20100421,FCX,80.99,81.05,76.54,78.41,254128
20100421,FDO,38.47,38.99,38.3,38.94,21155
20100421,FDX,91.98,92.5,91.12,91.5,26284
20100421,FE,37.99,38.02,37.63,37.68,41934
20100421,FHN,14.31,14.83,14.26,14.47,52504
20100421,FII,26.59,26.76,26.46,26.62,11702
20100421,FIS,25.52,25.82,25.4,25.57,20011
20100421,FISV,53.19,53.57,52.99,53.51,13974
20100421,FITB,14.9,15.95,14.75,15.15,380654
20100421,FLIR,29.42,29.88,29.23,29.72,25922
20100421,FLR,52.3,52.71,51.78,52.61,21665
20100421,FLS,115.3,116.09,114.61,115.49,5381
20100421,FMC,64.52,64.56,63.83,64.18,6226
20100421,FO,52.76,53.63,52.76,53.22,10266
20100421,FPL,50,50.5,49.9,50.37,36043
20100421,FRX,27.33,27.71,27.295,27.46,70202
20100421,FSLR,132,132.08,128,130.49,22005
20100421,FTI,66.96,67.35,65.97,66.91,11036
20100421,FTR,7.88,7.89,7.78,7.84,45761
20100421,GAS,43.75,43.9,43.57,43.82,2721
20100421,GCI,18.51,18.73,18.29,18.42,55227
20100421,GD,77.02,78.24,76.75,78.05,20412
20100421,GE,19.1,19.18,18.89,19.03,584220
20100421,GENZ,52.8,55.37,52.5,54.45,70298
20100421,GILD,42,42.5,39.9,40.76,732221
20100421,GIS,70.63,70.9,70.42,70.63,20613
20100421,GLW,20.2,20.58,20.15,20.4,115027
20100421,GME,25.36,25.36,24.77,25.14,70750
20100421,GNW,18.59,18.75,18.27,18.55,75725
20100421,GOOG,556.74,560.25,552.16,554.3,23927
20100421,GPC,42.98,43.14,42.71,43.1,7383
20100421,GPS,24.97,25.72,24.97,25.62,65843
20100421,GR,70.96,73.39,70.81,72.5,20413
20100421,GS,161.51,163.14,157,158.93,303856
20100421,GT,14.4,14.66,14.26,14.57,60844
20100421,GWW,107.8,108.15,107.11,107.59,8162
20100421,HAL,33.38,33.97,32.94,33.29,155468
20100421,HAR,49.05,50.19,48.91,50.07,6959
20100421,HAS,40.64,40.73,39.81,40.13,21524
20100421,HBAN,6.16,6.8,6.11,6.59,1180638
20100421,HCBK,14.52,14.65,14.35,14.51,90260
20100421,HCN,43.84,44.79,43.67,44.4,10988
20100421,HCP,31.94,32.45,31.72,32.22,38376
20100421,HD,35.15,35.44,35.09,35.27,195973
20100421,HES,65.18,65.53,64.17,64.75,25602
20100421,HIG,28.79,28.79,28.2,28.75,74114
20100421,HNZ,46.68,46.75,46.38,46.68,28627
20100421,HOG,35.3,35.47,33.96,34.23,76662
20100421,HON,46.49,46.73,46.14,46.69,45154
20100421,HOT,49.25,50.08,49.05,50.05,22293
20100421,HP,40.84,42.48,40.61,42.04,30158
20100421,HPQ,53.4,54.03,53.25,53.7,115864
20100421,HRB,18.07,18.09,17.63,17.72,43052
20100421,HRL,41.74,41.86,41.38,41.54,8914
20100421,HRS,49.96,50.71,49.62,50.66,11102
20100421,HSP,57.27,57.38,56.28,57.05,8389
20100421,HST,15.35,15.78,15.29,15.71,110370
20100421,HSY,44.94,45.23,44.57,44.84,18746
20100421,HUM,45.04,45.47,44.19,44.45,20660
20100421,IBM,129.87,130.27,128.5,128.99,75600
20100421,ICE,112.7,112.88,110.3,111.87,5743
20100421,IFF,50.71,50.84,50.13,50.24,15936
20100421,IGT,19.315,19.46,19.21,19.45,65369
20100421,INTC,24.11,24.13,23.54,23.8,738992
20100421,INTU,35.45,35.75,35.27,35.72,25785
20100421,IP,27.47,28.43,27.47,28.17,76808
20100421,IPG,9.77,9.8,9.48,9.64,99489
20100421,IRM,27.68,27.92,27.58,27.88,9912
20100421,ISRG,366.31,370.709,362.0022,365.98,8022
20100421,ITT,56.66,57.34,56.6,57.03,23325
20100421,ITW,50.84,51.17,50.26,51.05,51432
20100421,IVZ,22.51,22.6,21.72,22.04,40200
20100421,JBL,16.49,16.92,16.48,16.74,53755
20100421,JCI,34.35,34.76,34.01,34.4,69954
20100421,JCP,30.63,30.7,29.78,30.59,75412
20100421,JDSU,13.69,13.75,13.47,13.61,62092
20100421,JEC,47.66,48.34,47.4,48.13,11225
20100421,JNJ,65.98,65.98,65.07,65.39,133557
20100421,JNPR,29.3,30.2,29.23,29.82,289293
20100421,JNS,15.41,15.49,14.935,15.17,34089
20100421,JPM,46.04,46.39,45,45.35,463277
20100421,JWN,42.73,43.87,42.58,43.72,34927
20100421,K,53.56,54,53.52,53.87,22847
20100421,KEY,8.81,9.84,8.78,8.94,754180
20100421,KFT,30.52,30.56,30.175,30.25,141006
20100421,KG,11.51,11.57,11.28,11.42,47931
20100421,KIM,15.11,15.51,15.06,15.31,74716
20100421,KLAC,33.69,33.85,32.88,33.44,29545
20100421,KMB,62.69,63.04,62.5,62.95,27971
20100421,KO,54.57,54.58,54,54.19,96315
20100421,KR,23.4,23.56,23.36,23.5,45484
20100421,KSS,56.14,56.84,56.02,56.34,36222
20100421,L,38.63,38.7,38.19,38.57,17383
20100421,LEG,22.71,23.22,22.68,23.14,25797
20100421,LEN,18.03,18.63,17.9,18.52,62821
20100421,LH,79.42,83,78.93,81,32215
20100421,LIFE,53.06,53.17,52.74,53.07,17577
20100421,LLL,96.76,97.81,96.65,97.54,8753
20100421,LLTC,31.36,31.48,30.5,30.77,60482
20100421,LLY,36.5,36.56,35.8,36.01,113469
20100421,LM,32.36,32.52,31.65,32.16,10826
20100421,LMT,84.84,86.85,84.29,86.25,23722
20100421,LNC,32.6,32.75,31.9439,32.45,26422
20100421,LO,79.04,80,79,79.63,10804
20100421,LOW,26.7,26.79,26.43,26.66,91958
20100421,LSI,6.53,6.56,6.325,6.43,53456
20100421,LTD,27.57,28.09,27.5,28.03,32680
20100421,LUK,27.01,27.21,26.43,26.66,11579
20100421,LUV,13.82,13.82,13.4,13.58,105370
20100421,LXK,38.17,38.57,38.01,38.45,14937
20100421,M,23.08,23.46,22.65,23.44,97411
20100421,MA,262.23,263.35,258.78,260.59,5034
20100421,MAR,34.16,34.72,34.07,34.67,51376
20100421,MAS,17.46,17.65,17.36,17.58,47683
20100421,MAT,23.56,23.69,23.2,23.6,55035
20100421,MCD,70.62,71.19,70.05,70.36,107381
20100421,MCHP,30.67,30.67,29.76,30.14,36655
20100421,MCK,65.98,66.24,65.13,65.51,16581
20100421,MCO,26.81,26.99,25.47,25.69,110919
20100421,MDP,36.67,36.98,36.54,36.92,2508
20100421,MDT,45.05,45.15,44.3901,44.67,59087
20100421,MEE,43.62,44.14,42.6,43.79,57816
20100421,MET,46.92,47.03,45.61,46.29,61590
20100421,MFE,40.67,40.79,40.22,40.34,24739
20100421,MHP,34.76,34.835,34.16,34.43,29695
20100421,MHS,64.55,65.17,64.31,64.79,48466
20100421,MI,9.12,10.66,9.12,9.94,355725
20100421,MIL,106.36,106.36,106.12,106.17,13766
20100421,MJN,51.77,52.45,51.61,51.76,11242
20100421,MKC,39.05,39.3802,38.98,39.17,8030
20100421,MMC,24.9,24.91,24.57,24.78,24190
20100421,MMM,85.44,85.85,85.07,85.7,45228
20100421,MO,21.3,21.61,21.245,21.46,154810
20100421,MOLX,22.54,22.62,22.28,22.36,10278
20100421,MON,67.02,67.07,65.93,66.37,65774
20100421,MOT,7.39,7.4,7.27,7.34,172568
20100421,MRK,36.09,36.18,34.7,34.74,371927
20100421,MRO,32.77,32.9,32.265,32.54,52981
20100421,MS,31.38,32.29,31.09,31.68,446411
20100421,MSFT,31.32,31.5,31.23,31.332,553430
20100421,MTB,85.33,87.5,85.0905,86.28,12833
20100421,MU,10.94,11.08,10.545,10.74,386286
20100421,MUR,61.36,61.57,60.22,60.83,16657
20100421,MWV,27.04,28.03,27.03,27.8,19696
20100421,MWW,16.65,17.03,16.46,16.9,37380
20100421,MYL,21.71,22.12,21.62,22.08,66657
20100421,NBL,78.54,78.88,77.94,78.4,11788
20100421,NBR,20.4,21.11,20.4,21.01,111043
20100421,NDAQ,21.73,21.89,21.57,21.84,37048
20100421,NEM,51.77,52.37,51.22,51.91,52266
20100421,NI,16.46,16.54,16.39,16.41,27451
20100421,NKE,76.4,77.139,76.17,76.72,27002
20100421,NOC,67.17,68.39,66.94,68.37,15057
20100421,NOV,44.06,44.94,44.02,44.45,61907
20100421,NOVL,5.77,5.85,5.76,5.78,14085
20100421,NRG,22.49,22.55,22.19,22.34,38734
20100421,NSC,60.2,60.33,59.68,60.19,22668
20100421,NSM,15.85,15.88,15.13,15.31,88103
20100421,NTAP,34.64,35.31,34.51,35.19,53890
20100421,NTRS,55.27,55.59,54.46,54.73,35442
20100421,NU,27.58,27.66,27.44,27.65,8462
20100421,NUE,45.34,45.56,44.55,45.11,53334
20100421,NVDA,17.12,17.15,16.4,16.6,224059
20100421,NVLS,26.755,27.08,26.2,26.65,37667
20100421,NWL,17.04,17.31,17.02,17.29,42689
20100421,NWSA,15.95,16.05,15.82,15.98,142679
20100421,NYT,12.78,13.24,12.58,12.74,67210
20100421,NYX,32.46,32.81,32.12,32.62,36771
20100421,ODP,8.01,8.17,7.87,8.11,49382
20100421,OI,35.81,36.21,35.39,36.08,11147
20100421,OKE,48.43,48.67,48.29,48.56,3510
20100421,OMC,43.43,43.58,42.57,42.87,51630
20100421,ORCL,26.14,26.33,25.98,26.29,242768
20100421,ORLY,44.33,44.77,43.98,44.67,11288
20100421,OXY,86.45,87.22,85.11,85.88,43067
20100421,PAYX,31.23,31.42,31.13,31.4,18441
20100421,PBCT,16.32,16.35,16.1,16.17,40009
20100421,PBI,25.24,25.29,25.03,25.18,14311
20100421,PCAR,45.13,46.03,45.01,45.75,32476
20100421,PCG,43.03,43.19,42.89,43.14,23530
20100421,PCL,41,42.07,40.9685,41.8,23667
20100421,PCLN,256.19,256.19,250.16,253.15,5858
20100421,PCP,124.47,130.26,124.47,129.81,21602
20100421,PCS,7.62,7.72,7.56,7.66,46671
20100421,PDCO,32.17,32.19,31.89,31.96,5892
20100421,PEG,30.75,30.86,30.59,30.83,17469
20100421,PEP,65.82,66.31,65.61,65.98,65343
20100421,PFE,16.75,16.82,16.44,16.6,685702
20100421,PFG,30.22,30.41,29.65,30.08,29810
20100421,PG,63.21,63.66,63.115,63.63,98584
20100421,PGN,39.37,39.61,39.24,39.38,19802
20100421,PGR,20.76,20.79,20.2,20.34,61896
20100421,PH,68.37,71.17,68.37,71,33681
20100421,PHM,11.49,11.82,11.42,11.77,79167
20100421,PKI,23.92,24.03,23.74,23.94,12791
20100421,PLD,13.85,14.39,13.85,14.16,110634
20100421,PLL,39.25,39.67,39.157,39.6,9186
20100421,PM,51.97,52.87,51.8,51.99,66116
20100421,PNC,64.88,66.49,64.12,65.3,60419
20100421,PNW,38.06,38.35,38,38.3,12831
20100421,POM,16.79,16.97,16.632,16.92,72881
20100421,PPG,70.08,70.68,69.65,70.49,9641
20100421,PPL,27.96,27.96,27.63,27.83,19052
20100421,PRU,65.32,65.7399,63.86,64.85,21905
20100421,PSA,93.35,94.98,93.27,94.38,12355
20100421,PTV,25.75,25.78,25.325,25.56,26282
20100421,PWR,19.76,20.25,19.76,20.19,31329
20100421,PX,88.14,88.14,87.03,87.56,16434
20100421,PXD,63.01,63.63,62.41,63.28,13006
20100421,Q,5.2,5.25,5.16,5.24,284688
20100421,QCOM,43.34,43.39,42.27,42.63,343044
20100421,QLGC,21.12,21.55,21.12,21.52,15514
20100421,R,44.26,46.59,44.25,45.74,18515
20100421,RAI,54.95,55.8,54.89,55.41,13491
20100421,RDC,31.71,31.98,31.3,31.72,28354
20100421,RF,8.62,9.33,8.5,8.79,608497
20100421,RHI,30.69,31.59,30.69,31.04,19153
20100421,RHT,31.16,31.22,30.73,31.1,16845
20100421,RL,91.3,93.08,91.14,92.9,7957
20100421,ROK,60.63,60.83,59.85,60.42,10614
20100421,ROP,61.21,61.61,60.96,61.49,3394
20100421,ROST,56.5,57.52,56.47,57.12,17892
20100421,RRC,48.92,49.53,48.34,49.08,20084
20100421,RRD,21.87,22.59,21.87,22.35,33692
20100421,RSG,30.45,30.61,30.25,30.44,21061
20100421,RSH,23.76,24,23.22,23.86,53892
20100421,RTN,59.46,60.1,59.398,60.01,22516
20100421,S,4.15,4.18,4.06,4.1,565009
20100421,SAI,18.21,18.35,18.14,18.26,47815
20100421,SBUX,25.2,25.42,25,25.39,137329
20100421,SCG,38.99,39.2298,38.85,39.11,4905
20100421,SCHW,19.33,19.55,19.3,19.49,111615
20100421,SE,23.35,23.37,23.11,23.24,21997
20100421,SEE,23.02,23.41,22.96,23.08,15170
20100421,SHLD,107.33,108.58,105.85,108.35,4667
20100421,SHW,73.73,74.685,73.73,74.31,17396
20100421,SIAL,56.3,56.91,55.99,56.9,8497
20100421,SII,45.77,46.19,45.27,45.83,42409
20100421,SJM,63.39,63.5,62.94,63.05,9082
20100421,SLB,67.89,68.5,67.17,68.02,86888
20100421,SLE,14.28,14.3,14.16,14.21,51969
20100421,SLM,12.79,13.12,12.72,13.12,65252
20100421,SNA,48.72,48.93,48.32,48.42,4923
20100421,SNDK,38.14,38.6,36.95,37.59,137570
20100421,SNI,44.17,44.52,44.09,44.32,4105
20100421,SO,34.42,34.55,34.32,34.45,30777
20100421,SPG,84.59,87.24,84.34,86.99,31303
20100421,SPLS,23.93,24.36,23.85,24.31,65648
20100421,SRCL,55.96,55.99,55.36,55.75,6130
20100421,SRE,49.99,50.33,49.94,50.15,12111
20100421,STI,29.67,31.42,29.29,29.72,134911
20100421,STJ,42,42.18,41.33,41.75,66452
20100421,STR,45.98,46.11,45.615,45.86,16707
20100421,STT,45.04,45.05,43.14,43.67,94925
20100421,STZ,18.15,18.36,18.12,18.27,26818
20100421,SUN,30.51,30.64,29.65,30.23,23993
20100421,SVU,16.25,16.42,15.96,16.29,57804
20100421,SWK,61.91,62.05,61.5,62.03,15030
20100421,SWN,41.16,41.5,40.38,40.66,68949
20100421,SWY,26.55,26.85,26.55,26.8,79984
20100421,SYK,57.93,58.44,57.35,57.93,19975
20100421,SYMC,16.99,17.13,16.86,17.11,85902
20100421,SYY,30.49,30.66,30.375,30.5,32743
20100421,T,26.74,26.75,26.14,26.34,447527
20100421,TAP,44.06,44.16,43.91,43.98,5306
20100421,TDC,30.29,30.66,30.21,30.61,10816
20100421,TE,16.63,16.75,16.59,16.73,12564
20100421,TEG,48.6,49.07,48.6,49.04,4325
20100421,TER,12.05,12.462,11.8,12.18,77828
20100421,TGT,56.28,57.83,56.02,56.93,54720
20100421,THC,6.29,6.38,6.16,6.21,83620
20100421,TIE,15.86,16.14,15.54,16,26598
20100421,TIF,49.48,50.6,49.29,50.38,12060
20100421,TJX,46.01,47,45.87,46.86,49499
20100421,TLAB,8.44,8.55,8.3,8.4,46841
20100421,TMK,55.73,55.99,54.5,55.26,5223
20100421,TMO,54.14,54.55,53.14,53.56,53195
20100421,TROW,58.58,58.78,57.47,58.21,13820
20100421,TRV,52.99,53.12,52.405,52.8,38330
20100421,TSN,20.06,20.305,19.98,20.21,50234
20100421,TSO,12.83,12.98,12.55,12.82,74043
20100421,TSS,16.91,16.99,16.19,16.4,37467
20100421,TWC,52.68,52.93,52.35,52.63,12562
20100421,TWX,33.13,33.19,32.79,33.08,93896
20100421,TXN,26.82,26.9,26.06,26.42,104803
20100421,TXT,21.66,22.17,21.58,21.6,56747
20100421,UNH,31.14,31.45,30.09,30.26,137357
20100421,UNM,25.95,26.18,25.34,25.65,28302
20100421,UNP,76.73,77.34,76.32,77.03,25833
20100421,UPS,68.25,68.87,68.08,68.12,38908
20100421,URBN,38.09,38.62,37.89,38.42,17720
20100421,USB,27.59,28.42,27.41,27.94,216624
20100421,UTX,73.63,77.09,73.63,76.93,107062
20100421,V,94.35,94.38,92.86,93.13,28413
20100421,VAR,56.8,56.87,55.47,55.66,10700
20100421,VFC,83.67,84.44,83.47,84.32,5263
20100421,VIA,39.25,39.62,39.1,39.46,398
20100421,VLO,19.6,19.75,19,19.23,110153
20100421,VMC,54.02,54.87,53.67,54.43,13678
20100421,VNO,78,80.18,77.8,79.64,13415
20100421,VRSN,27.18,27.43,27.04,27.39,31852
20100421,VTR,45.54,46.57,45.49,46.08,19945
20100421,VZ,29.79,29.83,29.43,29.56,226575
20100421,WAG,36.02,36.2,35.58,35.87,44194
20100421,WAT,71.26,71.32,69.7205,70.06,10728
20100421,WDC,41.09,41.09,39.7,40.29,61233
20100421,WEC,51.3,51.7,51.17,51.66,7704
20100421,WFC,32.59,34.25,32.51,33.01,962271
20100421,WFMI,38.34,38.36,37.58,37.96,20954
20100421,WFR,15.92,16.15,15.45,15.61,52451
20100421,WHR,95.88,98.95,95.88,98.77,14636
20100421,WIN,11.12,11.13,11.01,11.08,28382
20100421,WLP,59.75,60.015,58.3,58.64,49449
20100421,WM,35.17,35.27,35,35.13,24070
20100421,WMB,23.95,24.06,23.52,23.68,38555
20100421,WMT,54.44,54.57,54.18,54.47,114992
20100421,WPI,43.38,43.38,42.93,43.18,13871
20100421,WPO,542,547.58,538.07,540.06,595
20100421,WU,17.37,17.46,17.3,17.44,60879
20100421,WY,49.95,51.06,49.78,51,28127
20100421,WYN,26.03,26.58,25.97,26.42,19353
20100421,WYNN,87,87.19,84.26,85.93,25864
20100421,X,59.04,59.51,56.579,57.98,154877
20100421,XEL,21.61,21.73,21.58,21.61,22017
20100421,XL,20.08,20.09,19.715,19.89,49062
20100421,XLNX,27.85,28,26.58,27.21,89858
20100421,XOM,69,69.43,68.57,68.92,211202
20100421,XRAY,35.11,35.27,34.94,35.26,12454
20100421,XRX,10.8,10.89,10.55,10.6,136405
20100421,XTO,48.42,48.81,48.14,48.4,73544
20100421,YHOO,17.57,17.78,17.3,17.45,716861
20100421,YUM,43.1,43.37,42.76,43.11,30240
20100421,ZION,27.58,30,27.46,28.87,155784
20100421,ZMH,61.09,61.09,59.855,60.22,25206
