20100603,A,32.34,32.55,31.95,32.4,26973
20100603,AA,11.6,11.6,11.12,11.37,256174
20100603,AAPL,265.2,265.55,260.41,263.12,232199
20100603,ABC,31.78,32.49,31.76,32.08,56393
20100603,ABT,47.75,47.82,47.47,47.73,43438
20100603,ADBE,32.66,33.16,32.65,32.9,88474
20100603,ADI,29.69,30.4,29.69,30.37,61767
20100603,ADM,25.54,25.62,25.34,25.53,29637
20100603,ADP,41.45,42.05,41.33,41.96,36720
20100603,ADSK,29.08,30.02,29.08,29.98,37918
20100603,AEE,24.6,24.93,24.56,24.86,19967
20100603,AEP,32.07,32.35,31.87,32.16,26372
20100603,AES,9.82,10.04,9.68,9.99,84433
20100603,AET,29.67,30.43,29.63,30.42,63804
20100603,AFL,44.77,45.07,43.66,44.46,31536
20100603,AGN,60.25,61.34,60.06,61.24,21576
20100603,AIG,35.19,35.66,34.55,35.2,43265
20100603,AIV,21.16,21.59,20.96,21.29,21713
20100603,AIZ,35.73,36.22,35.46,35.78,14164
20100603,AKAM,41.96,43.5,41.39,43.08,63210
20100603,AKS,15.09,15.21,14.17,14.48,115156
20100603,ALL,30.38,30.48,29.96,30.17,34034
20100603,ALTR,23.88,24.48,23.84,24.47,87079
20100603,AMAT,12.88,13.08,12.79,13.03,199183
20100603,AMD,8.59,8.73,8.36,8.69,225408
20100603,AMGN,55.78,56.03,54.94,55.64,101728
20100603,AMP,40.31,40.57,39.61,40.24,22682
20100603,AMT,41.59,42.595,41.5705,42.48,38771
20100603,AMZN,126.17,129.15,124.85,128.76,52773
20100603,AN,21.47,21.96,21.19,21.32,39836
20100603,ANF,36,37.89,35.98,37.58,68769
20100603,AON,39.58,39.9,39.58,39.81,14032
20100603,APA,90.13,90.6,86.6045,89.6,106866
20100603,APC,46.21,46.25,44.05,46.06,135590
20100603,APD,69.24,69.37,67.81,68.97,12159
20100603,APH,42.04,42.47,41.84,42.25,10859
20100603,APOL,52.08,53.07,51.45,52.85,38008
20100603,ARG,62.72,63,62.47,62.98,14841
20100603,ATI,53.17,53.44,51.0844,51.97,16105
20100603,AVB,98.25,98.25,96.74,97.54,10233
20100603,AVP,26.3,26.48,26.03,26.29,40777
20100603,AVY,33.71,34.48,33.71,34.1,9937
20100603,AXP,41.31,41.37,40.18,40.54,88585
20100603,AYE,20.15,20.72,20.06,20.62,29007
20100603,AZO,192.14,192.99,191.34,192.93,6723
20100603,BA,64.84,64.84,63.51,64.31,37757
20100603,BAC,15.96,16.07,15.6901,15.81,1242290
20100603,BAX,41.84,42.53,41.73,42.19,50472
20100603,BBBY,45.42,45.42,44.63,45.21,24384
20100603,BBT,30.75,30.9799,30.23,30.46,43323
20100603,BBY,40.45,40.78,39.56,40.27,63894
20100603,BCR,81.29,81.45,80.82,81.29,7637
20100603,BDX,72.19,72.88,71.74,72.39,9917
20100603,BEN,97.69,98.03,95.07,95.87,18805
20100603,BF.B,56.88,57.32,56.38,57.12,2821
20100603,BHI,39.83,40.07,37.68,39.38,109020
20100603,BIG,35.25,35.65,34.76,35.21,16882
20100603,BIIB,48.39,49.34,48.09,49.25,30644
20100603,BK,27.31,27.43,26.97,27.28,76250
20100603,BLL,50.31,51.66,50.31,51.5,17055
20100603,BMC,36.93,38.08,36.94,38.03,29269
20100603,BMS,28.76,28.85,28.49,28.76,10908
20100603,BMY,23.18,23.18,22.73,22.88,218182
20100603,BRCM,35.22,35.95,34.98,35.42,119735
20100603,BRK.B,72.4,72.65,71.3,72.34,41228
20100603,BSX,6.15,6.15,5.96,6.03,204176
20100603,BTU,39.52,39.61,37.3,38.46,76389
20100603,BXP,76.53,76.55,75.045,75.66,19136
20100603,C,3.96,4.03,3.93,3.96,7140562
20100603,CA,19.83,20.4,19.79,20.33,50971
20100603,CAG,24.68,24.84,24.61,24.75,33392
20100603,CAH,35.03,35.91,35.03,35.7,35635
20100603,CAM,34.88,34.94,33.18,34.62,83443
20100603,CAT,62.29,62.36,60.42,61.11,89827
20100603,CB,50.59,50.74,50.29,50.6,16073
20100603,CBG,15.87,16.15,15.73,16,44452
20100603,CBS,14.72,14.89,14.585,14.76,102169
20100603,CCE,25.86,26.13,25.77,26.1,47421
20100603,CCL,37.4,37.53,36.69,37.17,28547
20100603,CEG,35.8,36.11,35.57,36.07,19239
20100603,CELG,53.37,53.9,52.5,53.63,32445
20100603,CEPH,58.89,59.2,58.43,58.78,15832
20100603,CERN,82.41,84.66,82.46,84.43,5013
20100603,CF,68.49,68.49,64,65.33,29807
20100603,CFN,25.86,26.09,25.74,25.93,10149
20100603,CHK,23.36,24.99,22.94,24.86,396723
20100603,CHRW,58.06,58.72,57.41,58.04,14457
20100603,CI,33.96,34.86,33.7,34.8,31780
20100603,CINF,27.48,27.57,27.2,27.47,7079
20100603,CL,78.77,79.05,77.84,78.88,21004
20100603,CLF,55.48,55.48,51.6,53.22,61584
20100603,CLX,63.81,64.11,63.55,64.04,11132
20100603,CMA,38.79,39.06,37.82,37.99,17042
20100603,CMCSA,18.34,18.45,18.14,18.4,172644
20100603,CME,323.06,325.2,318.25,323.49,5168
20100603,CMI,71.22,72,69.14,70.54,34278
20100603,CMS,14.64,14.8,14.59,14.76,17152
20100603,CNP,13.57,13.76,13.57,13.72,25510
20100603,CNX,37.01,38.02,35.57,37.93,73516
20100603,COF,41.74,41.93,40.77,41.19,51512
20100603,COG,36.26,37.35,35.11,37.17,27838
20100603,COH,41.76,42.19,41.4,41.95,42824
20100603,COL,58.87,59.13,58.3,58.71,7733
20100603,COP,52.75,52.8,51.52,51.98,138554
20100603,COST,58.13,59.16,57.3,57.93,72204
20100603,CPB,36.61,36.79,36.44,36.65,21921
20100603,CPWR,8.17,8.35,8.13,8.32,18443
20100603,CRM,89.4,95.78,89.27,95.2,66381
20100603,CSC,49.72,50.35,49.58,50.26,14752
20100603,CSCO,23.51,23.77,23.27,23.72,490118
20100603,CSX,53.96,54,52.4,53.02,53107
20100603,CTAS,25.81,26.12,25.68,26.1,9789
20100603,CTL,35.04,35.12,34.72,34.93,55067
20100603,CTSH,50.99,52.37,50.9,52.24,52505
20100603,CTXS,44.3,45.045,44.24,44.86,32613
20100603,CVH,21.17,21.77,21.15,21.75,20272
20100603,CVS,35.16,35.31,34.51,35.06,72187
20100603,CVX,74.66,74.75,73.14,73.91,142801
20100603,D,39.89,40.16,39.69,40.15,33356
20100603,DD,36.49,36.5,35.21,35.78,66354
20100603,DE,60.41,60.86,59.21,59.67,52814
20100603,DELL,13.24,13.96,13.23,13.7625,543109
20100603,DF,10.8,11.065,10.8,11.03,46072
20100603,DFS,13.55,13.55,13.21,13.52,52200
20100603,DGX,52.62,53.12,52.59,52.93,13492
20100603,DHI,12.13,12.21,11.69,11.78,78210
20100603,DHR,81.29,82.25,81.14,81.49,18758
20100603,DIS,34.92,35.1,34.31,34.71,177524
20100603,DISCA,38.9,39.54,38.66,38.88,28059
20100603,DNB,72.78,73.15,72.16,72.99,5174
20100603,DNR,16.56,16.63,15.93,16.62,69656
20100603,DO,61.06,61.06,58.42,60.49,61444
20100603,DOV,45.1,46.05,45.1,45.82,18894
20100603,DOW,26.5,26.628,25.7,26.08,89670
20100603,DPS,38,38.42,37.07,37.2,43904
20100603,DRI,44.06,44.5,43.47,43.81,25918
20100603,DTE,45.84,46.02,45.37,45.9,13421
20100603,DTV,38.27,39.87,37.93,39.68,150317
20100603,DUK,16.03,16.11,15.93,16.05,43138
20100603,DV,57.9,58.09,57.18,57.7,7444
20100603,DVA,64.96,65.65,64.85,65.38,18140
20100603,DVN,65.34,66.54,63.85,66.39,74303
20100603,EBAY,21.44,22.18,21.21,22.18,238743
20100603,ECL,47.68,47.87,47.2,47.64,16452
20100603,ED,42.77,43.145,42.63,42.82,17418
20100603,EFX,29.77,30.01,29.6,29.76,11693
20100603,EIX,32.39,32.86,32.39,32.79,18046
20100603,EK,5.49,5.57,5.33,5.45,48463
20100603,EL,59,59.71,58.99,59.51,18156
20100603,EMC,18.75,19.12,18.61,19.06,237334
20100603,EMN,60.94,61.06,59.41,60.3,7623
20100603,EMR,47.06,47.72,46.75,47.28,29398
20100603,EOG,107.47,109.91,105.12,109.73,36339
20100603,EP,11.35,11.59,11.165,11.59,82275
20100603,EQR,44.54,45.04,43.94,44.31,33322
20100603,EQT,39.48,40.87,39.42,40.78,18047
20100603,ERTS,16.59,16.79,16.36,16.7325,43816
20100603,ESRX,103.31,104.35,102.53,103.18,19999
20100603,ETFCD,14.94,15.4,14.7,15.07,31077
20100603,ETN,70.52,71.78,70.52,71.64,15716
20100603,ETR,74.65,74.94,74.3,74.55,18942
20100603,EXC,38.04,38.51,37.81,38.41,59648
20100603,EXPD,38.49,39,38.3,38.85,14155
20100603,EXPE,21.15,21.4,20.8,21.33,90806
20100603,F,12.01,12.15,11.81,11.96,795686
20100603,FAST,52.05,52.87,51.21,51.97,14913
20100603,FCX,69.7,69.72,65.01,66.17,167066
20100603,FDO,38.19,38.81,38,38.66,78369
20100603,FDX,83.84,84.85,82.66,83.98,21950
20100603,FE,34.99,35.65,34.82,35.57,34296
20100603,FHN,12.64,12.69,12.32,12.4,13771
20100603,FII,21.7,22.29,21.57,22.26,22183
20100603,FIS,27.47,27.74,27.42,27.48,29941
20100603,FISV,46.71,47.85,46.72,47.62,16582
20100603,FITB,13.02,13.17,12.85,13.13,111288
20100603,FLIR,28.51,29.04,28.51,28.77,13857
20100603,FLR,45.93,46.22,44.88,46.09,33958
20100603,FLS,93.61,93.93,91.47,92.99,8443
20100603,FMC,61.15,61.69,60.22,60.88,5875
20100603,FO,48.06,48.33,47.34,47.85,9353
20100603,FPL,50.04,50.32,49.67,50.19,15024
20100603,FRX,25.7,25.92,25.68,25.87,30944
20100603,FSLR,112.66,114.5,110.57,112.96,19116
20100603,FTI,51.72,52,49.25,50.52,35494
20100603,FTR,8.22,8.35,8.12,8.27,59353
20100603,GAS,40.86,41.44,40.8001,41.37,3498
20100603,GCI,14.93,15.09,14.47,14.85,34379
20100603,GD,68.2,69.1,67.65,68.07,22195
20100603,GE,16.41,16.48,16.23,16.45,518423
20100603,GENZ,49.53,49.78,49,49.55,29500
20100603,GILD,35.85,36.32,35.59,35.8975,112025
20100603,GIS,74.56,75.14,74.41,74.74,39440
20100603,GLW,16.95,17.09,16.54,16.81,207409
20100603,GME,22.17,22.735,22.03,22.68,33904
20100603,GNW,15.75,15.89,15.26,15.64,66950
20100603,GOOG,495.5,508,494.7,505.6,36518
20100603,GPC,40.76,41.19,39.91,40.47,13421
20100603,GPS,22.07,22.36,21.53,21.8,108127
20100603,GR,68.83,70.04,68.83,69.78,11568
20100603,GS,144.91,145.25,142.5,144.04,74574
20100603,GT,11.94,12.25,11.83,12.06,29829
20100603,GWW,102.83,104.47,102.32,103.55,6629
20100603,HAL,24.14,24.14,22.9,23.63,316228
20100603,HAR,33.09,33.94,32.25,32.52,12383
20100603,HAS,40.55,40.82,39.55,39.76,23796
20100603,HBAN,6.23,6.25,6.03,6.11,127411
20100603,HCBK,12.91,13.03,12.88,12.9775,63334
20100603,HCN,42.95,43.04,42.39,42.57,11535
20100603,HCP,32.25,32.37,31.66,31.8,29146
20100603,HD,33.9,34.06,33.17,33.43,156515
20100603,HES,52.25,52.8,51.44,52.59,30764
20100603,HIG,25.75,25.9,24.93,25.14,67281
20100603,HNZ,44.99,45.19,44.79,44.95,33096
20100603,HOG,29.56,30.07,28.98,29.23,40291
20100603,HON,43,43.43,42.85,43.26,34650
20100603,HOT,45.96,47.08,45.93,47.04,29414
20100603,HP,38.23,41.15,38.23,40.87,50660
20100603,HPQ,47.45,47.72,47.07,47.48,168390
20100603,HRB,16.21,16.34,16.16,16.33,31628
20100603,HRL,40.98,41.23,40.79,41.21,6190
20100603,HRS,47.39,47.95,47.1,47.75,11970
20100603,HSP,52.17,52.45,51.9,52.34,7029
20100603,HST,14.54,14.98,14.49,14.68,114491
20100603,HSY,48.75,49.61,48.7,49.41,19395
20100603,HUM,47.52,48.4,47.32,48.23,13876
20100603,IBM,127.75,128.22,126.46,127.96,66452
20100603,ICE,122.22,122.49,120.29,121.22,7933
20100603,IFF,44.8,45.11,44.36,44.78,4970
20100603,IGT,19.42,19.94,19.32,19.87,34873
20100603,INTC,21.96,22,21.472,21.9,546154
20100603,INTU,36.23,37,36.16,36.87,39195
20100603,IP,23.09,23.68,22.84,23.39,71894
20100603,IPG,8.13,8.49,8.06,8.31,80058
20100603,IRM,24.51,24.62,24.29,24.5,14658
20100603,ISRG,334.16,339.9999,334.13,337.38,3895
20100603,ITT,48.12,48.51,47.59,47.94,16666
20100603,ITW,46.82,47.04,46.43,46.76,28151
20100603,IVZ,19.13,19.13,18.37,18.72,54409
20100603,JBL,13.67,13.81,13.49,13.75,40323
20100603,JCI,29.25,29.49,28.7,29.16,43413
20100603,JCP,27.29,27.98,26.91,27.07,43368
20100603,JDSU,11.03,11.35,11.015,11.27,60866
20100603,JEC,43.24,43.92,42.82,43.7,38068
20100603,JNJ,59.89,60.15,59.55,59.77,142541
20100603,JNPR,25.26,25.87,25.03,25.81,86505
20100603,JNS,10.59,10.59,10.27,10.45,37667
20100603,JPM,39.86,39.94,38.62,39.1,309569
20100603,JWN,39.26,39.3,38.08,38.52,66581
20100603,K,54.94,55.21,54.88,55.11,16043
20100603,KEY,8.37,8.45,8.12,8.17,116483
20100603,KFT,29.53,29.6,29.06,29.28,137564
20100603,KG,8.14,8.52,8.09,8.48,81039
20100603,KIM,14.44,14.56,14.24,14.41,38835
20100603,KLAC,30.91,31.74,30.91,31.6325,45519
20100603,KMB,61.24,61.45,60.92,61.28,25049
20100603,KO,52.67,53,52.45,52.75,117821
20100603,KR,20.12,20.26,19.79,19.99,71667
20100603,KSS,52.65,53.2,51.59,52.1,57720
20100603,L,32.64,32.72,32.2,32.55,30265
20100603,LEG,23.59,23.72,23.2,23.48,13700
20100603,LEN,16.78,16.79,16,16.28,57590
20100603,LH,76.83,77.64,76.58,76.87,10575
20100603,LIFE,50.08,51.04,50.08,50.89,13305
20100603,LLL,82.84,83.53,82.656,83.33,8684
20100603,LLTC,28.44,28.86,28.24,28.83,41273
20100603,LLY,33.23,33.54,33.17,33.37,51080
20100603,LM,31.42,31.59,30.41,31.2,43006
20100603,LMT,79.81,80.32,79.34,79.71,17978
20100603,LNC,27.21,27.65,26.72,27.28,39802
20100603,LO,72.63,73.38,72.42,73.07,14349
20100603,LOW,24.48,24.7,24.0819,24.44,128687
20100603,LSI,5.4,5.4811,5.36,5.46,59851
20100603,LTD,26.4,27.47,26.13,26.26,86655
20100603,LUK,21.53,21.68,20.85,21.06,16773
20100603,LUV,12.7,12.77,12.41,12.61,89176
20100603,LXK,38.32,38.98,38.09,38.89,19741
20100603,M,22.64,23.06,22.28,22.49,116791
20100603,MA,202.33,203.63,201.25,202,19653
20100603,MAR,33.57,34.46,33.53,34.37,47389
20100603,MAS,12.93,13.06,12.64,12.94,60468
20100603,MAT,21.65,22.02,21.56,21.72,54802
20100603,MCD,67.8,68.25,67.44,67.85,44024
20100603,MCHP,28.03,28.27,27.77,28.23,20193
20100603,MCK,70.5,71.486,70.5,71.28,26635
20100603,MCO,19.84,20.29,19.56,19.69,57516
20100603,MDP,34.02,34.74,33.96,34.6,2858
20100603,MDT,39.28,39.5,38.98,39.23,54542
20100603,MEE,32.78,32.81,30.35,31.57,64867
20100603,MET,41.46,42.03,40.79,41.37,52055
20100603,MFE,32.42,33.34,32.42,33.22,32548
20100603,MHP,27.99,28.08,27.62,28.01,25861
20100603,MHS,58.04,58.97,58.03,58.91,50693
20100603,MI,8.18,8.21,7.89,7.94,56135
20100603,MIL,106.36,106.5,106.33,106.5,17822
20100603,MJN,49.99,50.13,49.19,50.02,17024
20100603,MKC,39.35,39.71,39.29,39.7,7621
20100603,MMC,21.69,21.88,21.6,21.86,27334
20100603,MMM,79.29,79.76,77.66,78.34,78808
20100603,MO,20.52,20.6,20.4,20.59,149100
20100603,MOLX,20.57,21.11,20.57,21.06,15042
20100603,MON,51.14,51.15,50.06,50.51,67788
20100603,MOT,6.83,6.88,6.75,6.87,170648
20100603,MRK,34.43,34.56,33.99,34.29,131101
20100603,MRO,31.56,31.76,31.01,31.74,46813
20100603,MS,27.3,27.39,26.57,26.85,104820
20100603,MSFT,26.54,26.93,26.41,26.86,678393
20100603,MTB,79.6,80.37,77.95,78.96,11947
20100603,MU,9.27,9.46,9.06,9.24,439984
20100603,MUR,52.11,52.25,51.02,52.13,21410
20100603,MWV,23.84,24.04,23.47,23.8,10615
20100603,MWW,14.6,15.13,14.59,14.98,34008
20100603,MYL,18.93,19.11,18.68,18.85,75060
20100603,NBL,62.08,63.67,61.2,63.41,52575
20100603,NBR,20.14,20.7,19.57,20.59,120769
20100603,NDAQ,18.89,18.9,18.6,18.77,22378
20100603,NEM,55.68,55.78,53.84,54.32,64854
20100603,NI,14.91,15.01,14.84,14.96,23862
20100603,NKE,73.2,73.86,72.94,73.63,28392
20100603,NOC,61.05,61.97,60.67,60.93,18542
20100603,NOV,35.78,35.95,34.7321,35.67,76114
20100603,NOVL,5.85,6.05,5.8101,6.03,31653
20100603,NRG,22.91,23.5,22.74,23.42,55390
20100603,NSC,57.01,57.41,56.08,56.8,26981
20100603,NSM,14.35,14.47,14.09,14.3475,58067
20100603,NTAP,38.98,39.41,38.32,38.88,108905
20100603,NTRS,50.77,51.42,50.49,50.93,12477
20100603,NU,25.99,26.435,25.97,26.34,14762
20100603,NUE,43.11,43.2,41.82,42.54,39420
20100603,NVDA,12.49,12.73,12.42,12.7,146595
20100603,NVLS,26.17,26.82,26.02,26.69,30474
20100603,NWL,17.1,17.1903,16.83,17.04,27638
20100603,NWSA,13.32,13.41,12.95,13.19,164849
20100603,NYT,8.95,9.21,8.82,8.93,18117
20100603,NYX,28.75,28.85,28.08,28.44,17734
20100603,ODP,5.76,5.81,5.515,5.71,50493
20100603,OI,30.57,30.57,30.06,30.39,18987
20100603,OKE,44.78,45.41,44.69,45.29,6110
20100603,OMC,38.16,38.45,37.855,38.09,27820
20100603,ORCL,22.7,22.95,22.54,22.84,285836
20100603,ORLY,51.02,51.6,50.81,51.4,14087
20100603,OXY,81.94,83.42,80.2,82.92,70871
20100603,PAYX,28.87,29.14,28.75,29.07,22447
20100603,PBCT,13.96,14.03,13.895,13.92,55690
20100603,PBI,22.4,22.77,22.3099,22.7,23199
20100603,PCAR,41.7,42.75,41.53,42.55,44769
20100603,PCG,41.49,42.01,41.43,41.65,22207
20100603,PCL,35.69,35.84,35.16,35.51,20324
20100603,PCLN,189.41,189.82,182.18,185.11,18164
20100603,PCP,116.41,117.38,115.41,117.02,15776
20100603,PCS,8.69,8.885,8.61,8.86,58329
20100603,PDCO,30.04,30.53,30,30.46,11595
20100603,PEG,31.15,31.51,31.11,31.49,20237
20100603,PEP,63.5,63.65,63,63.37,64483
20100603,PFE,15.24,15.34,15.12,15.2325,342474
20100603,PFG,27.59,27.79,26.99,27.41,19210
20100603,PG,61.97,62.14,61.7,61.8,107397
20100603,PGN,38.48,38.85,38.35,38.74,13404
20100603,PGR,19.65,19.74,19.44,19.63,28229
20100603,PH,62.14,62.36,61.41,61.98,13023
20100603,PHM,10.73,10.81,10.29,10.31,98423
20100603,PKI,22.85,23.07,22.76,23,10164
20100603,PLD,11.03,11.05,10.76,10.93,66341
20100603,PLL,34.33,35.12,34.33,35.03,13385
20100603,PM,45.06,45.36,44.69,45.02,64134
20100603,PNC,63.97,63.99,61.75,62.04,50014
20100603,PNW,35.7,36.035,35.59,35.95,9013
20100603,POM,15.93,16.07,15.84,15.95,38793
20100603,PPG,64.8,65.16,63.45,63.96,17384
20100603,PPL,25.79,25.98,25.59,25.93,23137
20100603,PRU,59.82,60.37,58.72,59.31,33429
20100603,PSA,93.31,93.31,91.48,91.89,9935
20100603,PTV,28.5,28.86,28.4,28.69,14791
20100603,PWR,20.73,21.21,20.7,21.08,25894
20100603,PX,77.56,77.71,75.78,76.45,32288
20100603,PXD,66.03,67.89,64.43,67.51,34161
20100603,Q,5.28,5.31,5.25,5.28,296468
20100603,QCOM,36.25,36.81,35.78,36.47,202955
20100603,QLGC,18.24,18.48,18.11,18.4,23481
20100603,R,44.84,45.37,44.08,44.91,8514
20100603,RAI,53.35,53.35,52.67,53.07,9695
20100603,RDC,25.19,25.28,21.66,23.79,156626
20100603,RF,7.75,7.85,7.59,7.64,131817
20100603,RHI,25.1,25.37,24.87,25.24,23076
20100603,RHT,29.01,30.18,28.82,30.07,28374
20100603,RL,85.63,87.49,85.52,86.34,10366
20100603,ROK,53.82,54.88,53.82,54.75,9918
20100603,ROP,58.41,59.27,58.41,59.19,6126
20100603,ROST,55.01,57.9,55,56.19,37465
20100603,RRC,47.89,51.22,47.67,51.01,56291
20100603,RRD,18.97,18.94,18.61,18.85,13493
20100603,RSG,29.82,29.99,29.66,29.96,18610
20100603,RSH,21.85,22.15,21.62,22.05,38476
20100603,RTN,52.92,53.56,52.77,53.08,23442
20100603,S,5.03,5.08,4.85,4.95,674998
20100603,SAI,17.31,17.79,17.31,17.62,31358
20100603,SBUX,26.54,26.92,26.46,26.86,92290
20100603,SCG,36.73,36.83,36.4,36.75,13419
20100603,SCHW,16.56,16.99,16.39,16.7,226150
20100603,SE,19.81,20.16,19.74,20.11,43587
20100603,SEE,20.71,20.87,20.59,20.83,9362
20100603,SHLD,85.47,85.98,82.79,83.71,7371
20100603,SHW,77.37,77.79,76.32,76.88,8557
20100603,SIAL,52.93,53.39,52.32,53.01,7996
20100603,SII,38.39,38.46,36.47,37.97,77320
20100603,SJM,56.14,56.4199,56.01,56.23,6113
20100603,SLB,57.53,57.53,54.45,56.63,252743
20100603,SLE,14.59,14.701,14.54,14.62,61427
20100603,SLM,11.31,11.82,11.31,11.49,41044
20100603,SNA,44.54,44.9,43.99,44.28,3308
20100603,SNDK,46.81,47.38,45.97,47.1,97322
20100603,SNI,46.64,47.17,46.34,46.56,7145
20100603,SO,32.89,33,32.63,32.83,47893
20100603,SPG,86.43,86.95,85.25,86.13,20302
20100603,SPLS,21.75,22.06,21.69,22.01,98100
20100603,SRCL,59.62,60.02,59.525,59.94,7620
20100603,SRE,45.68,46.18,45.64,46.07,11775
20100603,STI,27.52,27.59,26.68,26.9,50141
20100603,STJ,37.45,38.15,37.38,37.99,23475
20100603,STR,45.01,45.64,44.61,45.5,22570
20100603,STT,38.77,39.09,38.49,38.91,57311
20100603,STZ,16.45,16.59,16.31,16.45,18339
20100603,SUN,29.57,30.67,29.38,30.54,30801
20100603,SVU,13.12,13.27,12.895,13.05,28932
20100603,SWK,57.57,58.52,56.86,57.61,16217
20100603,SWN,40.51,42.5,40.12,42.43,105401
20100603,SWY,22.37,22.64,22.01,22.19,38868
20100603,SYK,53.91,54.35,53.62,54.03,17606
20100603,SYMC,14.2,14.62,14.09,14.6,153782
20100603,SYY,30.24,30.39,29.95,30.18,32162
20100603,T,24.88,24.93,24.61,24.8,235506
20100603,TAP,41.62,42.12,41.39,42.11,17512
20100603,TDC,32.32,33.13,32.05,32.84,32250
20100603,TE,15.44,15.6,15.3901,15.59,19083
20100603,TEG,45.11,45.58,44.89,45.2,8716
20100603,TER,11,11.25,10.92,11.22,58006
20100603,TGT,55.11,55.39,54.04,54.48,58198
20100603,THC,5.04,5.09,4.78,5.03,210342
20100603,TIE,18.29,18.29,17.5302,17.92,32599
20100603,TIF,45.25,45.42,43.76,44.49,28372
20100603,TJX,46.98,47.34,46.055,46.3,62502
20100603,TLAB,8.06,8.096,7.7,7.86,259631
20100603,TMK,52.24,52.75,51.6,52.05,3796
20100603,TMO,52.15,52.45,51.79,52.12,18999
20100603,TROW,49.78,50.03,48.84,49.47,21596
20100603,TRV,49.85,49.99,49.39,49.72,36792
20100603,TSN,17.65,18.11,17.48,18.1,54348
20100603,TSO,11.82,12.13,11.74,12.07,52725
20100603,TSS,14.49,14.88,14.49,14.84,13404
20100603,TWC,55.28,56.08,54.85,55.98,18620
20100603,TWX,31.16,31.35,31,31.3,71791
20100603,TXN,24.81,25.18,24.645,25.04,121507
20100603,TXT,20.57,20.85,20.22,20.65,35770
20100603,UNH,29.92,30.49,29.66,30.46,80647
20100603,UNM,23.44,23.55,23.06,23.26,29883
20100603,UNP,72.97,74.16,72.5,73.22,39556
20100603,UPS,62.75,63.35,62.26,63.01,36196
20100603,URBN,37.94,39.18,37.49,39.15,36073
20100603,USB,24.02,24.1,23.37,23.57,127421
20100603,UTX,67.76,68.25,67.28,67.85,39121
20100603,V,71.93,73.21,71.66,72.84,97840
20100603,VAR,51.26,52.19,51.22,51.85,12030
20100603,VFC,78.01,78.59,77.4603,78.11,7100
20100603,VIA.B,34.44,34.52,33.45,33.65,57488
20100603,VLO,17.88,18.25,17.72,18.2,105459
20100603,VMC,51.28,51.62,50.35,51.43,11515
20100603,VNO,77.86,77.98,76.13,76.93,15094
20100603,VRSN,27.78,29.48,27.75,28.89,87254
20100603,VTR,47.84,48.02,47.24,47.72,20340
20100603,VZ,27.67,27.79,27.47,27.64,159078
20100603,WAG,32.59,33.15,31.86,32.35,76048
20100603,WAT,69.24,70.56,69.17,70.5,8380
20100603,WDC,35.54,36.63,35.35,36.55,75529
20100603,WEC,49.21,49.79,49.08,49.25,11734
20100603,WFC,29.36,29.48,28.52,28.86,308940
20100603,WFMI,40.4,40.76,39.395,39.81,23378
20100603,WFR,11.39,11.62,11.18,11.31,75625
20100603,WHR,103.54,103.87,100.2,101.29,13122
20100603,WIN,10.96,11.03,10.9,11.01,45081
20100603,WLP,52.51,54.56,52.51,54.45,61492
20100603,WM,32.59,32.87,32.47,32.8,22622
20100603,WMB,19.45,20.16,19.31,20.11,77972
20100603,WMT,51.73,52.08,51.48,51.72,105093
20100603,WPI,44.43,44.97,44.28,44.94,8938
20100603,WPO,468,471.01,458.36,464.43,646
20100603,WU,15.82,16.16,15.79,16.15,68671
20100603,WY,42.45,42.75,41.48,41.97,15177
20100603,WYN,23.29,23.65,22.98,23.31,26091
20100603,WYNN,83.51,85,82.37,84.16,19989
20100603,X,46.52,46.65,44,45.28,144138
20100603,XEL,20.52,20.76,20.52,20.71,20680
20100603,XL,17.49,17.54,17.09,17.26,30106
20100603,XLNX,24.65,25.53,24.65,25.24,104800
20100603,XOM,61.23,62.01,60.6,61.56,323855
20100603,XRAY,32.76,33.1952,32.752,33,9630
20100603,XRX,9.22,9.39,9.19,9.27,133808
20100603,XTO,43.12,43.82,42.85,43.53,87369
20100603,YHOO,15.3,15.495,15.155,15.43,284019
20100603,YUM,41.62,42.15,41.54,41.92,39240
20100603,ZION,23.87,24.19,23.15,23.56,45885
20100603,ZMH,55.59,55.67,54.8,55.23,21215
