20100209,A,29.53,29.72,29.18,29.41,36842
20100209,AA,13.36,13.5,13.1,13.28,440230
20100209,AAPL,196.46,197.5,194.75,196.19,226030
20100209,ABC,27.18,27.4,27,27.16,21675
20100209,ABT,53.64,53.98,53.34,53.35,111454
20100209,ADBE,32.48,32.66,31.91,32.31,80476
20100209,ADI,27.21,27.56,26.92,27.12,48412
20100209,ADM,30.16,30.28,29.57,29.91,82412
20100209,ADP,40.83,41.09,40.45,40.7,29482
20100209,ADSK,23.36,23.9,23.24,23.55,50023
20100209,AEE,24.62,24.99,24.51,24.63,19161
20100209,AEP,33.05,33.54,33.03,33.2,34147
20100209,AES,11.92,12.33,11.9,12.13,94196
20100209,AET,29.57,29.7,28,28.97,99612
20100209,AFL,46.7,47.65,45.78,47.06,55774
20100209,AGN,58.59,59.35,58.27,58.75,23361
20100209,AIG,22.38,23.8,22.15,23.14,97105
20100209,AIV,15.42,15.56,15.1,15.48,26382
20100209,AIZ,30.46,30.79,30.19,30.37,11809
20100209,AKAM,25.39,25.5492,24.91,25.27,34566
20100209,AKS,20.56,21.03,20.2679,20.8,106886
20100209,ALL,28.64,28.79,28.23,28.73,28135
20100209,ALTR,21.99,22.17,21.73,21.96,94305
20100209,AMAT,12.29,12.4,12.04,12.15,211236
20100209,AMD,7.59,7.64,7.42,7.54,199780
20100209,AMGN,58.17,58.4,56.7,57.21,187321
20100209,AMP,37.65,38.07,36.99,37.93,34714
20100209,AMT,41.28,41.63,40.83,41.45,41213
20100209,AMZN,118.29,119.09,117,118.03,92271
20100209,AN,17.85,18.06,17.59,17.96,16560
20100209,ANF,32.67,32.93,32.21,32.4,35245
20100209,AON,39.92,40.03,39.61,39.83,17644
20100209,APA,98.55,99.85,97.56,98.51,38438
20100209,APC,63.03,64.34,62.61,63.54,44333
20100209,APD,67.89,68.85,67.4707,67.95,37431
20100209,APH,39.45,39.91,38.98,39.62,8728
20100209,APOL,59.56,59.95,58.7,59.45,26972
20100209,ARG,60.85,61.36,60.51,61.35,37667
20100209,ATI,41.63,42.91,41.2,41.95,26242
20100209,AVB,74.54,74.56,72.56,73.52,13353
20100209,AVP,29.56,29.69,29.07,29.46,53899
20100209,AVY,33.03,33.06,31.91,32.54,19819
20100209,AXP,37.27,37.84,37.02,37.54,106833
20100209,AYE,21.07,21.61,21.02,21.18,32168
20100209,AZO,158.09,159.63,155.87,159.05,4862
20100209,BA,58.62,60.43,58.39,59.74,82508
20100209,BAC,14.67,14.78,14.25,14.47,2515220
20100209,BAX,56.71,57.17,56.09,56.38,31997
20100209,BBBY,38.96,39.26,38.44,39.09,22267
20100209,BBT,27.37,27.61,26.94,27.2,62552
20100209,BBY,35.72,36.33,35.7,35.98,55542
20100209,BCR,81.16,82.25,80.73,81.36,6946
20100209,BDK,68.59,68.98,67.63,68.63,7098
20100209,BDX,75.14,75.66,74.33,75.26,11858
20100209,BEN,97.8,98.42,96.22,97.22,14671
20100209,BF.B,50.2,51.44,50.11,50.8,2938
20100209,BHI,45.37,46.09,45,45.55,60757
20100209,BIG,29.47,29.9,29.24,29.77,7463
20100209,BIIB,53.91,54.88,53.33,54.09,29649
20100209,BJS,20.6,20.99,20.56,20.76,97281
20100209,BK,27.06,27.39,26.76,27.06,73599
20100209,BLL,50.86,50.99,50.15,50.57,8522
20100209,BMC,36.16,36.64,35.97,36.32,18075
20100209,BMS,28,28.27,27.62,28.02,7695
20100209,BMY,24.1,24.405,23.9,24.25,99065
20100209,BRCM,29.27,29.79,28.99,29.54,116225
20100209,BSX,8.22,8.25,8.08,8.23,193291
20100209,BTU,41.39,42.93,41.34,42.37,85095
20100209,BXP,63.65,63.81,62.22,62.81,17137
20100209,C,3.2,3.23,3.11,3.18,4988379
20100209,CA,21.69,21.885,21.56,21.76,39780
20100209,CAG,22.86,23.12,22.765,22.95,31769
20100209,CAH,32.49,32.93,32.36,32.64,23864
20100209,CAM,38.21,39.86,37.8,39.33,53706
20100209,CAT,52.7,54.25,52.55,53.53,154991
20100209,CB,48.01,48.84,47.87,48.54,28802
20100209,CBG,12.46,12.51,12.13,12.28,60540
20100209,CBS,12.98,13.2,12.71,13.03,95561
20100209,CCE,20.13,20.6,20.13,20.34,51104
20100209,CCL,33.46,33.53,32.73,32.8,50750
20100209,CEG,32.17,32.75,32.14,32.28,9959
20100209,CELG,55.69,56.33,55.01,55.5,29267
20100209,CEPH,65.29,66.5,64.64,65.78,16694
20100209,CF,93.57,96.42,93.53,95.8,9043
20100209,CFN,26.48,26.54,25.84,26.25,17501
20100209,CHK,24.68,24.87,24.02,24.51,115952
20100209,CHRW,52.71,53.68,52.11,52.67,27151
20100209,CI,33.49,33.75,32.68,33.48,28638
20100209,CINF,25.67,25.98,25.5,25.78,11697
20100209,CL,79.51,80.6,79.1,80.17,20297
20100209,CLF,41.97,42.77,40.9,42.75,57293
20100209,CLX,60.67,60.98,60.05,60.7,11631
20100209,CMA,33.92,34.27,33.37,34.05,20282
20100209,CMCSA,15.31,15.7,15.27,15.39,243946
20100209,CME,285.09,287.8,280.21,283.18,7558
20100209,CMI,51.17,52.89,51,52.24,26411
20100209,CMS,14.78,14.86,14.61,14.65,25760
20100209,CNP,13.89,14.17,13.8,14.01,51625
20100209,CNX,45.73,47.59,45.54,46.54,44613
20100209,COF,35.17,36.1143,34.86,35.33,54089
20100209,COG,38.33,39.15,38.12,38.38,16019
20100209,COH,34.71,34.84,34.28,34.7,33660
20100209,COL,52.73,53.725,52.43,53.3,9911
20100209,COP,47.95,50.32,47.4,48.49,133467
20100209,COST,58.69,59,58.2,58.76,34868
20100209,CPB,32.94,33.62,32.87,33.32,28235
20100209,CPWR,7.24,7.28,7.08,7.17,25884
20100209,CRM,62.73,64.9,62.68,64.66,22747
20100209,CSC,52.11,52.73,51.72,52.5,12338
20100209,CSCO,23.84,24,23.58,23.89,603397
20100209,CSX,43.69,43.91,42.96,43.08,67156
20100209,CTAS,24.7,24.93,24.42,24.68,11739
20100209,CTL,34.72,35.1401,34.51,34.74,25892
20100209,CTSH,45.2,46.66,44.89,46.49,86954
20100209,CTXS,42.45,43.4095,42.18,43.19,44310
20100209,CVH,23.81,23.99,22.83,23.22,27156
20100209,CVS,33.21,33.25,32.39,32.72,155474
20100209,CVX,70.89,72.03,70.82,71.31,130561
20100209,D,36.5,37.05,36.34,36.57,27056
20100209,DD,32.66,33.14,32.29,32.88,72019
20100209,DE,49.9,51.36,49.73,50.32,58436
20100209,DELL,13.62,13.69,13.39,13.55,210680
20100209,DF,17.46,17.75,17.3,17.64,23725
20100209,DFS,12.92,13.18,12.77,13.03,49381
20100209,DGX,54.99,56.11,54.99,55.68,11483
20100209,DHI,13.08,13.16,12.605,12.98,84932
20100209,DHR,70.92,71.29,70.13,70.89,21439
20100209,DIS,29.89,30.04,29.48,29.84,143767
20100209,DNB,71.76,72.1,70.91,71.04,8461
20100209,DNR,14.5,14.7,14.26,14.48,50407
20100209,DO,89.34,91.34,88.87,90,24276
20100209,DOV,41.55,42.36,41.49,42.06,28091
20100209,DOW,26.54,28,26.405,27.79,203338
20100209,DPS,27,27.125,26.635,26.86,15180
20100209,DRI,37.89,38.59,37.71,38.41,18520
20100209,DTE,41.97,42.58,41.585,42,13156
20100209,DTV,30.92,31.68,30.77,31.14,94345
20100209,DUK,16.42,16.86,16.35,16.56,151685
20100209,DV,60.11,60.35,57.86,58.88,22721
20100209,DVA,60.47,61.5,60.36,61.2,10216
20100209,DVN,67.11,68.46,66.5,67.3,38537
20100209,EBAY,22.77,22.9,22.24,22.37,120611
20100209,ECL,44.02,44.56,43.68,44.16,15748
20100209,ED,43.04,43.8,42.874,43.44,21161
20100209,EFX,31.44,31.81,31.23,31.47,18913
20100209,EIX,32.37,32.95,32.3,32.55,14418
20100209,EK,5.96,6.04,5.85,6,127800
20100209,EL,56.12,56.62,55.56,56.25,25720
20100209,EMC,16.99,17.12,16.86,16.95,216833
20100209,EMN,57.42,58.27,56.68,57.86,8374
20100209,EMR,44.9,46.04,44.62,45.81,70299
20100209,EOG,93.03,95.3,92.38,94.54,26638
20100209,EP,10.05,10.25,9.98,10.14,96576
20100209,EQR,32.84,32.96,32.12,32.4,34566
20100209,EQT,43.03,43.45,42.53,43.02,7668
20100209,ERTS,16.02,16.2799,15.7,15.96,473980
20100209,ESRX,85.39,86.12,84.22,85.24,15291
20100209,ETFC,1.52,1.53,1.48,1.5,369669
20100209,ETN,62.75,64.41,62.13,63.86,26023
20100209,ETR,75.91,76.94,75.54,76.26,21358
20100209,EXC,44.1,44.59,43.89,44.22,44782
20100209,EXPD,33.38,33.98,33.21,33.46,28478
20100209,EXPE,21.77,22.05,21.49,21.88,40073
20100209,F,11.18,11.22,11.02,11.15,832070
20100209,FAST,41.93,42.6,41.56,42.34,13632
20100209,FCX,71.13,72.95,70.79,71.58,252260
20100209,FDO,31.61,31.86,31.39,31.6,20952
20100209,FDX,77.27,79.72,76.96,79.22,46947
20100209,FE,41.45,42.3,41.28,41.74,29094
20100209,FHN,12.69,12.91,12.64,12.82,30596
20100209,FII,24.14,24.32,23.85,24.16,15197
20100209,FIS,23.17,23.44,22.74,22.78,45553
20100209,FISV,45.83,45.96,45.2,45.48,18062
20100209,FITB,11.51,11.68,11.41,11.47,186077
20100209,FLIR,29.63,30.02,29.56,29.78,20726
20100209,FLR,43.09,43.76,42.48,43.28,39712
20100209,FLS,92.71,93.65,91.85,92.81,9452
20100209,FMC,54.2,55.26,53.67,54.91,9893
20100209,FO,41.21,41.52,40.5075,40.92,12569
20100209,FPL,47.18,47.33,46.32,46.46,74021
20100209,FRX,29.18,29.23,28.7,28.98,26803
20100209,FSLR,113.31,114.9,111.25,113.29,25188
20100209,FTI,54.82,56.33,54.28,55.34,13461
20100209,FTR,7.68,7.68,7.51,7.58,34743
20100209,GAS,38.93,39.07,38.37,38.69,4969
20100209,GCI,13.72,14.42,13.72,13.97,76831
20100209,GD,66.95,68.56,66.55,68.04,20084
20100209,GE,15.76,15.89,15.43,15.6,975802
20100209,GENZ,55.02,55.47,54.27,54.87,22674
20100209,GILD,46.61,47,46.05,46.3,94959
20100209,GIS,68.87,69.815,68.87,69.45,18817
20100209,GLW,18,18.18,17.48,17.76,181048
20100209,GME,18.98,19.15,18.27,18.82,110248
20100209,GNW,13.74,14.05,13.46,14,121232
20100209,GOOG,539.11,541.53,535.07,536.44,28286
20100209,GPC,37.26,37.76,37.09,37.57,6145
20100209,GPS,19.86,20,19.74,19.93,83275
20100209,GR,62.51,63.25,61.95,62.69,15606
20100209,GS,152.82,153.53,149.65,152.49,140217
20100209,GT,12.79,13,12.66,12.88,29632
20100209,GWW,99.36,101.08,98.73,100.26,7800
20100209,HAL,28.56,29.68,28.56,29.08,201753
20100209,HAR,38.53,42.06,38.02,41.19,58045
20100209,HAS,34.76,35.28,34.47,35.06,42570
20100209,HBAN,4.67,4.73,4.57,4.65,174369
20100209,HCBK,12.86,12.96,12.66,12.85,68844
20100209,HCN,40.63,40.78,39.99,40.32,18041
20100209,HCP,27.06,27.29,26.7,27.06,44865
20100209,HD,28.87,29.085,28.57,28.87,180586
20100209,HES,58.05,58.94,57.31,57.69,49675
20100209,HIG,23.41,23.82,21.97,22.34,205329
20100209,HNZ,43.44,43.99,43.32,43.67,25361
20100209,HOG,22.61,23.02,22.33,22.73,26339
20100209,HON,37.37,38.24,37.25,37.82,68708
20100209,HOT,36.94,37.68,36.7,37.25,35299
20100209,HPQ,48.1,48.84,47.86,48.12,176219
20100209,HRB,21.12,21.34,20.99,21.12,29548
20100209,HRL,39.02,39.46,38.8775,39.24,3534
20100209,HRS,44.58,45.12,44.04,44.75,6007
20100209,HSP,49.17,50.13,48.99,49.42,7777
20100209,HST,11.13,11.13,10.63,10.77,104491
20100209,HSY,37.24,37.37,37.05,37.2,16939
20100209,HUM,47.35,48.34,46.26,47.92,31311
20100209,IBM,122.65,124.2,122.46,123.21,60449
20100209,ICE,98.25,99.78,97.17,98.87,12496
20100209,IFF,40.32,41.4,39.95,41.08,8423
20100209,IGT,17.81,18.07,17.6,17.62,52060
20100209,INTC,19.63,19.89,19.44,19.65,694540
20100209,INTU,29.54,29.71,29.015,29.31,38769
20100209,IP,22.95,23.3,22.5,22.92,67544
20100209,IPG,6.44,6.5,6.31,6.4,83942
20100209,IRM,22.04,22.18,21.78,21.94,11567
20100209,ISRG,328,329.74,324.14,326.84,3297
20100209,ITT,48.06,48.98,47.85,48.64,15068
20100209,ITW,42.71,43.92,42.61,43.29,32670
20100209,IVZ,18.66,19.17,18.51,18.61,72481
20100209,JBL,14.41,14.58,13.92,14.26,44781
20100209,JCI,28.2,28.6,27.9,28.13,52144
20100209,JCP,24.675,24.92,24.37,24.75,49645
20100209,JDSU,8.28,8.35,8.02,8.15,44794
20100209,JEC,36.74,37.11,36.1801,36.7,17837
20100209,JNJ,62.55,63.47,62.47,62.76,113563
20100209,JNPR,24.94,25.38,24.85,25.12,42503
20100209,JNS,11.89,12.02,11.61,11.83,36434
20100209,JPM,38.19,38.7,37.8399,38.39,451796
20100209,JWN,34.51,34.75,33.99,34.11,44907
20100209,K,52.29,52.88,52.14,52.49,21925
20100209,KEY,6.93,7.03,6.84,6.92,126379
20100209,KFT,28.48,29.01,28.41,28.9,245552
20100209,KG,11.41,11.55,11.28,11.44,32000
20100209,KIM,12.75,12.89,12.555,12.8,100049
20100209,KLAC,29.18,29.54,28.76,29.17,35398
20100209,KMB,59.46,59.94,59.06,59.62,22778
20100209,KO,53.69,54.98,53.37,54.01,157479
20100209,KR,21.28,21.41,21.21,21.37,50717
20100209,KSS,49.72,50.2,49.2,49.85,45496
20100209,L,35.13,35.44,34.85,35.22,20608
20100209,LEG,18.59,18.81,18.38,18.66,12128
20100209,LEN,15.39,15.67,15.03,15.6,53248
20100209,LH,70.52,70.97,70,70.15,14158
20100209,LIFE,47.52,48.38,47.52,47.82,16002
20100209,LLL,85.24,86.62,84.58,86.01,9058
20100209,LLTC,26.81,27,26.46,26.67,41843
20100209,LLY,35.03,35.47,34.855,35.2,102615
20100209,LM,24.83,25.25,24.5,25.08,22681
20100209,LMT,75.17,75.99,74.7,75.45,36977
20100209,LNC,24.5,25.2,23.84,24.5,105336
20100209,LO,74.66,75.12,73.97,74.91,21646
20100209,LOW,22.02,22.07,21.66,21.84,165628
20100209,LSI,5.23,5.34,5.16,5.28,122833
20100209,LTD,20.23,20.45,19.98,20.34,52635
20100209,LUK,22.22,22.4,21.74,22,9046
20100209,LUV,11.35,11.85,11.35,11.65,135987
20100209,LXK,32.47,33.5,32.15,33.16,39869
20100209,M,16.47,16.88,16.32,16.71,96636
20100209,MA,228.59,228.65,223,223.45,16493
20100209,MAR,26.37,26.45,25.99,26.12,42931
20100209,MAS,14.34,14.62,14.07,14.45,46548
20100209,MAT,20.33,20.64,20.15,20.51,51985
20100209,MCD,63.16,63.85,62.77,63.57,101314
20100209,MCHP,26.47,26.68,26.01,26.41,35018
20100209,MCK,58.37,59.24,58.37,58.75,16931
20100209,MCO,26.75,27.02,26.53,26.76,34644
20100209,MDP,29.88,30.2,29.53,30.02,1782
20100209,MDT,42.16,42.87,42,42.36,64098
20100209,MEE,39.45,40.79,39.27,40.05,53653
20100209,MET,34,35.73,33.4,35.15,163398
20100209,MFE,37.45,37.79,37.11,37.44,15312
20100209,MHP,34.01,34.33,33.61,34.01,22029
20100209,MHS,60.71,62.03,60.61,61.25,30932
20100209,MI,6.31,6.55,6.255,6.33,95084
20100209,MIL,68.88,69.3,68.3595,69.11,3464
20100209,MJN,46.34,47.03,45.915,46.6,15690
20100209,MKC,35.74,35.98,35.4,35.85,7067
20100209,MMC,22.02,22.3,21.97,22.19,21757
20100209,MMM,78.28,79.41,77.9,78.72,42525
20100209,MO,19.54,19.58,19.23,19.46,169649
20100209,MOLX,19.87,20.0501,19.575,19.9,11257
20100209,MON,75.7,77.6,75.4,75.72,69542
20100209,MOT,6.65,6.72,6.49,6.54,350572
20100209,MRK,36.92,37.17,36.32,36.47,171432
20100209,MRO,28.44,28.95,28.23,28.62,70886
20100209,MS,26.91,27.3,26.59,27.13,195173
20100209,MSFT,27.97,28.34,27.75,28.01,591957
20100209,MTB,71.99,72.99,71.37,71.99,5958
20100209,MU,9.14,9.28,8.84,9.08,208477
20100209,MUR,50.87,52.03,50.51,51.52,21080
20100209,MWV,23.09,23.65,22.79,23.2,18191
20100209,MWW,14.42,14.62,13.905,14.16,26563
20100209,MYL,17.88,17.96,17.54,17.68,59533
20100209,NBL,73.64,75.64,73.45,74.43,12568
20100209,NBR,21.97,22.71,21.688,22.29,84869
20100209,NDAQ,18.32,18.52,18.06,18.2,57462
20100209,NEM,45.17,46.07,44.85,45.82,126852
20100209,NI,14.71,15.01,14.66,14.81,35037
20100209,NKE,61.78,63.1,61.67,62.51,23595
20100209,NOC,58.57,59.96,58.18,59.55,27206
20100209,NOV,42.25,43.58,42.18,42.68,76527
20100209,NOVL,4.78,4.9,4.71,4.84,43748
20100209,NRG,21.86,22.27,21.74,21.89,43630
20100209,NSC,47.27,47.75,46.93,47.14,18984
20100209,NSM,13.95,14.04,13.68,13.84,47943
20100209,NTAP,30.92,31.18,30.41,31.01,66108
20100209,NTRS,50.48,50.92,49.6,50.08,18690
20100209,NU,25.01,25.24,24.86,25.04,9264
20100209,NUE,40.38,40.98,39.88,40.46,50443
20100209,NVDA,16.43,16.53,15.9,16.06,232539
20100209,NVLS,21.79,21.96,21.43,21.78,24356
20100209,NWL,13.74,13.88,13.58,13.84,37760
20100209,NWSA,12.93,13.07,12.665,12.91,242051
20100209,NYT,11.87,11.99,11.34,11.67,46019
20100209,NYX,23.7,24.33,23.17,23.65,62253
20100209,ODP,5.49,5.7,5.35,5.64,60088
20100209,OI,26.64,27,26.34,26.59,29075
20100209,OMC,35.05,35.54,34.96,35.25,37998
20100209,ORCL,23.47,23.72,23.25,23.51,340841
20100209,ORLY,38.7,39.06,38.28,38.88,11058
20100209,OXY,77.4,78.9,76.48,77.91,80692
20100209,PAYX,29.21,29.35,28.89,29.11,28771
20100209,PBCT,15.4,15.61,15.31,15.51,36130
20100209,PBG,37.29,37.59,37.21,37.43,29057
20100209,PBI,22.32,22.39,22.05,22.28,29576
20100209,PCAR,34.49,35.49,34.33,34.95,29490
20100209,PCG,41.61,42.19,41.36,41.39,32690
20100209,PCL,35.56,35.77,35.07,35.54,19591
20100209,PCLN,203.26,206.33,203.23,205.38,9918
20100209,PCP,106.93,108.73,105.465,108.01,11016
20100209,PCS,5.94,6.05,5.83,6.01,61711
20100209,PDCO,29.1,29.4,28.71,29.16,11937
20100209,PEG,29.74,30.23,29.6,29.89,31323
20100209,PEP,59.29,60.48,59.29,60.05,79415
20100209,PFE,17.87,18.15,17.65,17.88,709771
20100209,PFG,21.64,22.82,20.89,21.45,63654
20100209,PG,61.38,62,61.01,61.76,114270
20100209,PGN,38.34,38.6,37.99,38.19,22751
20100209,PGR,16.39,16.5,16.22,16.37,31932
20100209,PH,55.33,56.4,54.88,55.75,16509
20100209,PHM,11.07,11.25,10.63,11.08,175603
20100209,PKI,21.19,21.19,20.82,20.89,22242
20100209,PLD,12.3,12.57,12.115,12.31,68201
20100209,PLL,33.97,34.37,33.7,34.08,6324
20100209,PM,45.93,47,45.7,46.85,87423
20100209,PNC,51.49,52.08,50.46,51.06,92280
20100209,PNW,34.99,35.46,34.79,35.16,11546
20100209,POM,16.08,16.34,15.972,16.09,16071
20100209,PPG,58.37,59.53,57.94,59.16,15321
20100209,PPL,29.05,29.4,28.77,28.97,29404
20100209,PRU,47.81,49.28,47.26,48.36,49670
20100209,PSA,76.77,76.98,75.34,75.81,14727
20100209,PTV,22.57,22.89,22.23,22.65,33888
20100209,PWR,17.56,17.77,17.31,17.6,25158
20100209,PX,75.04,75.77,73.85,75.19,29506
20100209,PXD,45.28,46.85,44.86,46.31,24687
20100209,Q,4.36,4.37,4.23,4.27,341137
20100209,QCOM,37.93,38.29,37.64,37.91,285856
20100209,QLGC,16.98,16.99,16.55,16.76,25229
20100209,R,33.34,33.85,33.04,33.4,6878
20100209,RAI,51.92,52.06,50.755,51.8,17388
20100209,RDC,21.91,22.37,21.79,22.17,28150
20100209,RF,6.32,6.45,6.2496,6.29,219061
20100209,RHI,26.67,26.91,26.38,26.62,20846
20100209,RHT,27.5,27.81,27.01,27.41,16916
20100209,RL,78.29,79.44,78.13,78.59,15142
20100209,ROK,48.89,50.07,48.3,49.5,18990
20100209,ROP,52.4,52.91,51.815,52.24,7469
20100209,ROST,45.72,45.9,45.14,45.54,19543
20100209,RRC,47.17,48.04,46.81,47.53,33968
20100209,RRD,19.3,19.4,18.905,19.2,15514
20100209,RSG,25.84,26.14,25.63,25.87,19574
20100209,RSH,19,19.34,18.74,19.3,25572
20100209,RTN,53.24,53.97,52.95,53.41,26354
20100209,RX,21.81,21.89,21.81,21.87,46205
20100209,S,3.6,3.65,3.51,3.65,571192
20100209,SAI,18.57,18.57,18.26,18.51,25320
20100209,SBUX,22.14,22.3,21.655,22.19,104081
20100209,SCG,34.92,35.4,34.84,35.01,5215
20100209,SCHW,17.88,17.98,17.44,17.5,160208
20100209,SE,21.14,21.41,20.98,21.02,54013
20100209,SEE,19.41,19.67,19.12,19.44,17355
20100209,SHLD,91.17,91.8,89.2,90.4,16797
20100209,SHW,63.64,64.41,63.4675,63.77,16056
20100209,SIAL,47.49,48.55,47.36,48.25,9423
20100209,SII,30.72,31.71,30.49,31.05,57999
20100209,SJM,59.92,60.76,59.75,60.04,6383
20100209,SLB,63.13,64.99,63,63.76,91634
20100209,SLE,12.5,12.8,12.48,12.65,89915
20100209,SLM,10.53,10.79,10.5,10.72,40091
20100209,SNA,40.57,41.16,40.34,41.01,4750
20100209,SNDK,26.85,27.04,25.955,26.76,111360
20100209,SNI,42.52,44.28,42.42,43.76,7733
20100209,SO,31.28,31.6,31.16,31.29,42179
20100209,SPG,71.43,71.86,70.25,70.59,49801
20100209,SPLS,23.45,24.03,23.2,23.88,94319
20100209,SRCL,51.52,52.02,51.22,51.55,6525
20100209,SRE,49.5,50.18,49.23,49.59,11662
20100209,STI,22.61,23.07,22.4,22.69,57734
20100209,STJ,37.56,37.92,37.19,37.7,25156
20100209,STR,40.37,41.13,40.09,40.65,12464
20100209,STT,43.5,44.36,43.32,44.22,84710
20100209,STZ,15.17,15.33,14.96,15.2,15097
20100209,SUN,25.41,26,25.278,25.84,23304
20100209,SVU,14.56,14.855,14.49,14.8,36052
20100209,SWK,54.29,54.5898,53.47,54.22,15947
20100209,SWN,42.33,43.29,42.05,42.64,42054
20100209,SWY,22.09,22.33,22.02,22.23,42000
20100209,SYK,51.96,52.45,51.53,51.91,19108
20100209,SYMC,17.19,17.21,16.8539,17.06,136852
20100209,SYY,27.26,27.56,27.2,27.33,39859
20100209,T,25.18,25.42,25.05,25.26,349397
20100209,TAP,41.51,41.63,39.76,39.98,37523
20100209,TDC,28.3,28.65,28.03,28.25,7494
20100209,TE,14.94,15.23,14.85,14.98,33819
20100209,TEG,41.22,41.76,40.96,41.1,5269
20100209,TER,9.5,9.53,9.2,9.32,61373
20100209,TGT,49.15,49.7,48.78,49.14,46283
20100209,THC,5.07,5.18,5,5.15,64560
20100209,TIE,11.09,11.41,11.01,11.23,45676
20100209,TIF,40.35,40.35,39.34,40.07,24243
20100209,TJX,38.13,38.15,37.69,37.91,29135
20100209,TLAB,6.43,6.545,6.35,6.44,46445
20100209,TMK,44.6,45.04,43.42,44.28,8411
20100209,TMO,47.08,47.95,47.03,47.68,30856
20100209,TROW,48.6,49.39,47.89,48.69,18443
20100209,TRV,49.54,49.75,48.88,49.57,53553
20100209,TSN,15.16,15.53,15.12,15.41,68841
20100209,TSO,11.93,12.15,11.69,12,67596
20100209,TSS,14.57,14.65,14.39,14.56,26390
20100209,TWC,44.59,45.46,44.31,45.03,24158
20100209,TWX,27.19,27.76,27.07,27.41,99386
20100209,TXN,23.33,23.66,23.27,23.38,174955
20100209,TXT,19.09,19.27,18.68,18.9,38249
20100209,UNH,32.72,33.06,32,33,112364
20100209,UNM,19.04,19.38,18.78,19.01,33931
20100209,UNP,61.84,62.55,61.38,61.74,22561
20100209,UPS,57.35,58.18,56.9,57.41,52627
20100209,URBN,31.38,31.97,31.06,31.85,44973
20100209,USB,23.63,23.86,23.26,23.49,137427
20100209,UTX,66.2,67.11,65.71,66.52,52774
20100209,V,83.69,84.1312,82.7,83.27,44921
20100209,VAR,47.78,48.4299,47.55,47.88,9698
20100209,VFC,71.77,72.71,71.75,72.51,5851
20100209,VIA,30.08,30.73,29.96,30.49,607
20100209,VLO,18.07,18.29,17.83,18.1,88169
20100209,VMC,42.98,43.3,41.8,42.63,38448
20100209,VNO,63.64,64.05,61.98,63.01,24077
20100209,VRSN,23.27,23.32,22.86,23,43051
20100209,VTR,41.6,41.7,40.79,41.08,13833
20100209,VZ,28.7,29.08,28.69,28.75,239683
20100209,WAG,33.55,33.84,33.41,33.61,72491
20100209,WAT,58.51,59,57.9,58.2,8297
20100209,WDC,40.41,40.86,39.81,40.38,44883
20100209,WEC,48.55,48.645,47.985,48.1,13323
20100209,WFC,26.89,27.14,26.37,26.71,468452
20100209,WFMI,27.87,28.3601,27.74,28.24,44905
20100209,WFR,12.36,12.46,12.1,12.29,50639
20100209,WHR,76.8,78.23,75.18,77.88,17249
20100209,WIN,10.12,10.23,10.06,10.12,39318
20100209,WLP,62.15,62.29,60.44,61.45,77470
20100209,WM,31.66,32.17,31.56,32.06,20180
20100209,WMB,20.84,21.4,20.74,21.06,106026
20100209,WMT,53.21,53.62,52.82,53.25,108251
20100209,WPI,37.95,38.38,37.73,38.1,8601
20100209,WPO,419,419.5,414.75,415.36,275
20100209,WU,16.35,16.51,15.93,16.14,194611
20100209,WY,39.82,40.26,39.02,39.79,20448
20100209,WYN,21.08,21.4,20.745,21.22,28005
20100209,WYNN,62.07,62.59,60.6,61.63,18384
20100209,X,45.45,46.5,44.95,46.01,217818
20100209,XEL,20.12,20.41,20.085,20.2,33035
20100209,XL,16.76,17.05,16.55,17.02,39772
20100209,XLNX,23.77,24.16,23.59,23.81,80056
20100209,XOM,65.11,65.71,64.56,65.2,362455
20100209,XRAY,33.46,34.03,33.17,33.94,16435
20100209,XRX,8.53,8.55,8.2,8.38,272852
20100209,XTO,45.5,45.93,45.11,45.63,130205
20100209,YHOO,15.21,15.24,14.94,15.07,167168
20100209,YUM,32.9,33.21,32.49,33.07,77185
20100209,ZION,18.31,18.65,17.99,18.21,47848
20100209,ZMH,55.89,56.53,55.57,56.08,15189
